0.	10000.	1.9884700000000002e27	0.	14261.239580057216
0.00007449209117647076	9977.57578705309	1.9889776691089264e27	1.0636819974742382	14296.208480960679
0.0001489841823529415	9957.172740455642	1.9895378564031436e27	2.12980294875152	14326.950598931384
0.00022347627352941227	9937.928048682765	1.9901288060378773e27	3.1981149646825804	14355.126790099665
0.000297968364705883	9918.959714125527	1.9907436904880788e27	4.26847396159014	14382.3233444401
0.0003724604558823538	9900.109291715838	1.9913861124698265e27	5.340835427904187	14408.822055427163
0.00044695254705882454	9881.402636080806	1.9920561115475225e27	6.415142493356392	14434.593536683538
0.0005214446382352953	9862.71365055587	1.9927524437063514e27	7.491348076713972	14459.820371140686
0.000595936729411766	9843.959288691245	1.9934737566446515e27	8.569416513575764	14484.622770090313
0.0006704288205882368	9825.097031571002	1.9942187933490835e27	9.64931883210995	14509.064560436085
0.0007449209117647076	9806.108672332295	1.9949864000501938e27	10.7310294600611	14533.176716972224
0.0008194130029411783	9786.98823653301	1.9957755138860705e27	11.814524475427636	14556.97421643835
0.0008939050941176491	9767.736660050981	1.996585152877916e27	12.899780706817136	14580.463308662942
0.0009683971852941199	9748.358372593237	1.9974144087480096e27	13.986775274114406	14603.646031661709
0.0010428892764705905	9728.8596130835	1.998262441507988e27	15.07548536239724	14626.52234528021
0.0011173813676470614	9709.247375801715	1.9991284747130343e27	16.165888119194765	14649.091449967687
0.001191873458823532	9689.528986691927	2.000011791050531e27	17.257960617618735	14671.352210538309
0.0012663655500000028	9669.711598874772	2.0009117281245815e27	18.35167985526944	14693.303772232586
0.0013408576411764737	9649.802190428454	2.0018276744022963e27	19.44702277154892	14714.94546190015
0.0014153497323529443	9629.80729707198	2.002759065343796e27	20.543966274832748	14736.277105701303
0.0014898418235294152	9609.7331063113	2.0037053797281198e27	21.642487271638736	14757.29884500816
0.001564333914705886	9589.58532131346	2.0046661361930471e27	22.742562697273005	14778.011293402644
0.0016388260058823566	9569.3692721329	2.005640890001031e27	23.84416954361431	14798.415359588265
0.0017133180970588275	9549.089832914879	2.0066292300314022e27	24.947284885090987	14818.512345530886
0.0017878101882352981	9528.751542220974	2.007630776010231e27	26.05188590195743	14838.303776024039
0.0018623022794117688	9508.358534379626	2.0086451759424563e27	27.157949899513422	14857.79148597296
0.0019367943705882397	9487.914662030887	2.009672103768148e27	28.26545432574547	14876.977459187114
0.0020112864617647104	9467.423442325176	2.0107112572057987e27	29.37437678483912	14895.86390158962
0.002085778552941181	9446.888148668027	2.0117623557859872e27	30.48469504953877	14914.453127587365
0.0021602706441176517	9426.311796576578	2.012825139052553e27	31.596387070207324	14932.747584847406
0.002234762735294123	9405.697189665572	2.01389936491789e27	32.70943098262584	14950.74980337524
0.0023092548264705935	9385.046943317418	2.0149848081704506e27	33.823805113620175	14968.462375241223
0.002383746917647064	9364.363490537171	2.016081259102998e27	34.93948798529512	14985.887955445414
0.002458239008823535	9343.649131734071	2.017188522268138e27	36.05645831819802	15003.029211030082
0.0025327311000000055	9322.906022749174	2.0183064153396447e27	37.17469503270292	15019.888845428444
0.0026072231911764767	9302.13621641645	2.019434768080892e27	38.294177251323426	15036.469557587197
0.0026817152823529473	9281.341668917175	2.020573421381192e27	39.41488429669663	15052.774044567897
0.002756207373529418	9260.524249562917	2.0217222264043414e27	40.53679569306964	15068.80500121909
0.0028306994647058887	9239.685772586261	2.0228810437790625e27	41.6598911636793	15084.5650898055
0.0029051915558823594	9218.827991045517	2.024049742879264e27	42.78415062972981	15100.056959179965
0.0029796836470588305	9197.95261948462	2.0252282011600219e27	43.909554208781316	15115.28322858995
0.003054175738235301	9177.061346386223	2.026416303539379e27	45.036082212167116	15130.246479273603
0.003128667829411772	9156.155835271906	2.0276139418349414e27	46.16371514231688	15144.94926770182
0.0032031599205882425	9135.237746182791	2.0288210142543293e27	47.29243369095924	15159.39410645892
0.003277652011764713	9114.308737250454	2.0300374249063868e27	48.422218735251626	15173.583472391856
0.003352144102941184	9093.370472045222	2.0312630833656975e27	49.55305133549658	15187.519809415062
0.003426636194117655	9072.424637016866	2.0324979042723952e27	50.68491273276372	15201.205514446574
0.0035011282852941256	9051.472939346972	2.033741806946243e27	51.817784345289965	15214.642951372189
0.0035756203764705963	9030.517118351043	2.0349947150447258e27	52.95164776617824	15227.834446088718
0.003650112467647067	9009.5589507758	2.0362565562313915e27	54.086484759643206	15240.782286035086
0.0037246045588235376	8988.600260532388	2.037527261887514e27	55.2222772597405	15253.488723348248
0.0037990966500000087	8967.642920911805	2.0388067668218327e27	56.35900736663467	15265.955976015792
0.0038735887411764794	8946.688864940406	2.0400950090168433e27	57.49665734454538	15278.186226941674
0.00394808083235295	8925.740086717551	2.041391929380073e27	58.63520961902173	15290.181628732753
0.004022572923529421	8904.798648399437	2.0426974715163887e27	59.77464677451352	15301.944304421211
0.0040970650147058914	8883.866685904002	2.0440115815280904e27	60.9149515535309	15313.476350588766
0.004171557105882362	8862.946413810096	2.045334207793212e27	62.05610685272379	15324.77983791378
0.004246049197058833	8842.040129968185	2.0466653008012018e27	63.19809572303805	15335.856811491856
0.0043205412882353035	8821.150220535645	2.0480048129602577e27	64.34090136644475	15346.709296816767
0.004395033379411775	8800.279164446425	2.0493526984365354e27	65.48450713519222	15357.339300367608
0.004469525470588246	8779.429535590172	2.0507089130027096e27	66.62889653076549	15367.748811606149
0.004544017561764716	8758.604008662352	2.0520734138711656e27	67.77405320108112	15377.939807193394
0.004618509652941187	8737.805364279995	2.0534461595809712e27	68.91996094212038	15387.9142515737
0.004693001744117658	8717.036490141365	2.054827109850515e27	70.06660369575313	15397.674099316031
0.004767493835294128	8696.300385700773	2.0562162254416004e27	71.21396554818328	15407.221299131877
0.004841985926470599	8675.600165884598	2.0576134680652652e27	72.36203073192931	15416.557795713354
0.00491647801764707	8654.939061912562	2.059018800238243e27	73.51078362301733	15425.685532058817
0.00499097010882354	8634.320426901444	2.0604321852002162e27	74.66020874303706	15434.606451856882
0.005065462200000011	8613.747735811852	2.0618535868004339e27	75.81029075847232	15443.322503580397
0.005139954291176482	8593.224589650543	2.0632829693955087e27	76.96101448093842	15451.83564057096
0.005214446382352953	8572.754716498112	2.0647202977586542e27	78.1123648676664	15460.147824821577
0.005288938473529424	8552.341972369642	2.066165536997337e27	79.26432702305578	15468.261030261236
0.005363430564705895	8531.990344381178	2.0676186524552114e27	80.41688619850257	15476.17724358681
0.005437922655882365	8511.70394966631	2.0690796096360285e27	81.57002779403544	15483.898467281946
0.005512414747058836	8491.487036896004	2.0705483741309e27	82.72373735973959	15491.426722383723
0.005586906838235307	8471.343986003429	2.072024911536047e27	83.878000596912	15498.76405069558
0.005661398929411777	8451.279308086252	2.0735091873852465e27	85.03280335971017	15505.91251589931
0.005735891020588248	8431.29764382587	2.0750011670809902e27	86.18813165698435	15512.874207057916
0.005810383111764719	8411.4037630667	2.0765008158318548e27	87.3439716541999	15519.651240126996
0.005884875202941189	8391.602561899432	2.0780080985879742e27	88.50030967544248	15526.245759336703
0.005959367294117661	8371.899060669437	2.079522979988917e27	89.65713220591023	15532.65993968376
0.006033859385294132	8352.298400455613	2.0810454242957593e27	90.81442589339942	15538.895989104638
0.006108351476470602	8332.80583923398	2.0825753953565486e27	91.9721775520845	15544.956149974063
0.006182843567647073	8313.426747998219	2.0841128565497822e27	93.1303741644506	15550.842700179519
0.006257335658823544	8294.166604979513	2.0856577707271342e27	94.28900288342433	15556.55795263167
0.006331827750000014	8275.030990280367	2.087210100193083e27	95.44805103620472	15562.104258585869
0.006406319841176485	8256.025578726209	2.0887698066498255e27	96.60750612639013	15567.484008554507
0.006480811932352956	8237.15613209337	2.0903368511653834e27	97.76735583719206	15572.699633325064
0.006555304023529426	8218.428491081795	2.0919111941411573e27	98.9275880343606	15577.753604348894
0.006629796114705897	8199.848567175997	2.0934927952820456e27	100.08819076922964	15582.648432050342
0.006704288205882368	8181.422331723118	2.095081613571299e27	101.24915228164836	15587.386668009702
0.006778780297058839	8163.155805343339	2.0966776072459598e27	102.41046100310335	15591.97090513095
0.00685327238823531	8145.05504648023	2.0982807337802253e27	103.57210555974373	15596.403777006048
0.0069277644794117806	8127.126138759215	2.0998909498676087e27	104.73407477544208	15600.687957865257
0.007002256570588251	8109.375178394188	2.1015082114106957e27	105.89635767465487	15604.826160411892
0.007076748661764722	8091.808259780814	2.1031324735121734e27	107.058943485379	15608.821135474022
0.007151240752941193	8074.43146103616	2.1047636904709505e27	108.2218216419209	15612.675671283087
0.007225732844117663	8057.250787400926	2.1064018157832808e27	109.38498178769095	15616.392600657422
0.007300224935294134	8040.272174847562	2.1080468021686856e27	110.54841377934899	15619.974793968457
0.007374717026470605	8023.501721484632	2.1096986015293253e27	111.71210768603996	15623.42510620235
0.007449209117647075	8006.945328671431	2.1113571649605548e27	112.87605379191761	15626.746447752868
0.007523701208823546	7990.608792988612	2.1130224427797293e27	114.04024259900814	15629.941758050629
0.0075981933000000175	7974.497788250825	2.114694384545298e27	115.20466482925173	15633.014002967993
0.007672685391176488	7958.617847659462	2.1163729390832538e27	116.36931142646212	15635.96617135853
0.007747177482352959	7942.974345270399	2.118058054512031e27	117.53417355780977	15638.801271700378
0.007821669573529429	7927.572477404105	2.1197496782778662e27	118.69924261522684	15641.522328813686
0.0078961616647059	7912.417244805876	2.1214477571890596e27	119.8645102164402	15644.132379348683
0.007970653755882372	7897.5134340727745	2.123152237454078e27	121.02996820568065	15646.634468608925
0.008045145847058842	7882.865599374745	2.124863064726293e27	122.1956086543044	15649.031646509102
0.008119637938235313	7868.478045708138	2.1265801841472292e27	123.36142386086972	15651.326963258763
0.008194130029411783	7854.354811288349	2.1283035404009804e27	124.52740635103636	15653.523465424965
0.008268622120588254	7840.49965167115	2.1300330777601111e27	125.69354887712696	15655.624191425073
0.008343114211764724	7826.916024258131	2.1317687401458975e27	126.85984441738023	15657.632167223119
0.008417606302941196	7813.6070742413685	2.1335104711835292e27	128.02628617482787	15659.550401894605
0.008492098394117666	7800.575620993357	2.1352582142639975e27	129.19286757590262	15661.381883521126
0.008566590485294137	7787.824146232656	2.137011912602389e27	130.35958226871008	15663.129574838522
0.008641082576470607	7775.354783298461	2.1387715093083597e27	131.52642412098822	15664.796408981583
0.008715574667647078	7763.294338874301	2.140536938437895e27	132.69338685259734	15666.369182365885
0.00879006675882355	7751.532348708756	2.1423081129312078e27	133.86046357572218	15667.865985999282
0.00886455885000002	7739.948231863637	2.1440849949611033e27	135.02764961225031	15669.304644549988
0.008939050941176491	7728.5307821331835	2.1458675550243218e27	136.19494075218958	15670.688359325191
0.009013543032352961	7717.269976189493	2.1476557663632605e27	137.36233301193437	15672.020015381833
0.009088035123529433	7706.156800190678	2.1494496046820623e27	138.52982261242633	15673.302226076723
0.009162527214705903	7695.183108555511	2.1512490479105778e27	139.69740596030996	15674.5373695107
0.009237019305882374	7684.341507392403	2.1530540759960934e27	140.8650796315733	15675.72761874161
0.009311511397058844	7673.625258016652	2.154864670725373e27	142.03284035724423	15676.874967013568
0.009386003488235315	7663.0281958806645	2.156680815564545e27	143.20068501079368	15677.981249036537
0.009460495579411785	7652.544662222282	2.1585024955259115e27	144.36861059704376	15679.048159033351
0.009534987670588257	7642.169446156408	2.1603296970421609e27	145.53661424225965	15680.077266135324
0.009609479761764728	7631.8977349973065	2.1621624078619586e27	146.7046931853623	15681.070027610573
0.009683971852941198	7621.725071762416	2.1640006169523824e27	147.87284477001407	15682.027800198084
0.00975846394411767	7611.647318284688	2.1658443144140386e27	149.04106643751862	15682.951850193524
0.00983295603529414	7601.660623259938	2.1676934914047616e27	150.20935572040875	15683.843362085523
0.009907448126470611	7591.761394426224	2.1695481400663644e27	151.37771023664595	15684.703446118412
0.00998194021764708	7581.9462739656465	2.171408253466599e27	152.54612768433557	15685.533144989744
0.010056432308823552	7572.212117168019	2.1732738255404836e27	153.71460583693485	15686.333439743788
0.010130924400000022	7562.555973364138	2.1751448510390102e27	154.88314253883922	15687.105255019027
0.010205416491176494	7552.975069114238	2.1770213254829783e27	156.05173570137788	15687.849463711163
0.010279908582352964	7543.466793365228	2.1789032451184508e27	157.22038329910256	15688.56689112982
0.010354400673529435	7534.028683879971	2.1807906068785085e27	158.38908336637996	15689.258318747934
0.010428892764705907	7524.65841547219	2.182683408347286e27	159.55783399427858	15689.924487540871
0.010503384855882376	7515.353789208388	2.1845816477263903e27	160.72663332764097	15690.566101033868
0.010577876947058848	7506.112722765097	2.1864853238045696e27	161.89547956240145	15691.183827977884
0.010652369038235318	7496.933241754197	2.1883944359301654e27	163.0643709431089	15691.778304867317
0.01072686112941179	7487.81347180189	2.1903089839861517e27	164.23330576057938	15692.350138119204
0.010801353220588259	7478.751631507194	2.1922289683620972e27	165.40228234974893	15692.899905921659
0.01087584531176473	7469.746026023894	2.1941543899324713e27	166.5712990876314	15693.428160349857
0.0109503374029412	7460.795040774921	2.1960852500416404e27	167.74035439145763	15693.935429212812
0.011024829494117672	7451.897136472548	2.1980215504781908e27	168.90944671691554	15694.422217429767
0.011099321585294142	7443.05084392353	2.19996329346134e27	170.07857455649486	15694.889008503656
0.011173813676470613	7434.2547596749655	2.201910481616577e27	171.24773643794137	15695.336265746822
0.011248305767647085	7425.507541846365	2.2038631179709462e27	172.4169309228076	15695.764433559872
0.011322797858823555	7416.80790622524	2.2058212059286696e27	173.58615660508107	15696.173938540644
0.011397289950000026	7408.154622928707	2.2077847492637047e27	174.75541210988743	15696.565190500523
0.011471782041176496	7399.54651301619	2.2097537521040476e27	175.92469609229332	15696.938583424306
0.011546274132352968	7390.982445600897	2.2117282189195963e27	177.09400723615445	15697.294496362441
0.011620766223529437	7382.461335077464	2.213708154510368e27	178.26334425302022	15697.633294226142
0.011695258314705909	7373.982138516583	2.2156935639956355e27	179.43270588112745	15697.955328526603
0.011769750405882379	7365.543853341688	2.2176844528101303e27	180.602090884419	15698.260938134663
0.01184424249705885	7357.145515211386	2.2196808266817247e27	181.771498051637	15698.550449917802
0.011918734588235322	7348.786195699577	2.221682691636594e27	182.94092619544293	15698.824179353902
0.011993226679411792	7340.46500069116	2.2236900539784013e27	184.11037415158884	15699.082431096289
0.012067718770588263	7332.181068511055	2.2257029202896935e27	185.27984077812224	15699.325499249242
0.012142210861764733	7323.933568198795	2.227721297419493e27	186.4493249546362	15699.553668276432
0.012216702952941205	7315.721697974112	2.2297451924798306e27	187.61882558157288	15699.767213373585
0.012291195044117674	7307.544683896027	2.231774612830333e27	188.7883415795426	15699.96640086566
0.012365687135294146	7299.40177827885	2.2338095660821571e27	189.95787188867405	15700.15148863446
0.012440179226470616	7291.292258649011	2.2358500600890132e27	191.12741546799083	15700.3227264665
0.012514671317647087	7283.2154264342425	2.23789610294002e27	192.29697129485905	15700.480356408803
0.012589163408823557	7275.170605887176	2.239947702950265e27	193.46653836437858	15700.624613164842
0.012663655500000029	7267.157142995131	2.24200486866326e27	194.63611568886847	15700.755724397071
0.0127381475911765	7259.174404552505	2.244067608843272e27	195.80570229737722	15700.873911053002
0.01281263968235297	7251.221777180886	2.2461359324662128e27	196.9752972351392	15700.979387603187
0.012887131773529441	7243.298666462041	2.2482098487216905e27	198.14489956314827	15701.072362320248
0.012961623864705911	7235.40449610674	2.2502893670063734e27	199.3145083577019	15701.15303757848
0.013036115955882383	7227.538707156041	2.2523744969171507e27	200.48412270993433	15701.221610077928
0.013110608047058853	7219.700757268358	2.2544652482540988e27	201.65374172545103	15701.27827110862
0.013185100138235324	7211.890120061003	2.2565616310054953e27	202.8233645239044	15701.323206663157
0.013259592229411794	7204.106284347695	2.2586636553564242e27	203.99299023859817	15701.356597745282
0.013334084320588266	7196.348753610923	2.260771331681803e27	205.1626180161653	15701.378620489108
0.013408576411764735	7188.617045376561	2.2628846705367482e27	206.33224701615748	15701.389446346888
0.013483068502941207	7180.910690646953	2.265003682662801e27	207.50187641075604	15701.389242302002
0.013557560594117678	7173.229233354375	2.2671283789777608e27	208.67150538438602	15701.378171055587
0.013632052685294148	7165.5722298690935	2.269258770581828e27	209.84113313348277	15701.356391202835
0.01370654477647062	7157.93924848841	2.2713948687408625e27	211.0107588660988	15701.324057354434
0.01378103686764709	7150.329869060574	2.273536684897193e27	212.1803818017096	15701.281320323566
0.013855528958823561	7142.74368244407	2.2756842306667515e27	213.35000117083388	15701.228327129049
0.013930021050000031	7135.1802902278105	2.2778375178223818e27	214.5196162148573	15701.165221261745
0.014004513141176502	7127.639304165794	2.2799965583093513e27	215.6892261856853	15701.092142769789
0.014079005232352972	7120.120345975195	2.2821613642338437e27	216.85883034556488	15701.009228411102
0.014153497323529444	7112.623046880534	2.284331947862976e27	218.0284279667805	15700.916611670496
0.014227989414705914	7105.147047294055	2.2865083216212215e27	219.19801833146465	15700.814422942376
0.014302481505882385	7097.6919964869385	2.2886904980897865e27	220.36760073134144	15700.702789637247
0.014376973597058857	7090.25755229658	2.290878490009128e27	221.53717446751577	15700.581836298477
0.014451465688235327	7082.843380777492	2.293072310273075e27	222.7067388502824	15700.451684622067
0.014525957779411798	7075.449156064696	2.2952719719270002e27	223.87629319888072	15700.312453589922
0.014600449870588268	7068.0745598942785	2.2974774881620273e27	225.04583684130623	15700.164259578873
0.01467494196176474	7060.719281521051	2.29968887232538e27	226.2153691141577	15700.007216457085
0.01474943405294121	7053.3830173184515	2.3019061379102507e27	227.38488936241106	15699.841435597025
0.01482392614411768	7046.065470780519	2.3041292985545992e27	228.554396939254	15699.667025917312
0.01489841823529415	7038.766351961225	2.30635836804577e27	229.72389120587948	15699.484094050349
0.014972910326470622	7031.4853775617485	2.308593360310729e27	230.8933715313497	15699.292744447375
0.015047402417647092	7024.222270528713	2.3108342894282536e27	232.06283729244797	15699.093079356091
0.015121894508823563	7016.976759990989	2.3130811696069961e27	233.23228787347043	15698.885198914073
0.015196386600000035	7009.7485809070495	2.3153340152062296e27	234.4017226661007	15698.669201234157
0.015270878691176505	7002.537474016513	2.317592840724486e27	235.57114106927702	15698.445182483787
0.015345370782352976	6995.34318563369	2.3198576607974726e27	236.74054248899833	15698.21323684883
0.015419862873529446	6988.165467433363	2.322128490198232e27	237.909926338225	15697.973456656498
0.015494354964705918	6981.004076335676	2.3244053438387545e27	239.07929203674266	15697.725932436468
0.015568847055882388	6973.858774299857	2.3266882367722327e27	240.24863901099235	15697.470752995947
0.015643339147058857	6966.729328290188	2.3289771841801995e27	241.41796669396405	15697.208005354225
0.01571783123823533	6959.615509935645	2.331272201391176e27	242.58727452508157	15696.93777489438
0.0157923233294118	6952.517095591569	2.3335733038544202e27	243.75656195007306	15696.660145399079
0.015866815420588272	6945.433866040238	2.335880507164825e27	244.92582842083914	15696.375199102866
0.015941307511764743	6938.365606549874	2.3381938270418246e27	246.09507339534105	15696.083016639946
0.01601579960294121	6931.31210647532	2.3405132793482987e27	247.2642963375023	15695.783677189767
0.016090291694117683	6924.273159455724	2.3428388800701508e27	248.4334967170884	15695.477258510386
0.016164783785294155	6917.248563055407	2.3451706453365797e27	249.60267400960674	15695.163836939926
0.016239275876470626	6910.238118739019	2.3475085913951563e27	250.77182769619233	15694.843487405882
0.016313767967647094	6903.241631854766	2.3498527346336694e27	251.9409572635267	15694.5162835099
0.016388260058823566	6896.258911375258	2.3522030915675237e27	253.1100622037105	15694.182297557243
0.016462752150000037	6889.289769854497	2.3545596788393796e27	254.27914201418503	15693.84160055868
0.01653724424117651	6882.334023349997	2.35692251323204e27	255.44819619763643	15693.494262296093
0.016611736332352977	6875.391491370546	2.3592916116513203e27	256.61722426190823	15693.140351370206
0.01668622842352945	6868.461996684794	2.3616669911334282e27	257.7862257199052	15692.779935246064
0.01676072051470592	6861.545365242128	2.3640486688493587e27	258.9552000895167	15692.413080153823
0.01683521260588239	6854.641426269955	2.3664366620877322e27	260.12414689352494	15692.039851256766
0.016909704697058863	6847.750011938615	2.3688309882758648e27	261.2930656595273	15691.660312642305
0.01698419678823533	6840.87095742307	2.3712316649639362e27	262.4619559198521	15691.274527331532
0.017058688879411803	6834.004100857703	2.3736387098369715e27	263.6308172114823	15690.882557270166
0.017133180970588274	6827.149283147478	2.3760521407006955e27	264.79964907598253	15690.484463419152
0.017207673061764746	6820.3063479414595	2.3784719754984285e27	265.96845105941105	15690.08030578404
0.017282165152941214	6813.475141662829	2.3808982322921803e27	267.1372227122784	15689.670143356572
0.017356657244117685	6806.655513336122	2.383330929281707e27	268.3059635894402	15689.254034195184
0.017431149335294157	6799.847314512268	2.3857700847862234e27	269.4746732500474	15688.832035458474
0.01750564142647063	6793.050399228103	2.3882157172589116e27	270.6433512574738	15688.404203427133
0.0175801335176471	6786.2646239969345	2.390667845278478e27	271.8119971792483	15687.970593441789
0.017654625608823568	6779.489847714035	2.3931264875507457e27	272.9806105870003	15687.531260022906
0.01772911770000004	6772.725931579551	2.3955916629153778e27	274.1491910563692	15687.086256879606
0.01780360979117651	6765.972739132306	2.3980633903293914e27	275.3177381670024	15686.635636875995
0.017878101882352983	6759.230135977198	2.4005416888907397e27	276.486251502419	15686.17945204085
0.01795259397352945	6752.497990006153	2.4030265778122985e27	277.65473064999946	15685.717753644558
0.018027086064705922	6745.776171181284	2.4055180764495242e27	278.8231752009129	15685.250592215672
0.018101578155882394	6739.064551592951	2.4080162042715865e27	279.99158475006345	15684.778017481942
0.018176070247058865	6732.363005209297	2.410520980891227e27	281.1599588960342	15684.300078466173
0.018250562338235334	6725.671408099614	2.4130324260347305e27	282.32829724103226	15683.816823507757
0.018325054429411805	6718.989638216477	2.4155505595723424e27	283.49659939083944	15683.328300218169
0.018399546520588277	6712.317575362214	2.4180754014883296e27	284.66486495475925	15682.834555500547
0.018474038611764748	6705.655101184141	2.4206069719129953e27	285.8330935455629	15682.335635610027
0.01854853070294122	6699.002099183697	2.423145291092201e27	287.0012847794442	15681.831586187265
0.018623022794117688	6692.358454622739	2.4256903794039944e27	288.16943827596623	15681.322452149792
0.01869751488529416	6685.724054410089	2.42824225735788e27	289.3375536580304	15680.80827781874
0.01877200697647063	6679.098787208643	2.430800945592741e27	290.50563055180214	15680.289106926519
0.018846499067647102	6672.482543282275	2.4333664648833266e27	291.67366858668595	15679.764982576306
0.01892099115882357	6665.875214564031	2.4359388361221157e27	292.84166739527444	15679.235947263045
0.018995483250000042	6659.276694495784	2.4385180803488494e27	294.0096266133066	15678.702042919898
0.019069975341176514	6652.686878120984	2.4411042187169605e27	295.1775458796221	15678.163310953067
0.019144467432352985	6646.105661949423	2.4436972725300745e27	296.3454248361236	15677.619792132224
0.019218959523529457	6639.532944019138	2.446297263208184e27	297.51326312773176	15677.07152672353
0.019293451614705925	6632.96862379032	2.4489042123070165e27	298.6810604023456	15676.518554479553
0.019367943705882396	6626.4126021284665	2.4515181415213376e27	299.84881631081106	15675.960914603642
0.019442435797058868	6619.864781343272	2.4541390726658561e27	301.01653050686485	15675.398645774656
0.01951692788823534	6613.325065032523	2.45676702770518e27	302.1842026471146	15674.831786177849
0.019591419979411807	6606.793358194957	2.459402028718414e27	303.35183239099473	15674.26037352658
0.01966591207058828	6600.269567097674	2.4620440979376688e27	304.5194194007199	15673.684444986146
0.01974040416176475	6593.75359930385	2.4646932577132074e27	305.6869633412648	15673.10403728628
0.019814896252941222	6587.245363625472	2.4673495305382965e27	306.85446388032506	15672.519186716856
0.019889388344117694	6580.744770071689	2.4700129390433128e27	308.0219206882776	15671.929929075946
0.01996388043529416	6574.251729958198	2.4726835059810036e27	309.1893334381443	15671.336299713052
0.020038372526470633	6567.76615565355	2.4753612542583e27	310.35670180557736	15670.7383335485
0.020112864617647105	6561.287960777772	2.4780462069007317e27	311.52402546880415	15670.136065098974
0.020187356708823576	6554.817060066997	2.480738387086804e27	312.6913041086083	15669.529528396857
0.020261848800000044	6548.353369347748	2.4834378181174816e27	313.8585374082964	15668.918757087926
0.020336340891176516	6541.896805526052	2.4861445234449087e27	315.0257250536647	15668.303784433887
0.020410832982352987	6535.447286607268	2.488858526654485e27	316.1928667329699	15667.684643259006
0.02048532507352946	6529.004731698588	2.4915798514609153e27	317.35996213690095	15667.061365999334
0.020559817164705927	6522.569060853374	2.4943085217308446e27	318.52701095855025	15666.433984718251
0.0206343092558824	6516.140195159686	2.4970445614628515e27	319.6940128933829	15665.802531110683
0.02070880134705887	6509.718056712362	2.4997879947999843e27	320.86096763920887	15665.167036453347
0.02078329343823534	6503.302568600528	2.502538846024762e27	322.0278748961573	15664.527531686696
0.020857785529411813	6496.893654846735	2.505297139559578e27	323.19473436664924	15663.884047416632
0.02093227762058828	6490.491240361318	2.5080628999776573e27	324.3615457553697	15663.23661384279
0.021006769711764753	6484.095251054456	2.510836151980037e27	325.5283087692409	15662.585260836746
0.021081261802941224	6477.705613717748	2.513616920415795e27	326.69502311739393	15661.930017947756
0.021155753894117696	6471.322256014111	2.516405230287834e27	327.8616885111535	15661.270914389039
0.021230245985294164	6464.945106547314	2.5192011067269806e27	329.0283046640209	15660.607978992344
0.021304738076470636	6458.574094687937	2.5220045750228675e27	330.19487129161956	15659.941240283255
0.021379230167647107	6452.209150662282	2.524815660603966e27	331.3613881116721	15659.270726504537
0.02145372225882358	6445.850205562412	2.5276343890389467e27	332.52785484399794	15658.596465544078
0.02152821435000005	6439.497191249873	2.5304607860599964e27	333.6942712105089	15657.918484997173
0.021602706441176518	6433.150040425482	2.5332948775294303e27	334.860636935151	15657.236812181163
0.02167719853235299	6426.808686540348	2.536136689466789e27	336.02695174387895	15656.551474100053
0.02175169062352946	6420.473063809829	2.5389862480402333e27	337.1932153646396	15655.862497441629
0.021826182714705933	6414.143107244306	2.541843579557814e27	338.3594275273835	15655.169908630474
0.0219006748058824	6407.81875255465	2.544708710494475e27	339.5255879640221	15654.473733833513
0.021975166897058872	6401.499936212194	2.547581667461011e27	340.69169640839004	15653.773998880297
0.022049658988235344	6395.1865953889055	2.5504624772232577e27	341.85775259622534	15653.070729354555
0.022124151079411816	6388.878667947865	2.5533511667064004e27	343.02375626517056	15652.363950588087
0.022198643170588284	6382.576092490913	2.5562477629752e27	344.1897071547645	15651.653687632279
0.022273135261764755	6376.2788082562965	2.559152293263389e27	345.35560500639207	15650.939965259638
0.022347627352941227	6369.986755186481	2.562064784948228e27	346.52144956326265	15650.222808009132
0.022422119444117698	6363.699873874056	2.564985265559974e27	347.6872405703977	15649.50224018814
0.02249661153529417	6357.4181055024965	2.5679137627987174e27	348.8529777746417	15648.77828579537
0.022571103626470638	6351.141391969906	2.570850304504201e27	350.01866092462063	15648.0509686219
0.02264559571764711	6344.869675755208	2.573794918686518e27	351.1842897707113	15647.320312232958
0.02272008780882358	6338.602899958115	2.576747633508538e27	352.3498640650243	15646.586339930564
0.022794579900000052	6332.34100830781	2.579708477284991e27	353.5153835614084	15645.849074781392
0.02286907199117652	6326.083945093891	2.5826774785085726e27	354.6808480154395	15645.108539636552
0.022943564082352992	6319.831655230837	2.585654665814117e27	355.8462571843768	15644.364757140553
0.023018056173529464	6313.584084181195	2.588640068006728e27	357.01161082714486	15643.617749666733
0.023092548264705935	6307.341177967292	2.5916337140555546e27	358.1769087043244	15642.867539393725
0.023167040355882407	6301.102883210975	2.5946356330808225e27	359.3421505781625	15642.114148309955
0.023241532447058875	6294.869147035829	2.597645854386008e27	360.5073362125335	15641.357598155566
0.023316024538235346	6288.639917138213	2.600664407422826e27	361.6724653729129	15640.59791046572
0.023390516629411818	6282.4151417336	2.6036913218113933e27	362.8375378263633	15639.835106585144
0.02346500872058829	6276.194769546292	2.6067266273491723e27	364.0025533415413	15639.069207664608
0.023539500811764758	6269.9787498780215	2.6097703539833596e27	365.16751168868336	15638.30023462307
0.02361399290294123	6263.767032449239	2.612822531847833e27	366.33241263956904	15637.528208195326
0.0236884849941177	6257.5595675111335	2.615883191234142e27	367.4972559675043	15636.753148946438
0.023762977085294172	6251.356305830353	2.6189523625997066e27	368.66204144731614	15635.975077232048
0.023837469176470644	6245.157198624304	2.6220300765916704e27	369.82676885536085	15635.194013135622
0.023911961267647112	6238.962197654151	2.6251163640078354e27	370.9914379694796	15634.409976568219
0.023986453358823583	6232.771255096453	2.6282112558334194e27	372.1560485689808	15633.622987295154
0.024060945450000055	6226.584323583787	2.631314783223489e27	373.3206004346295	15632.83306489299
0.024135437541176526	6220.4013562320415	2.6344269774980844e27	374.4850933486564	15632.040228784323
0.024209929632352994	6214.222306565209	2.6375478701742873e27	375.64952709474323	15631.244498229036
0.024284421723529466	6208.047128586184	2.640677492926157e27	376.81390145798895	15630.44589228975
0.024358913814705938	6201.8757767093775	2.6438158776130204e27	377.97821622489715	15629.644429856602
0.02443340590588241	6195.708205759722	2.6469630562803076e27	379.1424711833724	15628.840129663546
0.024507897997058877	6189.544371017293	2.6501190611429155e27	380.3066661227269	15628.033010294255
0.02458239008823535	6183.384228181901	2.653283924593071e27	381.4708008336461	15627.223090131356
0.02465688217941182	6177.227733331228	2.6564576792162815e27	382.63487510817043	15626.410387413556
0.024731374270588292	6171.07484295861	2.659640357776694e27	383.79888873968594	15625.594920239124
0.024805866361764763	6164.925513986406	2.662831993212662e27	384.96284152293293	15624.776706530036
0.02488035845294123	6158.779703647146	2.6660326186695816e27	386.1267332539888	15623.955764040222
0.024954850544117703	6152.637369623086	2.6692422674579e27	387.29056373023974	15623.132110392848
0.025029342635294174	6146.498469955958	2.672460973083052e27	388.45433275036976	15622.30576307443
0.025103834726470646	6140.36296304405	2.6756887692450185e27	389.61804011435964	15621.47673937923
0.025178326817647114	6134.230807699727	2.678925689816821e27	390.7816856234915	15620.645056483208
0.025252818908823586	6128.1019630493265	2.682171768883637e27	391.94526908031673	15619.810731425338
0.025327311000000057	6121.9763886051815	2.685427040706225e27	393.1087902886409	15618.973781091205
0.02540180309117653	6115.85404422907	2.688691539737581e27	394.2722490535155	15618.134222215338
0.025476295182353	6109.734890102612	2.6919653006415235e27	395.4356451812485	15617.292071402846
0.02555078727352947	6103.6188867811425	2.695248358263575e27	396.5989784793845	15616.447345147611
0.02562527936470594	6097.505995164043	2.698540747639673e27	397.762248756682	15615.600059767305
0.02569977145588241	6091.3961764606065	2.701842504011667e27	398.9254558231032	15614.750231462645
0.025774263547058883	6085.289392198581	2.7051536628251497e27	400.088599489815	15613.897876312805
0.02584875563823535	6079.1856042718755	2.7084742597090516e27	401.2516795691914	15613.043010270583
0.025923247729411823	6073.084774844421	2.711804330515523e27	402.4146958747843	15612.185649133626
0.025997739820588294	6066.986866422434	2.71514391128256e27	403.57764822131054	15611.325808592885
0.026072231911764766	6060.89184182813	2.7184930382503965e27	404.74053642464577	15610.463504232575
0.026146724002941234	6054.799664166535	2.721851747881727e27	405.9033603018349	15609.598751483349
0.026221216094117705	6048.710296855177	2.72522007682355e27	407.06611967107136	15608.731565661605
0.026295708185294177	6042.623703590373	2.728598061947186e27	408.22881435167767	15607.861961971643
0.02637020027647065	6036.539848365249	2.7319857403299825e27	409.391444164097	15606.989955514104
0.02644469236764712	6030.458695481373	2.735383149248877e27	410.5540089298953	15606.11556124217
0.026519184458823588	6024.380209539948	2.7387903261914856e27	411.71650847176176	15605.238793959908
0.02659367655000006	6018.304355399711	2.7422073088758134e27	412.8789426134761	15604.359668336225
0.02666816864117653	6012.231098210842	2.74563413521775e27	414.0413111799007	15603.478198974646
0.026742660732353003	6006.1604033885615	2.7490708433462726e27	415.2036139969768	15602.594400363958
0.02681715282352947	6000.092236590778	2.752517471626477e27	416.3658508917363	15601.708286893145
0.026891644914705942	5994.026563787861	2.755974058618072e27	417.52802169228016	15600.819872864784
0.026966137005882414	5987.963351173846	2.7594406431174115e27	418.6901262277622	15599.929172439428
0.027040629097058885	5981.902565200306	2.7629172641396535e27	419.8521643283812	15599.036199679727
0.027115121188235357	5975.844172597587	2.7664039609112646e27	421.01413582538464	15598.140968555143
0.027189613279411825	5969.788140355993	2.769900772881519e27	422.176040551068	15597.243492944697
0.027264105370588296	5963.7344356760395	2.7734077397427776e27	423.3378783387497	15596.343786587615
0.027338597461764768	5957.68302602781	2.776924901398169e27	424.4996490227621	15595.441863143287
0.02741308955294124	5951.633879126813	2.780452297975369e27	425.66135243844815	15594.537736181275
0.027487581644117708	5945.586962892673	2.783989969854262e27	426.8229884221705	15593.631419162399
0.02756207373529418	5939.5422455140815	2.787537957628044e27	427.98455681129116	15592.722925440554
0.02763656582647065	5933.4996954291155	2.7910963021164885e27	429.14605744415724	15591.812268288499
0.027711057917647122	5927.459281272789	2.794665044380864e27	430.3074901600944	15590.899460892233
0.02778555000882359	5921.420971875874	2.798244225726708e27	431.4688547994125	15589.98451632018
0.027860042100000062	5915.384736358744	2.801833887676612e27	432.6301512034009	15589.067447558507
0.027934534191176533	5909.350544009439	2.8054340720146854e27	433.79137921430754	15588.148267501592
0.028009026282353005	5903.31836435562	2.809044820750047e27	434.95253867533086	15587.226988972541
0.028083518373529476	5897.288167146638	2.8126661761284235e27	436.113629430618	15586.303624675886
0.028158010464705945	5891.25992230838	2.8162981806627613e27	437.27465132527277	15585.378187235201
0.028232502555882416	5885.233600004925	2.819940877094142e27	438.4356042053356	15584.450689196829
0.028306994647058888	5879.209170615331	2.82359430840226e27	439.59648791777147	15583.521143032844
0.02838148673823536	5873.186604703825	2.827258517822525e27	440.7573023104644	15582.589561099236
0.028455978829411827	5867.165873018764	2.830933548851793e27	441.918047232224	15581.655955680788
0.0285304709205883	5861.14694655117	2.8346194452160465e27	443.0787225327795	15580.720338992636
0.02860496301176477	5855.1297964421965	2.83831625091757e27	444.2393280627606	15579.782723161763
0.028679455102941242	5849.114394034005	2.842024010206136e27	445.3998636736906	15578.843120216934
0.028753947194117713	5843.100710879528	2.845742767575551e27	446.5603292179857	15577.90154212228
0.02882843928529418	5837.0887187232665	2.849472567780418e27	447.7207245489628	15576.958000771681
0.028902931376470653	5831.078389458486	2.853213455855625e27	448.8810495208189	15576.012507968991
0.028977423467647125	5825.06969519344	2.856965477076568e27	450.04130398862145	15575.06507543491
0.029051915558823596	5819.062608209454	2.8607286769840064e27	451.20148780830374	15574.115714822958
0.029126407650000064	5813.057100937488	2.8645031014036454e27	452.36160083667176	15573.164437715275
0.029200899741176536	5807.0531460205775	2.8682887964112796e27	453.52164293139674	15572.211255606793
0.029275391832353007	5801.0507162915355	2.8720858083452245e27	454.68161395099526	15571.256179867012
0.02934988392352948	5795.0497847291945	2.8758941838257606e27	455.8415137548247	15570.299221811234
0.02942437601470595	5789.050324463211	2.8797139697516074e27	457.0013422030805	15569.340392719434
0.02949886810588242	5783.05230883343	2.883545213283084e27	458.16109915682586	15568.379703792167
0.02957336019705889	5777.055711309137	2.887387961858751e27	459.3207844779121	15567.417166151652
0.02964785228823536	5771.060505513671	2.8912422632077053e27	460.4803980290341	15566.452790854699
0.029722344379411833	5765.06666527548	2.895108165325476e27	461.6399396737343	15565.48658890622
0.0297968364705883	5759.074164545472	2.898985716491962e27	462.7994092763293	15564.518571219935
0.029871328561764773	5753.082977422384	2.902874965282017e27	463.9588067019604	15563.548748641482
0.029945820652941244	5747.093078203319	2.906775960544231e27	465.11813181660364	15562.577131961738
0.030020312744117716	5741.104441302532	2.9106887514173356e27	466.27738448699495	15561.60373190959
0.030094804835294184	5735.117041271924	2.9146133873411226e27	467.43656458067727	15560.628559129693
0.030169296926470655	5729.130852834534	2.9185499180440963e27	468.59567196601506	15559.651624206852
0.030243789017647127	5723.145850871896	2.922498393532248e27	469.75470651211924	15558.672937668507
0.0303182811088236	5717.162010417633	2.926458864111281e27	470.91366808889046	15557.692509989243
0.03039277320000007	5711.179306609239	2.930431380415298e27	472.0725565670387	15556.710351559615
0.030467265291176538	5705.19771474916	2.934415993347341e27	473.2313718180071	15555.72647271228
0.03054175738235301	5699.217210288528	2.938412754109751e27	474.39011371401205	15554.740883725037
0.03061624947352948	5693.237768784263	2.9424217142468807e27	475.54878212806653	15553.753594817857
0.030690741564705953	5687.259365952878	2.9464429255758694e27	476.7073769339047	15552.764616143064
0.03076523365588242	5681.281977652495	2.9504764402188094e27	477.86589800601735	15551.773957792178
0.030839725747058892	5675.3055798413325	2.9545223106483017e27	479.0243452196804	15550.781629798304
0.030914217838235364	5669.330148633467	2.9585805896154985e27	480.1827184508787	15549.787642147176
0.030988709929411835	5663.35566027583	2.962651330182604e27	481.34101757633834	15548.792004760893
0.031063202020588307	5657.382091103869	2.9667345857697956e27	482.4992424735585	15547.79472749126
0.031137694111764775	5651.409417610971	2.9708304100891213e27	483.6573930207358	15546.795820145975
0.031212186202941247	5645.437616430356	2.9749388571663495e27	484.8154690967932	15545.79529248424
0.031286678294117715	5639.466664310807	2.979059981367073e27	485.9734705814149	15544.793154208483
0.031361170385294186	5633.496538099192	2.983193837383724e27	487.13139735497225	15543.789414950208
0.03143566247647066	5627.527214760051	2.987340480236453e27	488.28924929854816	15542.784084295008
0.03151015456764713	5621.5586714148985	2.9914999652734845e27	489.44702629397517	15541.77717178376
0.0315846466588236	5615.590885263535	2.9956723481845644e27	490.60472822376255	15540.768686905316
0.03165913875000007	5609.623833617543	2.9998576849935097e27	491.7623549711172	15539.758639076239
0.031733630841176544	5603.657493943574	3.0040560320585015e27	492.9199064199845	15538.747037678637
0.031808122932353015	5597.691843773781	3.0082674460881814e27	494.07738245497654	15537.733892036631
0.03188261502352949	5591.726860751758	3.012491984131106e27	495.2347829613898	15536.719211433578
0.03195710711470595	5585.762522692468	3.0167297035789815e27	496.3921078252474	15535.703005084835
0.03203159920588242	5579.798807471221	3.0209806621812047e27	497.54935693322835	15534.68528213079
0.032106091297058895	5573.835693060061	3.02524491803583e27	498.7065301726809	15533.666051671764
0.032180583388235366	5567.8731575613465	3.029522529601149e27	499.8636274316677	15532.645322789165
0.03225507547941184	5561.911179182095	3.033813555675732e27	501.0206485988993	15531.623104508117
0.03232956757058831	5555.949736223639	3.038118055414403e27	502.17759356374455	15530.59940579885
0.03240405966176478	5549.988807066544	3.042436088374471e27	503.3344622162778	15529.574235586053
0.03247855175294125	5544.0283702143315	3.046767714441677e27	504.49125444721113	15528.547602753248
0.03255304384411772	5538.068404268744	3.051112993862315e27	505.6479701479023	15527.519516143453
0.03262753593529419	5532.10888791811	3.055471987298784e27	506.8046092104052	15526.489984534872
0.03270202802647066	5526.149799965359	3.059844755749256e27	507.96117152740226	15525.459016672328
0.03277652011764713	5520.191119300872	3.064231360579883e27	509.1176569922098	15524.426621254948
0.0328510122088236	5514.232824885008	3.0686318635809675e27	510.2740654988293	15523.392806939579
0.032925504300000075	5508.2748957885415	3.073046326897018e27	511.43039694188315	15522.357582332079
0.032999996391176546	5502.317311179228	3.0774748130398863e27	512.5866512166161	15521.320955995092
0.03307448848235302	5496.360050325337	3.0819173849283175e27	513.7428282189481	15520.282936453583
0.03314898057352949	5490.403092552508	3.086374105880296e27	514.898927845412	15519.243532185903
0.033223472664705954	5484.446417274146	3.0908450395903896e27	516.0549499931521	15518.202751633295
0.033297964755882425	5478.4900040208195	3.095330250151293e27	517.2108945599779	15517.160603185093
0.0333724568470589	5472.533832385446	3.099829802071563e27	518.3667614443037	15516.11709519309
0.03344694893823537	5466.577882043062	3.104343760247531e27	519.5225505451454	15515.072235968108
0.03352144102941184	5460.622132766718	3.108872189989193e27	520.6782617621728	15514.026033787564
0.03359593312058831	5454.6665644157	3.113415157003546e27	521.833894995655	15512.978496884029
0.03367042521176478	5448.711156917736	3.1179727274011807e27	522.9894501464512	15511.929633443731
0.033744917302941255	5442.755890262349	3.122544967748288e27	524.144927116066	15510.879451614703
0.033819409394117726	5436.800744551045	3.1271319449941423e27	525.3003258065949	15509.827959512188
0.03389390148529419	5430.845699947366	3.131733726500064e27	526.4556461207146	15508.775165216728
0.03396839357647066	5424.8907366623735	3.136350380097972e27	527.6108879617376	15507.721076752554
0.034042885667647134	5418.935835036344	3.140981974011318e27	528.7660512335602	15506.66570211936
0.034117377758823605	5412.9809754693115	3.145628576884475e27	529.9211358406503	15505.60904927845
0.03419186985000008	5407.026138399605	3.1502902578420517e27	531.0761416881021	15504.551126148395
0.03426636194117655	5401.071304364429	3.1549670864221345e27	532.2310686815875	15503.49194062211
0.03434085403235302	5395.116453976398	3.159659132579882e27	533.3859167273409	15502.431500541761
0.03441534612352949	5389.161567925829	3.1643664667362436e27	534.5406857322134	15501.369813722104
0.03448983821470596	5383.2066269338775	3.1690891597779617e27	535.695375603628	15500.30688793567
0.03456433030588243	5377.251611806656	3.1738272830142435e27	536.8499862495613	15499.24273092409
0.0346388223970589	5371.296503461379	3.1785809082164725e27	538.0045175786007	15498.177350406177
0.03471331448823537	5365.341282823382	3.183350107629876e27	539.1589694998842	15497.110754034504
0.03478780657941184	5359.385930900905	3.18813495395762e27	540.3133419231248	15496.04294942103
0.034862298670588314	5353.430428789421	3.192935520349527e27	541.4676347585983	15494.973944153655
0.034936790761764785	5347.474757641938	3.197751880428291e27	542.6218479171474	15493.903745801264
0.03501128285294126	5341.518898637346	3.202584108321903e27	543.7759813101806	15492.832361893994
0.03508577494411773	5335.562833043581	3.207432278612426e27	544.9300348496631	15491.759799922611
0.0351602670352942	5329.606542204076	3.2122964663491985e27	546.0840084481162	15490.686067353236
0.035234759126470665	5323.6500075063195	3.2171767470767867e27	547.2379020186135	15489.61117161666
0.035309251217647136	5317.693210372563	3.222073196849589e27	548.391715474784	15488.535120107557
0.03538374330882361	5311.736132315408	3.226985892192139e27	549.5454487308091	15487.45792019923
0.03545823540000008	5305.778754914389	3.231914910115769e27	550.6991017014165	15486.37957922257
0.03553272749117655	5299.82105977494	3.2368603281544713e27	551.852674301877	15485.300104477608
0.03560721958235302	5293.86302855506	3.2418222243469515e27	553.0061664480021	15484.219503232769
0.035681711673529494	5287.904642994176	3.246800677220294e27	554.1595780561461	15483.137782730548
0.035756203764705966	5281.945884890838	3.251795765813301e27	555.3129090432045	15482.054950188874
0.03583069585588244	5275.9867360576145	3.2568075697114303e27	556.4661593266078	15480.97101277844
0.0359051879470589	5270.027178376562	3.2618361690048156e27	557.6193288243177	15479.885977645932
0.03597968003823537	5264.067193800229	3.266881644290701e27	558.7724174548259	15478.799851912949
0.036054172129411845	5258.106764326806	3.271944076700073e27	559.9254251371543	15477.71264267089
0.036128664220588316	5252.145871969233	3.2770235479304073e27	561.078351790856	15476.624356978244
0.03620315631176479	5246.184498818798	3.282120140191632e27	562.2311973360071	15475.535001867285
0.03627764840294126	5240.222627028191	3.2872339362224905e27	563.383961693205	15474.44458434023
0.03635214049411773	5234.260238777526	3.2923650193225107e27	564.5366447835661	15473.353111370394
0.0364266325852942	5228.297316275079	3.2975134733575196e27	565.6892465287253	15472.260589899684
0.03650112467647067	5222.333841804929	3.3026793827286475e27	566.8417668508379	15471.167026847786
0.03657561676764714	5216.369797705345	3.307862832388272e27	567.994205672573	15470.072429113168
0.03665010885882361	5210.405166326073	3.3130639078787374e27	569.1465629171103	15468.976803551326
0.03672460095000008	5204.439930062989	3.318282695307126e27	570.2988385081375	15467.880156994932
0.03679909304117655	5198.474071371157	3.3235192813399125e27	571.4510323698503	15466.78249625333
0.036873585132353025	5192.507572747341	3.328773753227289e27	572.603144426955	15465.683828109359
0.036948077223529496	5186.540416741636	3.3340461987921165e27	573.7551746046621	15464.58415932288
0.03702256931470597	5180.5725859108325	3.339336706472158e27	574.9071228286821	15463.48349662333
0.03709706140588244	5174.604062859434	3.344645365289087e27	576.0589890252243	15462.381846708164
0.037171553497058904	5168.6348302541655	3.349972264841351e27	577.2107731209956	15461.279216257732
0.037246045588235376	5162.664870798603	3.355317495336394e27	578.3624750432039	15460.175611926785
0.03732053767941185	5156.694167196193	3.3606811476228976e27	579.5140947195516	15459.071040338164
0.03739502977058832	5150.72270221327	3.366063313137729e27	580.665632078232	15457.965508095458
0.03746952186176479	5144.750458668372	3.3714640839200114e27	581.8170870479279	15456.859021778422
0.03754401395294126	5138.777419404379	3.376883552641676e27	582.9684595578088	15455.75158791589
0.03761850604411773	5132.803567271287	3.3823218126332426e27	584.1197495375345	15454.64321302348
0.037692998135294205	5126.828885183023	3.3877789578306966e27	585.2709569172501	15453.533903603358
0.037767490226470676	5120.853356097191	3.393255082798138e27	586.4220816275828	15452.423666135923
0.03784198231764714	5114.876962976987	3.398750282765918e27	587.5731235996392	15451.312507073044
0.03791647440882361	5108.899688808627	3.404264653620309e27	588.7240827650055	15450.200432844269
0.037990966500000084	5102.921516637451	3.409798291880587e27	589.8749590557479	15449.087449853323
0.038065458591176556	5096.942429538904	3.415351294723968e27	591.0257524044114	15447.973564484602
0.03813995068235303	5090.96241059831	3.4209237600260064e27	592.1764627440134	15446.858783095842
0.0382144427735295	5084.981442936655	3.4265157863207987e27	593.327090008043	15445.743112023263
0.03828893486470597	5078.9995097195915	3.432127472798526e27	594.4776341304585	15444.626557583613
0.03836342695588244	5073.016594142154	3.4377589193379105e27	595.628095045691	15443.509126073972
0.03843791904705891	5067.032679388559	3.443410226545112e27	596.7784726886415	15442.390823758398
0.03851241113823538	5061.047748695556	3.4490814956958705e27	597.9287669946754	15441.271656883533
0.03858690322941185	5055.061785327788	3.4547728287629804e27	599.0789778996211	15440.151631676034
0.03866139532058832	5049.074772582316	3.460484328417439e27	600.2291053397688	15439.030754342268
0.03873588741176479	5043.086693781483	3.466216098043675e27	601.3791492518701	15437.909031067444
0.038810379502941264	5037.097532237559	3.471968241792213e27	602.5291095731454	15436.786468009439
0.038884871594117736	5031.107271311626	3.477740864505007e27	603.6789862412668	15435.663071312694
0.03895936368529421	5025.115894397275	3.483534071733158e27	604.8287791943548	15434.53884709698
0.03903385577647068	5019.123384908219	3.489347969783073e27	605.9784883709956	15433.413801463143
0.03910834786764715	5013.129726241012	3.495182665744121e27	607.1281137102329	15432.287940484854
0.039182839958823615	5007.134901844302	3.501038267423386e27	608.2776551515524	15431.161270221548
0.039257332050000086	5001.13889520444	3.506914883365799e27	609.4271126348876	15430.033796715898
0.03933182414117656	4995.141689817873	3.512812622902623e27	610.5764861006347	15428.905525988872
0.03940631623235303	4989.143269172308	3.5187315961598434e27	611.725775489633	15427.776464038932
0.0394808083235295	4983.143616793232	3.524671914006131e27	612.8749807431587	15426.646616844831
0.03955530041470597	4977.142716238443	3.5306336880866946e27	614.0241018029384	15425.515990369142
0.039629792505882444	4971.1405510366385	3.53661703089494e27	615.1731386111502	15424.384590547608
0.039704284597058916	4965.137104767615	3.5426220556883925e27	616.322091110406	15423.252423303556
0.03977877668823539	4959.132361039465	3.5486488765052487e27	617.4709592437513	15422.119494543775
0.03985326877941185	4953.126303470947	3.554697608214227e27	618.6197429546835	15420.985810155547
0.03992776087058832	4947.11891566403	3.5607683665366216e27	619.768442187136	15419.85137600211
0.040002252961764795	4941.110181249196	3.566861267996579e27	620.9170568854727	15418.716197933378
0.040076745052941266	4935.1000838768805	3.5729764299372406e27	622.0655869944901	15417.580281777076
0.04015123714411774	4929.08860720659	3.5791139705619563e27	623.2140324594272	15416.443633345963
0.04022572923529421	4923.075734939834	3.5852740089104494e27	624.3623932259544	15415.306258431025
0.04030022132647068	4917.06145075798	3.5914566648941974e27	625.5106692401671	15414.168162795924
0.04037471341764715	4911.045738342356	3.5976620592906944e27	626.6588604485863	15413.029352189626
0.04044920550882362	4905.028581413787	3.6038903137408883e27	627.8069667981707	15411.889832354265
0.04052369760000009	4899.009963707125	3.6101415507595944e27	628.9549882363046	15410.749609014685
0.04059818969117656	4892.989868941433	3.6164158937639556e27	630.1029247107923	15409.608687875645
0.04067268178235303	4886.968280834127	3.622713467070813e27	631.2507761698606	15408.467074619839
0.0407471738735295	4880.945183135807	3.629034395892135e27	632.398542562168	15407.324774918408
0.040821665964705975	4874.920559625323	3.6353788063438613e27	633.5462238367934	15406.181794430167
0.040896158055882446	4868.894394057574	3.6417468254767705e27	634.6938199432308	15405.038138791602
0.04097065014705892	4862.86667017978	3.6481385812768624e27	635.8413308313919	15403.893813620092
0.04104514223823539	4856.837371776687	3.6545542026583455e27	636.9887564516152	15402.74882452273
0.041119634329411854	4850.806482643621	3.6609938194709795e27	638.1360967546543	15401.603177091587
0.041194126420588326	4844.773986551432	3.667457562532916e27	639.2833516916733	15400.456876897206
0.0412686185117648	4838.739867266424	3.673945563634626e27	640.4305212142494	15399.309929493427
0.04134311060294127	4832.704108600896	3.680457955529667e27	641.5776052743821	15398.16234042559
0.04141760269411774	4826.666694365982	3.686994871940143e27	642.7246038244805	15397.014115221684
0.04149209478529421	4820.627608351755	3.693556447591371e27	643.8715168173594	15395.865259390634
0.04156658687647068	4814.586834338789	3.700142818219772e27	645.0183442062435	15394.715778424139
0.041641078967647155	4808.544356136543	3.7067541205615436e27	646.1650859447739	15393.565677803977
0.041715571058823626	4802.5001575574215	3.7133904923561585e27	647.311741986997	15392.414962997333
0.04179006315000009	4796.454222400669	3.7200520723821146e27	648.4583122873606	15391.263639454002
0.04186455524117656	4790.406534457085	3.726739000469337e27	649.6047968007182	15390.11171260751
0.041939047332353034	4784.357077533684	3.733451417486483e27	650.751195482335	15388.95918788016
0.042013539423529506	4778.305835447422	3.74018946534192e27	651.8975082878768	15387.80607068195
0.04208803151470598	4772.252791991761	3.7469532870200345e27	653.0437351734067	15386.652366405982
0.04216252360588245	4766.19793094099	3.753743026598534e27	654.1898760953894	15385.498080424906
0.04223701569705892	4760.141236086936	3.760558829236993e27	655.3359310106973	15384.343218102855
0.04231150778823539	4754.082691227323	3.767400841187841e27	656.4818998765985	15383.187784792039
0.04238599987941186	4748.022280161967	3.77426920978489e27	657.6277826507538	15382.03178583178
0.04246049197058833	4741.959986677576	3.7811640834835084e27	658.7735792912223	15380.875226546534
0.0425349840617648	4735.8957945237225	3.788085611931749e27	659.9192897564683	15379.718112241126
0.04260947615294127	4729.82968746559	3.795033945872466e27	661.0649140053451	15378.560448210957
0.04268396824411774	4723.761649279388	3.802009237164744e27	662.2104519970935	15377.402239741738
0.042758460335294214	4717.69166374157	3.8090116388494724e27	663.3559036913545	15376.243492107447
0.042832952426470686	4711.619714573842	3.8160413051953377e27	664.5012690481659	15375.084210560331
0.04290744451764716	4705.545785508896	3.8230983916078295e27	665.6465480279487	15373.924400341248
0.04298193660882363	4699.469860290474	3.830183054656204e27	666.7917405915092	15372.764066665022
0.0430564287000001	4693.391922667979	3.8372954521463017e27	667.9368467000534	15371.603214741841
0.043130920791176565	4687.311956332666	3.844435743137915e27	669.0818663151725	15370.441849770037
0.043205412882353036	4681.229944978769	3.8516040878803575e27	670.2267993988377	15369.279976938755
0.04327990497352951	4675.145872307039	3.8588006478463743e27	671.3716459134067	15368.117601428197
0.04335439706470598	4669.059722007741	3.8660255857861613e27	672.5164058216335	15366.954728406263
0.04342888915588245	4662.971477739585	3.8732790657340144e27	673.6610790866496	15365.791363025179
0.04350338124705892	4656.881123150715	3.8805612529750057e27	674.8056656719635	15364.627510425444
0.043577873338235394	4650.78864188899	3.887872314084326e27	675.9501655414741	15363.463175738105
0.043652365429411866	4644.6940175935415	3.895212416943914e27	677.0945786594655	15362.298364083412
0.04372685752058834	4638.597233873172	3.9025817307565714e27	678.2389049905954	15361.133080566817
0.0438013496117648	4632.498274317743	3.9099804260479976e27	679.383144499898	15359.967330281514
0.04387584170294127	4626.3971225144105	3.917408674698143e27	680.5272971527976	15358.801118311656
0.043950333794117745	4620.293762031723	3.924866649938406e27	681.6713629150938	15357.634449729365
0.044024825885294216	4614.188176428534	3.932354526328074e27	682.8153417529564	15356.467329597162
0.04409931797647069	4608.080349245852	3.939872479816741e27	683.9592336329347	15355.299762966208
0.04417381006764716	4601.970263984396	3.947420687822539e27	685.1030385219618	15354.131754872424
0.04424830215882363	4595.857904142897	3.954999329119061e27	686.2467563873395	15352.96331034374
0.0443227942500001	4589.743253209491	3.9626085838630784e27	687.3903871967374	15351.79443439938
0.04439728634117657	4583.62629465306	3.970248633678808e27	688.5339309182076	15350.62513204769
0.04447177843235304	4577.5070118988115	3.9779196616967657e27	689.6773875201771	15349.45540828181
0.04454627052352951	4571.385388363474	3.9856218524609725e27	690.8207569714367	15348.28526808645
0.04462076261470598	4565.26140745313	3.993355391964139e27	691.9640392411458	15347.114716438706
0.04469525470588245	4559.135052554786	4.0011204677316845e27	693.1072342988454	15345.943758305752
0.044769746797058925	4553.0063070108245	4.008917268829762e27	694.2503421144421	15344.772398640234
0.044844238888235397	4546.875154146769	4.0167459858073286e27	695.3933626582041	15343.600642386182
0.04491873097941187	4540.741577272646	4.0246068107479004e27	696.5362959007708	15342.428494479233
0.04499322307058834	4534.605559668035	4.032499937328832e27	697.6791418131571	15341.255959844002
0.045067715161764804	4528.467084611033	4.040425560757091e27	698.8219003667374	15340.083043400064
0.045142207252941276	4522.326135341562	4.048383877817966e27	699.9645715332467	15338.909750054863
0.04521669934411775	4516.18269504036	4.0563750869698213e27	701.1071552847943	15337.736084700024
0.04529119143529422	4510.036746889891	4.0643993882606375e27	702.2496515938545	15336.562052223375
0.04536568352647069	4503.888274062255	4.0724569833322514e27	703.3920604332585	15335.387657506608
0.04544017561764716	4497.737259696444	4.080548075489276e27	704.5343817762013	15334.212905421331
0.04551466770882363	4491.583686860564	4.0886728697723834e27	705.6766155962445	15333.037800822069
0.045589159800000105	4485.427538630691	4.096831572859474e27	706.8187618673096	15331.862348561479
0.045663651891176577	4479.268798049291	4.1050243931359543e27	707.9608205636795	15330.686553482738
0.04573814398235304	4473.107448139714	4.113251540687214e27	709.1027916599968	15329.510420422424
0.04581263607352951	4466.9434718717785	4.1215132273819735e27	710.2446751312648	15328.333954204205
0.045887128164705984	4460.776852184382	4.1298096668457907e27	711.3864709528449	15327.157159643422
0.045961620255882456	4454.607571998331	4.1381410744537487e27	712.5281791004567	15325.980041549761
0.04603611234705893	4448.435614206308	4.1465076673722936e27	713.6697995501784	15324.802604725613
0.0461106044382354	4442.2609616735945	4.154909664574668e27	714.8113322784458	15323.624853966183
0.04618509652941187	4436.083597188272	4.163347286928088e27	715.9527772620518	15322.446794050702
0.04625958862058834	4429.903503534773	4.171820757107268e27	717.0941344781451	15321.268429756246
0.04633408071176481	4423.720663457498	4.180330299656453e27	718.2354039042295	15320.08976585119
0.04640857280294128	4417.535059686874	4.1888761409907163e27	719.3765855181639	15318.910807100505
0.04648306489411775	4411.346674903242	4.1974585094554463e27	720.5176792981609	15317.731558258853
0.04655755698529422	4405.155491718948	4.206077635359383e27	721.6586852227873	15316.552024067914
0.04663204907647069	4398.961492742404	4.214733750925663e27	722.7996032709639	15315.372209268195
0.046706541167647164	4392.764660538269	4.22342709035545e27	723.9404334219644	15314.192118596437
0.046781033258823636	4386.56497764865	4.23215788981645e27	725.081175655414	15313.011756736161
0.04685552535000011	4380.362426558595	4.240926387542126e27	726.2218299512846	15311.831128327176
0.04693001744117658	4374.156989710463	4.2497328237880036e27	727.3623962898935	15310.650238046632
0.04700450953235305	4367.948649512153	4.258577440838486e27	728.5028746519066	15309.469090588751
0.047079001623529515	4361.737388331034	4.2674604830689627e27	729.6432650183414	15308.287690637488
0.04715349371470599	4355.523188500891	4.276382196940484e27	730.7835673705646	15307.106042871355
0.04722798580588246	4349.30603228432	4.28534283109253e27	731.9237816902904	15305.924151956151
0.04730247789705893	4343.085901912843	4.2943426362832424e27	733.0639079595794	15304.742022553033
0.0473769699882354	4336.862779581661	4.3033818654210495e27	734.2039461608385	15303.559659317674
0.04745146207941187	4330.636647442807	4.312460773602995e27	735.3438962768215	15302.377066899033
0.047525954170588344	4324.407487607181	4.3215796181445917e27	736.4837582906298	15301.194249940103
0.047600446261764816	4318.175282110356	4.3307386586648577e27	737.6235321857106	15300.011213071768
0.04767493835294129	4311.9400129607775	4.339938157004519e27	738.763217945855	15298.82796092182
0.04774943044411775	4305.701662121833	4.3491783772848955e27	739.9028155551977	15297.644498112031
0.047823922535294223	4299.460211513172	4.358459585927365e27	741.0423249982172	15296.460829258967
0.047898414626470695	4293.215643004825	4.3677820516996337e27	742.1817462597362	15295.276958972243
0.04797290671764717	4286.967938390762	4.377146045803928e27	743.3210793249223	15294.092891849876
0.04804739880882364	4280.7170794374515	4.386551841784726e27	744.4603241792843	15292.908632488685
0.04812189090000011	4274.463047859041	4.3959997156029837e27	745.5994808086731	15291.724185478864
0.04819638299117658	4268.205825325437	4.4054899456438734e27	746.7385491992807	15290.539555405912
0.04827087508235305	4261.945393447172	4.4150228127766323e27	747.8775293376394	15289.354746848296
0.04834536717352952	4255.681733760256	4.42459860042744e27	749.0164212106243	15288.169764374621
0.04841985926470599	4249.414827770361	4.4342175945036507e27	750.1552248054511	15286.984612552187
0.04849435135588246	4243.144656925012	4.443880083473951e27	751.2939401096748	15285.79929594192
0.04856884344705893	4236.871202627771	4.453586358365156e27	752.43256711119	15284.613819101534
0.048643335538235404	4230.594446205683	4.4633367128588257e27	753.5711057982298	15283.428186579255
0.048717827629411875	4224.314368923602	4.473131443288181e27	754.7095561593658	15282.242402917054
0.04879231972058835	4218.030952004245	4.4829708486231755e27	755.8479181835077	15281.056472654587
0.04886681181176482	4211.7441766084585	4.4928552305510314e27	756.9861918599044	15279.870400325524
0.04894130390294129	4205.454023864458	4.502784893474047e27	758.1243771781435	15278.684190463691
0.049015795994117754	4199.160474789717	4.5127601446067834e27	759.2624741281468	15277.497847588467
0.049090288085294226	4192.863510360859	4.522781293942912e27	760.4004827001746	15276.311376217822
0.0491647801764707	4186.563111501188	4.532848654289153e27	761.5384028848233	15275.124780866236
0.04923927226764717	4180.259259086909	4.542962541287436e27	762.6762346730251	15273.938066046445
0.04931376435882364	4173.951933896903	4.553123273519936e27	763.8139780560482	15272.75123626031
0.04938825645000011	4167.641116646592	4.5633311725053124e27	764.9516330254963	15271.564296005201
0.049462748541176584	4161.3267880100575	4.57358656269019e27	766.0891995733078	15270.377249778368
0.049537240632353055	4155.008928584831	4.583889771522197e27	767.2266776917561	15269.190102070794
0.04961173272352953	4148.687518914179	4.594241129460079e27	768.3640673734478	15268.002857371435
0.04968622481470599	4142.362539476037	4.604640970027542e27	769.5013686113264	15266.815520165568
0.04976071690588246	4136.033970633442	4.6150896299055176e27	770.6385813986668	15265.62809492543
0.049835208997058934	4129.701792725297	4.6255874488672814e27	771.7757057290779	15264.440586128207
0.049909701088235406	4123.365986010122	4.6361347698600275e27	772.9127415965022	15263.25299824499
0.04998419317941188	4117.026530679869	4.646731939034016e27	774.0496889952146	15262.065335743317
0.05005868527058835	4110.683406871397	4.657379305757563e27	775.1865479198229	15260.877603090521
0.05013317736176482	4104.336594603947	4.6680772227620684e27	776.3233183652678	15259.689804742002
0.05020766945294129	4097.986073837552	4.678826046067557e27	777.4600003268213	15258.50194515222
0.050282161544117764	4091.6318244765407	4.689626135042596e27	778.5965938000874	15257.314028775882
0.05035665363529423	4085.273826363688	4.700477852433068e27	779.7330987810013	15256.126060066976
0.0504311457264707	4078.9120592358927	4.711381564471312e27	780.8695152658311	15254.93804347061
0.05050563781764717	4072.5465027446985	4.7223376408929274e27	782.0058432511743	15253.74998342063
0.05058012990882364	4066.1771364909678	4.733346454918881e27	783.1420827339565	15252.561884271667
0.050654622000000114	4059.8039399940403	4.744408383346628e27	784.2782337114289	15251.373750423756
0.050729114091176586	4053.4268927008434	4.755523806561717e27	785.4142961811704	15250.185586302056
0.05080360618235306	4047.0459739790313	4.766693108614135e27	786.5502701410924	15248.997396327999
0.05087809827352953	4040.6611630697907	4.777916677297274e27	787.6861555894321	15247.80918491148
0.050952590364706	4034.272439159059	4.789194904110522e27	788.8219525247571	15246.620956464114
0.051027082455882465	4027.879781359752	4.800528184339686e27	789.9576609459627	15245.432715396615
0.05110157454705894	4021.483168698121	4.8119169170945714e27	791.0932808522733	15244.244466116723
0.05117606663823541	4015.0825801311025	4.8233615053363793e27	792.228812243241	15243.056213030563
0.05125055872941188	4008.677994479151	4.83486235604154e27	793.3642551187461	15241.867960532854
0.05132505082058835	4002.269390504392	4.846419880109575e27	794.4996094789961	15240.679713020983
0.05139954291176482	3995.856746880048	4.85803449246213e27	795.6348753245264	15239.4914748895
0.051474035002941294	3989.4400421897917	4.869706612086408e27	796.7700526561991	15238.303250530209
0.051548527094117766	3983.0192549557187	4.881436662062691e27	797.9051414752041	15237.11504433828
0.05162301918529423	3976.5943635521517	4.8932250697288105e27	799.0401417830576	15235.92686069537
0.0516975112764707	3970.1653462878944	4.9050722666035573e27	800.1750535816029	15234.738703985298
0.051772003367647174	3963.7321813795843	4.9169786884792e27	801.3098768730093	15233.550578590173
0.051846495458823645	3957.2948469562843	4.9289447754647456e27	802.4446116597728	15232.362488891198
0.05192098755000012	3950.853321060972	4.9409709720314396e27	803.5792579447157	15231.174439269402
0.05199547964117659	3944.4075815868605	4.953057727184738e27	804.7138157309862	15229.986434094317
0.05206997173235306	3937.957606376332	4.965205494357177e27	805.8482850220581	15228.798477741631
0.05214446382352953	3931.503373159053	4.977414731541903e27	806.9826658217312	15227.610574582048
0.052218955914706	3925.044859567974	4.989685901336187e27	808.1169581341306	15226.422728985672
0.05229344800588247	3918.582043139403	5.002019470961739e27	809.2511619637049	15225.234945321648
0.05236794009705894	3912.1149013148693	5.014415912423775e27	810.3852773152341	15224.047227959052
0.05244243218823541	3905.6434114021376	5.02687570256635e27	811.5193041938214	15222.859581260851
0.05251692427941188	3899.167550606633	5.039399322959287e27	812.6532426048876	15221.67200958653
0.052591416370588354	3892.687296051251	5.051987260126278e27	813.787092554186	15220.484517300016
0.052665908461764825	3886.202624755268	5.064640005558009e27	814.9208540477928	15219.297108764275
0.0527404005529413	3879.7135136297625	5.077358055747225e27	816.0545270921092	15218.109788341131
0.05281489264411777	3873.2199394214026	5.090141912397495e27	817.1881116938615	15216.922560382469
0.05288938473529424	3866.72187882807	5.102992082278447e27	818.3216078600997	15215.735429248345
0.052963876826470704	3860.2193084105606	5.115909077416029e27	819.4550155981987	15214.54839929409
0.053038368917647176	3853.712204618429	5.128893415124293e27	820.5883349158579	15213.361474874635
0.05311286100882365	3847.200543817206	5.141945618044156e27	821.7215658211014	15212.174660350414
0.05318735310000012	3840.6843022127755	5.155066214331068e27	822.8547083222775	15210.987960073051
0.05326184519117659	3834.1634558890464	5.168255737641395e27	823.9877624280587	15209.801378391525
0.05333633728235306	3827.637980844248	5.181514727159731e27	825.1207281474414	15208.61491966107
0.053410829373529534	3821.10785296082	5.194843727722043e27	826.2536054897469	15207.42858823724
0.053485321464706005	3814.5730479860067	5.208243289891352e27	827.3863944646201	15206.242388474086
0.05355981355588248	3808.0335415156624	5.221713970110095e27	828.5190950820312	15205.056324718085
0.05363430564705894	3801.4893090596947	5.235256330630639e27	829.6517073522738	15203.870401323175
0.05370879773823541	3794.940325989633	5.2488709396736e27	830.7842312859658	15202.68462264141
0.053783289829411884	3788.3865675538464	5.262558371485456e27	831.916666894049	15201.498993026227
0.053857781920588356	3781.8280088794495	5.27631920641081e27	833.0490141877893	15200.313516831286
0.05393227401176483	3775.2646249721015	5.290154030957238e27	834.1812731787771	15199.128198412123
0.0540067661029413	3768.696390661729	5.304063438144479e27	835.3134438789333	15197.943042116944
0.05408125819411777	3762.123280672786	5.31804802706562e27	836.4455263004901	15196.758052301537
0.05415575028529424	3755.545269610315	5.332108403390582e27	837.5775204560131	15195.573233305462
0.054230242376470714	3748.9623319467128	5.346245179294353e27	838.7094263583867	15194.388589409835
0.05430473446764718	3742.3744420277967	5.360458973568576e27	839.841244020815	15193.204124945207
0.05437922655882365	3735.781573992705	5.374750411816469e27	840.9729734568259	15192.01984425108
0.05445371865000012	3729.1837019004515	5.389120126348182e27	842.1046146802711	15190.835751674864
0.05452821074117659	3722.5807996534554	5.403568756413551e27	843.2361677053257	15189.651851562045
0.054602702832353064	3715.972841013446	5.418096948234054e27	844.3676325464887	15188.468148259813
0.054677194923529536	3709.359799623104	5.43270535506772e27	845.499009218583	15187.284646121145
0.05475168701470601	3702.741648922337	5.447394637479774e27	846.6302977367554	15186.101349487295
0.05482617910588248	3696.118362231696	5.462165463254437e27	847.7614981164763	15184.918262706877
0.05490067119705895	3689.4899127170524	5.477018507565441e27	848.89261037354	15183.73539012929
0.054975163288235415	3682.8562734075886	5.491954453073848e27	850.023634524065	15182.552736106003
0.05504965537941189	3676.2174171823576	5.506973990006007e27	851.1545705844941	15181.370304990021
0.05512414747058836	3669.5733167670196	5.522077816280225e27	852.2854185715943	15180.18810113666
0.05519863956176483	3662.923944678634	5.537266637736389e27	853.4161785024569	15179.006128893254
0.0552731316529413	3656.269273337668	5.552541168014346e27	854.546850394497	15177.824392617884
0.05534762374411777	3649.609274976016	5.567902128821525e27	855.6774342654548	15176.642896665928
0.055422115835294244	3642.943921681496	5.583350249967508e27	856.8079301333952	15175.461645398522
0.055496607926470716	3636.273185384974	5.598886269493758e27	857.9383380167068	15174.280643177133
0.05557110001764718	3629.597037804019	5.614510933951459e27	859.0686579341042	15173.099894357689
0.05564559210882365	3622.9154505245465	5.63022499826989e27	860.1988899046269	15171.919403305334
0.055720084200000124	3616.2283949638745	5.646029226019857e27	861.3290339476388	15170.739174384711
0.055794576291176595	3609.535842359025	5.661924389498677e27	862.4590900828294	15169.55921196207
0.05586906838235307	3602.8377637859485	5.677911269842649e27	863.5890583302131	15168.379520409084
0.05594356047352954	3596.1341301544826	5.693990657207635e27	864.7189387101319	15167.200104098489
0.05601805256470601	3589.424912181219	5.710163350784922e27	865.8487312432501	15166.020967403994
0.05609254465588248	3582.710080375971	5.726430159169877e27	866.9784359505603	15164.842114697503
0.05616703674705895	3575.9896051169667	5.742791900219409e27	868.1080528533804	15163.663550359892
0.05624152883823542	3569.263456572236	5.759249401355248e27	869.2375819733547	15162.485278771219
0.05631602092941189	3562.531604738868	5.775803499617926e27	870.3670233324544	15161.307304317412
0.05639051302058836	3555.794019448685	5.792455041820957e27	871.4963769529771	15160.129631388822
0.05646500511176483	3549.050670271465	5.809204884873819e27	872.6256428575475	15158.952264367836
0.056539497202941304	3542.301526641928	5.826053895621316e27	873.7548210691162	15157.775207649196
0.056613989294117775	3535.5465577908567	5.843002951219774e27	874.8839116109626	15156.598465628122
0.05668848138529425	3528.7857327551847	5.860052939186341e27	876.0129145066929	15155.422042704973
0.05676297347647072	3522.019020399722	5.877204757515558e27	877.1418297802418	15154.245943286545
0.05683746556764719	3515.2463893239537	5.894459315054296e27	878.2706574558713	15153.070171771971
0.056911957658823654	3508.4678079643663	5.911817531403434e27	879.3993975581715	15151.894732572286
0.056986449750000126	3501.6832445524183	5.929280337219067e27	880.5280501120619	15150.719630099811
0.0570609418411766	3494.892667109602	5.946848674366072e27	881.6566151427911	15149.544868772531
0.05713543393235307	3488.0960434650606	5.964523495969209e27	882.785092675936	15148.370453013791
0.05720992602352954	3481.2933412164666	5.982305766758474e27	883.9134827374033	15147.196387247881
0.05728441811470601	3474.4845277245126	6.000196463228305e27	885.04178535343	15146.022675900847
0.057358910205882484	3467.669570166197	6.018196573658632e27	886.1700005505824	15144.849323406324
0.057433402297058955	3460.8484354918696	6.036307098425036e27	887.298128355757	15143.67633420355
0.05750789438823543	3454.0210904251726	6.05452905017406e27	888.4261687961827	15142.50371273411
0.05758238647941189	3447.1875014752204	6.072863453870867e27	889.5541218994165	15141.331463446717
0.05765687857058836	3440.3476349386215	6.091311347169726e27	890.6819876933498	15140.159590789826
0.057731370661764835	3433.5014568306574	6.109873780742647e27	891.8097662062041	15138.988099153063
0.057805862752941306	3426.6489329771625	6.128551818010101e27	892.937457466525	15137.816992970154
0.05788035484411778	3419.7900289548797	6.147346535742582e27	894.065061503192	15136.646276697524
0.05795484693529425	3412.9247101033034	6.166259024102379e27	895.192578345417	15135.475954797283
0.05802933902647072	3406.0529415537812	6.185290386827145e27	896.3200080227438	15134.306031740583
0.05810383111764719	3399.174688117282	6.204441741698279e27	897.4473505650498	15133.136511991126
0.058178323208823664	3392.289914416729	6.223714220391666e27	898.5746060025441	15131.96740002726
0.05825281530000013	3385.398584803758	6.243108968972888e27	899.7017743657707	15130.798700328876
0.0583273073911766	3378.500663386052	6.262627147999931e27	900.8288556856077	15129.630417382963
0.05840179948235307	3371.596114021729	6.282269932732235e27	901.9558499932668	15128.462555681914
0.05847629157352954	3364.6849003172842	6.302038513380915e27	903.0827573202947	15127.295119726456
0.058550783664706015	3357.7669855766844	6.32193409556153e27	904.2095776985739	15126.128114013885
0.058625275755882486	3350.842332867461	6.341957900247045e27	905.3363111603222	15124.961543054409
0.05869976784705896	3343.9109049857343	6.362111164099861e27	906.4629577380929	15123.795411361127
0.05877425993823543	3336.972664456535	6.382395139792271e27	907.5895174647762	15122.629723455577
0.0588487520294119	3330.027573535381	6.402811096135622e27	908.7159903735984	15121.464483863856
0.058923244120588365	3323.0755942159385	6.423360318577293e27	909.8423764981266	15120.299697123482
0.05899773621176484	3316.116688167156	6.444044109370322e27	910.9686758722643	15119.135367768522
0.05907222830294131	3309.150816781942	6.464863787551834e27	912.0948885302488	15117.971500343487
0.05914672039411778	3302.177941192109	6.485820689666816e27	913.2210145066612	15116.808099401775
0.05922121248529425	3295.1980222192237	6.506916169827715e27	914.3470538364209	15115.645169502595
0.05929570457647072	3288.2110204144287	6.528151599958295e27	915.4730065547865	15114.482715214335
0.059370196667647195	3281.2168960093013	6.549528370251912e27	916.5988726973582	15113.320741110618
0.059444688758823666	3274.215608906325	6.571047889420211e27	917.7246523000756	15112.1592517665
0.05951918085000013	3267.207118739363	6.592711584934412e27	918.8503453992208	15110.998251771767
0.0595936729411766	3260.191384813269	6.614520903365219e27	919.9759520314177	15109.837745719788
0.059668165032353074	3253.16836613411	6.636477310695164e27	921.1014722336319	15108.677738214605
0.059742657123529545	3246.1380213833404	6.658582292664862e27	922.2269060431723	15107.518233866851
0.05981714921470602	3239.100308934551	6.680837355215947e27	923.3522534976946	15106.35923729697
0.05989164130588249	3232.055186819239	6.703244024566074e27	924.4775146351952	15105.200753131883
0.05996613339705896	3225.0026127119654	6.725803847854158e27	925.6026894940159	15104.04278600086
0.06004062548823543	3217.942543995413	6.748518393294061e27	926.7277781128448	15102.885340550294
0.0601151175794119	3210.8749376933815	6.771389250630031e27	927.8527805307168	15101.728421430253
0.06018960967058837	3203.799750496989	6.794418031446356e27	928.9776967870124	15100.57203330216
0.06026410176176484	3196.716938772985	6.81760636950124e27	930.1025269214607	15099.41618083998
0.06033859385294131	3189.6264584816668	6.84095592137967e27	931.2272709741392	15098.260868717223
0.06041308594411778	3182.528265256207	6.864468366533885e27	932.3519289854721	15097.106101622316
0.060487578035294254	3175.422314366636	6.888145407901392e27	933.4765009962349	15095.951884251761
0.060562070126470725	3168.3085607199064	6.911988772292274e27	934.6009870475536	15094.79822131283
0.0606365622176472	3161.186958861109	6.936000210659338e27	935.7253871809041	15093.645117523653
0.06071105430882367	3154.0574629740013	6.960181498642695e27	936.8497014381148	15092.492577614063
0.06078554640000014	3146.920026805039	6.984534437210226e27	937.9739298613667	15091.34060631595
0.060860038491176605	3139.774603758168	7.009060852710339e27	939.0980724931935	15090.189208377147
0.060934530582353076	3132.6211468393467	7.03376259755573e27	940.2221293764829	15089.038388555224
0.06100902267352955	3125.4596086665624	7.058641550669078e27	941.3461005544782	15087.888151618054
0.06108351476470602	3118.2899414722706	7.083699617826563e27	942.469986070775	15086.738502287444
0.06115800685588249	3111.1120970865954	7.108938732299313e27	943.5937859693228	15085.589445315512
0.06123249894705896	3103.9260268721337	7.134360855436372e27	944.7175002944248	15084.440985487654
0.061306991038235434	3096.731681825359	7.159967976928383e27	945.8411290907433	15083.293127606205
0.061381483129411905	3089.5290125070374	7.185762115456577e27	946.9646724032975	15082.145876482862
0.06145597522058838	3082.317969051724	7.211745319130783e27	948.0881302774652	15080.99923694106
0.06153046731176484	3075.0985011715134	7.237919666096872e27	949.2115027589838	15079.853213815897
0.06160495940294131	3067.870558147946	7.264287265176293e27	950.3347898939536	15078.707811955965
0.061679451494117785	3060.6340887991432	7.290850256269238e27	951.4579917288344	15077.56303621892
0.061753943585294256	3053.3890414742923	7.317610811074108e27	952.5811083104477	15076.418891470641
0.06182843567647073	3046.1353640964726	7.344571133599917e27	953.7041396859797	15075.275382593794
0.0619029277676472	3038.873004119255	7.371733460755814e27	954.82708590298	15074.13251448301
0.06197741985882367	3031.6019085262265	7.399100062946206e27	955.9499470093625	15072.990292044697
0.06205191195000014	3024.3220238521308	7.426673244712758e27	957.0727230534086	15071.84872020196
0.062126404041176614	3017.0332961185595	7.454455345534406e27	958.1954140837661	15070.707803886242
0.06220089613235308	3009.7356708467823	7.482448740426869e27	959.3180201494507	15069.567548040242
0.06227538822352955	3002.4290930839043	7.510655840406852e27	960.4405412998467	15068.427957623166
0.06234988031470602	2995.113507379057	7.539079093344489e27	961.5629775847079	15067.289037608081
0.06242437240588249	2987.788857765401	7.567720984635984e27	962.6853290541591	15066.150792981063
0.062498864497058965	2980.455087780151	7.596584038248133e27	963.8075957587007	15065.013228745609
0.06257335658823543	2973.1121404205496	7.625670816636199e27	964.9297777492001	15063.876349916538
0.06264784867941191	2965.7599581316626	7.654983922464395e27	966.051875076903	15062.740161519494
0.06272234077058837	2958.3984828488547	7.684525998791974e27	967.1738877934284	15061.604668599666
0.06279683286176485	2951.027655952748	7.714299729935801e27	968.2958159507723	15060.469876215751
0.06287132495294132	2943.6474182762886	7.744307842481007e27	969.4176596013081	15059.335789442735
0.0629458170441178	2936.2577100951244	7.77455310588867e27	970.5394187977878	15058.20241337136
0.06302030913529426	2928.858471138774	7.805038333439333e27	971.6610935933433	15057.069753111573
0.06309480122647074	2921.449640498251	7.835766383324813e27	972.7826840414881	15055.937813780241
0.0631692933176472	2914.031156717382	7.866740158995368e27	973.9041901961152	15054.806600516456
0.06324378540882367	2906.6029577398335	7.897962610648697e27	975.0256121115038	15053.676118474947
0.06331827750000014	2899.164980910474	7.929436735895368e27	976.1469498423173	15052.546372827675
0.06339276959117661	2891.717162962417	7.961165580631468e27	977.2682034436036	15051.417368763954
0.06346726168235309	2884.259440027427	7.993152240075092e27	978.389372970799	15050.289111493144
0.06354175377352955	2876.7917476013426	8.02539985988717e27	979.5104584797281	15049.161606241634
0.06361624586470603	2869.31402049623	8.057911637289487e27	980.6314600266053	15048.034858247082
0.0636907379558825	2861.8261929222704	8.090690821866744e27	981.7523776680362	15046.908872772314
0.06376523004705897	2854.3281984207624	8.123740716710904e27	982.8732114610197	15045.783655097346
0.06383972213823544	2846.819969868342	8.157064679462495e27	983.9939614629468	15044.659210521771
0.0639142142294119	2839.3014394719844	8.190666123628104e27	985.1146277316054	15043.535544365275
0.06398870632058838	2831.7725387660944	8.224548519748464e27	986.235210325182	15042.412661969975
0.06406319841176485	2824.233198547292	8.258715396499527e27	987.3557093022596	15041.290568691811
0.06413769050294132	2816.683348914529	8.29317034175754e27	988.4761247218204	15040.169269908958
0.06421218259411779	2809.122919265552	8.32791700412519e27	989.5964566432491	15039.048771019756
0.06428667468529427	2801.5518382661294	8.362959094029656e27	990.7167051263314	15037.929077382074
0.06436116677647073	2793.9700338451703	8.398300385264494e27	991.836870231253	15036.81019439787
0.06443565886764721	2786.3774331782142	8.433944716020948e27	992.9569520186044	15035.69212752042
0.06451015095882368	2778.7739627089145	8.469895990451412e27	994.0769505493828	15034.574882227942
0.06458464305000014	2771.159548027903	8.506158180336599e27	995.1968658849944	15033.458464008998
0.06465913514117662	2763.53411399741	8.542735325901561e27	996.3166980872539	15032.342878382891
0.06473362723235308	2755.897584661224	8.579631538126426e27	997.4364472183904	15031.228130888545
0.06480811932352956	2748.2498832633937	8.616850999606982e27	998.5561133410448	15030.114227089307
0.06488261141470603	2740.5909322218517	8.654397966261193e27	999.6756965182725	15029.001172571903
0.0649571035058825	2732.920653141167	8.692276769368511e27	1000.7951968135487	15027.888972949784
0.06503159559705897	2725.23896673677	8.730491816906636e27	1001.9146142907659	15026.777633854883
0.06510608768823543	2717.5457928639935	8.769047595162738e27	1003.0339490142366	15025.66716094434
0.06518057977941191	2709.841050513577	8.807948670591453e27	1004.1532010486958	15024.557559901856
0.06525507187058838	2702.124657788025	8.847199691798451e27	1005.2723704593037	15023.448836437103
0.06532956396176486	2694.3965318807154	8.886805391227463e27	1006.3914573116471	15022.34099628495
0.06540405605294132	2686.656589083272	8.926770586772388e27	1007.5104616717389	15021.234045209188
0.0654785481441178	2678.9047447533635	8.967100184152838e27	1008.6293836060248	15020.127989000383
0.06555304023529426	2671.1409132480394	9.007799179072376e27	1009.7482231813809	15019.022833469187
0.06562753232647074	2663.365008001027	9.048872658727576e27	1010.866980465119	15017.91858445995
0.0657020244176472	2655.5769414612014	9.090325804182301e27	1011.9856555249854	15016.815247844876
0.06577651650882367	2647.7766250755203	9.132163892606947e27	1013.104248429166	15015.712829523922
0.06585100860000015	2639.9639692834357	9.174392299464551e27	1014.2227592462876	15014.611335427515
0.06592550069117661	2632.1388835059347	9.217016500610665e27	1015.3411880454192	15013.51077151738
0.06599999278235309	2624.3012761216564	9.260042074866868e27	1016.4595348960752	15012.411143786218
0.06607448487352956	2616.4510543911956	9.303474706798675e27	1017.5777998682175	15011.312458250393
0.06614897696470604	2608.5881245365804	9.347320188580358e27	1018.695983032258	15010.214720964013
0.0662234690558825	2600.7123916732485	9.391584422689775e27	1019.8140844590592	15009.117938012305
0.06629796114705898	2592.823759795661	9.436273425049526e27	1020.9321042199405	15008.02211551341
0.06637245323823544	2584.922131763535	9.4813933269359e27	1022.0500423866756	15006.927259619102
0.06644694532941191	2577.0074092996774	9.526950378416062e27	1023.1678990314994	15005.833376517901
0.06652143742058839	2569.0794929279045	9.57295095123615e27	1024.2856742271101	15004.740472430394
0.06659592951176485	2561.1382819524006	9.619401541533808e27	1025.4033680466678	15003.648553609304
0.06667042160294133	2553.1836744881643	9.666308772692496e27	1026.5209805638015	15002.557626347918
0.0667449136941178	2545.215567405382	9.713679399115887e27	1027.6385118526102	15001.46769697507
0.06681940578529427	2537.233856316997	9.761520308855884e27	1028.7559619876658	15000.378771857906
0.06689389787647074	2529.238435552222	9.809838527144382e27	1029.8733310440152	14999.290857401966
0.06696838996764722	2521.229198158964	9.858641220006779e27	1030.990619097185	14998.203960055376
0.06704288205882368	2513.206035823413	9.907935697688608e27	1032.1078262231836	14997.118086301263
0.06711737415000014	2505.168838880708	9.9577294180549e27	1033.2249524985018	14996.033242663789
0.06719186624117662	2497.1174962978534	1.0008029990986013e28	1034.3419980001206	14994.949435710927
0.06726635833235309	2489.0518956507685	1.0058845181392216e28	1035.4589628055103	14993.866672020811
0.06734085042352957	2480.971923095373	1.0110182913954222e28	1036.575846992629	14992.784958158054
0.06741534251470603	2472.8774633293338	1.0162051276568396e28	1037.6926506399284	14991.70430079792
0.06748983460588251	2464.768399602209	1.021445852522339e28	1038.8093738263606	14990.62470666783
0.06756432669705897	2456.6446136074187	1.026741308830511e28	1039.9260166313802	14989.546182533024
0.06763881878823545	2448.5059855316904	1.0320923570241072e28	1041.0425791349453	14988.46873520761
0.06771331087941192	2440.352393997668	1.037499875754784e28	1042.1590614175257	14987.392371551587
0.06778780297058838	2432.1837160455366	1.0429647622459917e28	1043.275463560103	14986.317098473211
0.06786229506176486	2423.999827103664	1.048487932842562e28	1044.3917856441763	14985.242922929945
0.06793678715294132	2415.8006009473625	1.0540703235208407e28	1045.508027751763	14984.1698519282
0.0680112792441178	2407.585909687432	1.059712890387369e28	1046.6241899654053	14983.097892526519
0.06808577133529427	2399.3556237367734	1.0654166102388946e28	1047.7402723681732	14982.027051836652
0.06816026342647075	2391.1096117038505	1.0711824811965538e28	1048.856275043669	14980.957337015345
0.06823475551764721	2382.847740474755	1.0770115231486148e28	1049.9721980760282	14979.888755279617
0.06830924760882369	2374.5698751126165	1.0829047784862827e28	1051.0880415499282	14978.821313900344
0.06838373970000015	2366.275878846035	1.0888633125779513e28	1052.2038055505877	14977.75502020524
0.06845823179117662	2357.965613015786	1.0948882146249479e28	1053.3194901637764	14976.68988157902
0.0685327238823531	2349.6389370687866	1.1009805980815644e28	1054.4350954758147	14975.625905467658
0.06860721597352956	2341.2957085131866	1.1071416014451631e28	1055.550621573579	14974.563099379258
0.06868170806470604	2332.9357828024545	1.1133723890787953e28	1056.6660685445088	14973.501470875313
0.0687562001558825	2324.559013406498	1.1196741517697197e28	1057.7814364766077	14972.441027586032
0.06883069224705898	2316.1652517226144	1.1260481075601968e28	1058.8967254584522	14971.381777205817
0.06890518433823545	2307.7543470397845	1.13249550254454e28	1060.011935579192	14970.323727495435
0.06897967642941193	2299.3261464981574	1.1390176116325675e28	1061.1270669285593	14969.266886283616
0.06905416852058839	2290.8804950452845	1.1456157394873407e28	1062.2421195968716	14968.211261468663
0.06912866061176486	2282.4172354225925	1.1522912212199072e28	1063.3570936750375	14967.156861023766
0.06920315270294133	2273.936208018869	1.1590454234826367e28	1064.4719892545613	14966.10369298647
0.0692776447941178	2265.437250935252	1.1658797452927212e28	1065.5868064275496	14965.051765474014
0.06935213688529428	2256.9201998935137	1.1727956190141505e28	1066.7015452867165	14964.00108667978
0.06942662897647074	2248.384888195384	1.1797945113379255e28	1067.8162059253884	14962.951664876391
0.06950112106764722	2239.8311466627824	1.1868779244307926e28	1068.9307884375137	14961.903508416124
0.06957561315882368	2231.2588036013804	1.1940473967944185e28	1070.0452929176624	14960.856625735094
0.06965010525000016	2222.667684764785	1.2013045045535649e28	1071.1597194610388	14959.811025357383
0.06972459734117663	2214.0576132225365	1.208650862628204e28	1072.2740681634841	14958.76671588755
0.06979908943235309	2205.4284093795673	1.2160881257728656e28	1073.388339121484	14957.723706022336
0.06987358152352957	2196.7798909026515	1.2236179899441819e28	1074.5025324321755	14956.682004550708
0.06994807361470604	2188.111872661594	1.2312421935372335e28	1075.6166481933533	14955.641620356539
0.07002256570588251	2179.424166661207	1.2389625188208914e28	1076.7306865034793	14954.60256241988
0.07009705779705898	2170.7165819981083	1.2467807931530912e28	1077.8446474616849	14953.564839751218
0.07017154988823546	2161.98892479576	1.2546988904492454e28	1078.9585311677724	14952.528461430351
0.07024604197941192	2153.240998142607	1.2627187329121921e28	1080.072337722231	14951.493436719848
0.0703205340705884	2144.4726019690634	1.2708422922757696e28	1081.186067226241	14950.45977498289
0.07039502616176486	2135.683533042873	1.2790715916271961e28	1082.2997197816858	14949.427485693262
0.07046951825294133	2126.873584886799	1.2874087070042503e28	1083.4132954911581	14948.396578436554
0.07054401034411781	2118.0425477055214	1.2958557691538177e28	1084.5267944579693	14947.367062913598
0.07061850243529427	2109.1902083157224	1.304414965279949e28	1085.6402167861565	14946.338948943887
0.07069299452647075	2100.316350054603	1.3130885411646204e28	1086.7535625804958	14945.312246466956
0.07076748661764722	2091.420752748882	1.3218788027237328e28	1087.8668319465044	14944.28696555158
0.0708419787088237	2082.503192576813	1.3307881184507217e28	1088.9800249904577	14943.263116392234
0.07091647080000016	2073.5634419880867	1.3398189213322112e28	1090.093141819393	14942.240709313646
0.07099096289117664	2064.6012696645053	1.3489737111222115e28	1091.2061825411229	14941.219754779288
0.0710654549823531	2055.61644041437	1.3582550566290986e28	1092.3191472642454	14940.20026339398
0.07113994707352957	2046.608715088025	1.367665598049998e28	1093.4320360981512	14939.1822459079
0.07121443916470604	2037.5778504732411	1.3772080497320021e28	1094.544849153042	14938.16571321998
0.07128893125588251	2028.523599229407	1.3868852022920845e28	1095.6575865399311	14937.150676385838
0.07136342334705899	2019.4457097892894	1.3966999259328997e28	1096.7702483706673	14936.137146621662
0.07143791543823545	2010.3439261926653	1.4066551727594493e28	1097.8828347579363	14935.125135302798
0.07151240752941193	2001.2179880654126	1.4167539800931012e28	1098.99534581528	14934.11465397705
0.0715868996205884	1992.0676304908668	1.42699947336312e28	1100.1077816571055	14933.105714368383
0.07166139171176487	1982.8925838996176	1.4373948694601293e28	1101.2201423987024	14932.09832838163
0.07173588380294134	1973.6925739680266	1.4479434799291744e28	1102.332428156251	14931.092508110336
0.0718103758941178	1964.4673214964002	1.4586487146690774e28	1103.4446390468418	14930.088265841172
0.07188486798529428	1955.2165423035524	1.469514085437518e28	1104.5567751884873	14929.085614062671
0.07195936007647075	1945.9399471203644	1.4805432098736812e28	1105.668836700138	14928.084565473235
0.07203385216764722	1936.6372414081457	1.491739815341066e28	1106.7808237016986	14927.08513298199
0.07210834425882369	1927.3081252808054	1.5031077432096636e28	1107.8927363140428	14926.087329721917
0.07218283635000017	1917.9522933752005	1.5146509532652913e28	1109.0045746590324	14925.091169057716
0.07225732844117663	1908.5694347128529	1.5263735282719003e28	1110.1163388595326	14924.096664593962
0.07233182053235311	1899.1592325704603	1.5382796786279646e28	1111.2280290394308	14923.103830184207
0.07240631262352958	1889.7213643133864	1.5503737479289964e28	1112.3396453236587	14922.112679938406
0.07248080471470604	1880.2555012875214	1.5626602175666387e28	1113.4511878382064	14921.123228235989
0.07255529680588252	1870.7613086761494	1.5751437124869172e28	1114.562656710145	14920.13548973665
0.07262978889705898	1861.2384452796398	1.5878290074195712e28	1115.6740520676503	14919.149479380472
0.07270428098823546	1851.6865634162307	1.6007210323984545e28	1116.785374040017	14918.165212251648
0.07277877307941193	1842.105308758382	1.613824879450372e28	1117.8966227576723	14917.182703786975
0.0728532651705884	1832.494320158599	1.6271458090936832e28	1119.0077983522112	14916.20196981732
0.07292775726176487	1822.853229467457	1.6406892578531137e28	1120.1189009564198	14915.223026503534
0.07300224935294133	1813.181661389634	1.6544608448045598e28	1121.2299307042992	14914.24589035382
0.07307674144411781	1803.4792332741488	1.6684663802116015e28	1122.340887731096	14913.270578234415
0.07315123353529428	1793.7455549600377	1.6827118732007797e28	1123.4517721733255	14912.297107387318
0.07322572562647076	1783.980228574547	1.6972035403391808e28	1124.562584168802	14911.325495445024
0.07330021771764722	1774.1828482866977	1.7119478150321758e28	1125.6733238566683	14910.355760441642
0.0733747098088237	1764.353000187932	1.726951356759854e28	1126.783991377427	14909.387920837842
0.07344920190000016	1754.4902620636592	1.742221060973524e28	1127.8945868729697	14908.421995537745
0.07352369399117664	1744.5942031606842	1.757764070397661e28	1129.0051104866182	14907.458003905098
0.0735981860823531	1734.66438401882	1.7735877847061435e28	1130.115562363149	14906.49596578895
0.07367267817352957	1724.7003561917013	1.7896998742251146e28	1131.2259426488404	14905.535901539191
0.07374717026470605	1714.7016620958643	1.8061082902979892e28	1132.3362514914998	14904.577832037081
0.07382166235588251	1704.6678347183272	1.8228212798557956e28	1133.4464890405216	14903.621778713416
0.07389615444705899	1694.598397365636	1.8398473986677266e28	1134.5566554469078	14902.66776357263
0.07397064653823546	1684.492863484527	1.857195525927471e28	1135.666750863325	14901.715809226469
0.07404513862941194	1674.3507363881217	1.8748748797996272e28	1136.7767754441488	14900.76593892011
0.0741196307205884	1664.1715090099988	1.8928950335667398e28	1137.8867293455091	14899.81817656343
0.07419412281176488	1653.954663661976	1.911265932451286e28	1138.9966127253408	14898.872546764705
0.07426861490294134	1643.6996716853012	1.9299979151083851e28	1140.1064257434507	14897.929074857904
0.07434310699411781	1633.405993368966	1.9491017262805137e28	1141.2161685615424	14896.987786955777
0.07441759908529429	1623.07307751449	1.9685885445861338e28	1142.3258413433095	14896.04870997453