0.	10000.	1.9884700000000002e27	0.	11947.778103686114
0.00009948157056733507	9973.911526630864	1.9899995683558118e27	1.1888416295027946	11952.935535594941
0.00019896314113467014	9948.034254197548	1.9915340390456652e27	2.3781881894657326	11957.929807843067
0.0002984447117020052	9922.37967956763	1.993073372754459e27	3.5680235886265077	11962.763742102343
0.0003979262822693403	9896.959333185701	1.9946175315758393e27	4.758332017886469	11967.440189420073
0.0004974078528366754	9871.784757594565	1.9961664788515198e27	5.949097953173917	11971.96202882099
0.0005968894234040104	9846.867482073894	1.9977201790374713e27	7.140306158186733	11976.332166618102
0.0006963709939713455	9822.218996875401	1.9992785975695925e27	8.33194168710685	11980.5535365217
0.0007958525645386806	9797.85072406329	2.0008417007464813e27	9.523989887288177	11984.629098710544
0.0008953341351060156	9773.773987514678	2.0024094556186798e27	10.71643640186071	11988.561838082089
0.0009948157056733507	9749.999982141131	2.0039818298851907e27	11.909267171893626	11992.354760446746
0.0010942972762406859	9726.539739411897	2.0055587918068436e27	13.10246843862608	11996.010894406625
0.0011937788468080208	9703.404092701743	2.0071403101244746e27	14.296026745647547	11999.53328852792
0.001293260417375356	9680.603640134457	2.0087263539813966e27	15.489928940710936	12002.925009861841
0.001392741987942691	9658.148590973678	2.0103168928675062e27	16.684162178012162	12006.189156925002
0.001492223558510026	9636.049072603146	2.0119118965591428e27	17.87871391994717	12009.328807330752
0.0015917051290773611	9614.314913075508	2.0135113350500103e27	19.073571934336872	12012.347044776368
0.0016911866996446962	9592.955478064747	2.0151151785184687e27	20.268724297175204	12015.246973096397
0.0017906682702120312	9571.979700075986	2.0167233972841372e27	21.46415939355729	12018.031702646482
0.0018901498407793663	9551.396041563345	2.0183359617988636e27	22.659865918218706	12020.70434645527
0.0019896314113467014	9531.212459849263	2.0199528426098253e27	23.85583287541578	12023.268016817501
0.0020891129819140364	9511.436372326774	2.0215740103508207e27	25.05204957902746	12025.725822383867
0.0021885945524813717	9492.0746244238	2.0231994357450902e27	26.24850565170004	12028.080863350555
0.0022880761230487066	9473.13345729608	2.0248290895748654e27	27.445191024142503	12030.336228470038
0.0023875576936160416	9454.618482394799	2.026462942715023e27	28.64209593325409	12032.494989559016
0.002487039264183377	9436.534652888493	2.028100966113033e27	29.83921092076552	12034.56019874264
0.002586520834750712	9418.886242158234	2.0297431308121115e27	31.03652683080817	12036.534884268083
0.0026860024053180468	9401.67682369034	2.0313894079737885e27	32.23403480743953	12038.42204655048
0.002785483975885382	9384.909255454748	2.0330397688809496e27	33.43172629166553	12040.22465444695
0.002884965546452717	9368.585667112236	2.0346941849718833e27	34.62959301811493	12041.945641367667
0.002984447117020052	9352.707452778734	2.0363526278502612e27	35.827627005329674	12043.58790127644
0.0030839286875873873	9337.525008247114	2.0380150581450492e27	37.025819211169626	12045.129168359805
0.0031834102581547222	9322.633245854966	2.039681444691487e27	38.22416186817556	12046.613604485461
0.003282891828722057	9308.008702522891	2.0413517736308307e27	39.42264954556664	12048.045300287256
0.0033823733992893925	9293.632437774415	2.0430260329191486e27	40.621277171220555	12049.427694727394
0.0034818549698567274	9279.48775101553	2.044704212123525e27	41.82003999525786	12050.763838862738
0.0035813365404240623	9265.55981657462	2.0463863022447557e27	43.018933554636185	12052.056457173074
0.0036808181109913977	9251.835393344207	2.0480722955453463e27	44.21795364316926	12053.30799651568
0.0037802996815587326	9238.30259018371	2.0497621854366697e27	45.41709628595996	12054.520665885137
0.0038797812521260675	9224.950675655315	2.0514559663534318e27	46.61635771741637	12055.696469046236
0.003979262822693403	9211.76992083308	2.0531536336636653e27	47.81573436220173	12056.837231364361
0.004078744393260738	9198.751469643166	2.0548551835841976e27	49.0152228186463	12057.944622168508
0.004178225963828073	9185.887229618329	2.0565606131039916e27	50.21481984417475	12059.02017361039
0.004277707534395408	9173.169780684186	2.058269919927709e27	51.414522342481035	12060.06529655387
0.0043771891049627434	9160.592296906198	2.0599831024180084e27	52.61432735215638	12061.08129417807
0.004476670675530078	9148.14848092768	2.0617001595300814e27	53.81423203655678	12062.069373493636
0.004576152246097413	9135.832506154213	2.0634210907848517e27	55.014233674758316	12063.030655436332
0.004675633816664748	9123.638968072284	2.0651458962269956e27	56.214329653432884	12063.966183592533
0.004775115387232083	9111.562841259067	2.0668745763854245e27	57.414517459539255	12064.876931745259
0.004874596957799418	9099.599442539222	2.0686071322432907e27	58.614794673716936	12065.763810461442
0.004974078528366754	9087.744398207758	2.0703435652093304e27	59.81515896428699	12066.62767292176
0.005073560098934089	9075.993615610176	2.0720838770830946e27	61.01560808180233	12067.469320048836
0.005173041669501424	9064.343257668348	2.0738280700516868e27	62.21613985410024	12068.289505021943
0.005272523240068759	9052.789720764984	2.0755761466463078e27	63.416752181721414	12069.0889373178
0.0053720048106360935	9041.329614557866	2.0773281097398963e27	64.61744303376614	12069.868286239789
0.005471486381203428	9029.959744848129	2.0790839625090026e27	65.81821044406324	12070.628184201845
0.005570967951770764	9018.677097014413	2.0808437084455788e27	67.01905250763518	12071.369229665019
0.005670449522338099	9007.478822367133	2.0826073513173613e27	68.21996737746228	12072.091989670107
0.005769931092905434	8996.362225115683	2.0843748951625635e27	69.42095326147124	12072.797002188832
0.005869412663472769	8985.324750807054	2.0861463442839004e27	70.62200841975434	12073.48477824327
0.005968894234040104	8974.36397620371	2.0879217032262397e27	71.82313116196626	12074.155803815778
0.006068375804607439	8963.477599653357	2.0897009767670767e27	73.02431984494446	12074.810541592946
0.006167857375174775	8952.663432527414	2.0914841699164296e27	74.22557287045667	12075.449432520574
0.0062673389457421095	8941.919391361156	2.0932712878985279e27	75.42688868312881	12076.072897307176
0.0063668205163094444	8931.243491096297	2.0950623361363786e27	76.62826576847529	12076.681337707549
0.006466302086876779	8920.633838105729	2.0968573202633404e27	77.82970265109392	12077.27513776387
0.006565783657444114	8910.088624570173	2.098656246105099e27	79.03119789295026	12077.854664902598
0.00666526522801145	8899.606122961071	2.1004591196621734e27	80.23275009177726	12078.420270960829
0.006764746798578785	8889.184681066765	2.1022659471237162e27	81.43435787956219	12078.972292828274
0.00686422836914612	8878.822717414008	2.1040767348520755e27	82.6360199211079	12079.511053640868
0.006963709939713455	8868.518716930002	2.1058914893606884e27	83.83773491272086	12080.036863640893
0.00706319151028079	8858.271226985013	2.1077102173407388e27	85.03950158095732	12080.550020850756
0.007162673080848125	8848.078853722818	2.1095329256354366e27	86.2413186814407	12081.050811725305
0.0072621546514154605	8837.940258993025	2.1113596212329276e27	87.44318499774148	12081.539511809136
0.007361636221982795	8827.85415693488	2.1131903112833455e27	88.64509934031945	12082.01638626554
0.00746111779255013	8817.819311399462	2.1150250030565208e27	89.84706054552628	12082.481690472307
0.007560599363117465	8807.83453286883	2.1168637039847688e27	91.04906747465067	12082.935670554743
0.0076600809336848	8797.89867634121	2.1187064216204534e27	92.25111901303096	12083.37856383783
0.007759562504252135	8788.010638762458	2.120553163652637e27	93.45321406919113	12083.810599324142
0.00785904407481947	8778.169356922373	2.1224039379055072e27	94.6553515740377	12084.231998061845
0.007958525645386806	8768.373805609637	2.1242587523100142e27	95.85753048009029	12084.642973536236
0.00805800721595414	8758.622995330083	2.1261176149506982e27	97.05974976074523	12085.043732095108
0.008157488786521476	8748.915970945982	2.127980533994692e27	98.26200840959473	12085.434473226109
0.00825697035708881	8739.251809673491	2.1298475177585757e27	99.4643054397405	12085.815389883921
0.008356451927656145	8729.629619928275	2.1317185746511221e27	100.66663988314883	12086.186668605815
0.00845593349822348	8720.048539499232	2.1335937132057974e27	101.86901079006576	12086.548490142382
0.008555415068790815	8710.5077342736	2.13547294206629e27	103.07141722842998	12086.901029619004
0.00865489663935815	8701.006396965346	2.1373562699755147e27	104.27385828333786	12087.244456753791
0.008754378209925487	8691.543745879757	2.1392437057951972e27	105.47633305650196	12087.578936117448
0.008853859780492822	8682.119023948117	2.1411352584718755e27	106.67884066576262	12087.904627255079
0.008953341351060157	8672.731497230647	2.1430309370850016e27	107.88138024459182	12088.221685019013
0.009052822921627492	8663.380454402168	2.1449307507819853e27	109.08395094164653	12088.530259717778
0.009152304492194827	8654.065205391007	2.1468347088368031e27	110.28655192031087	12088.830497346311
0.009251786062762161	8644.785080830676	2.1487428205949305e27	111.4891823582849	12089.122539671404
0.009351267633329496	8635.539430855564	2.150655095523251e27	112.69184144717575	12089.406524471313
0.009450749203896831	8626.327624468458	2.1525715431609603e27	113.89452839209939	12089.682585696632
0.009550230774464166	8617.149048606683	2.1544921731704764e27	115.09724241131836	12089.950853637296
0.009649712345031501	8608.00310784897	2.156416995268624e27	116.29998273587628	12090.211455004915
0.009749193915598836	8598.889223217036	2.1583460192982954e27	117.50274860925248	12090.464513104636
0.009848675486166173	8589.806831779582	2.160279255165343e27	118.7055392870212	12090.710147930004
0.009948157056733508	8580.755385883314	2.1622167128950462e27	119.9083540365466	12090.948476291203
0.010047638627300843	8571.73435293459	2.164158402563207e27	121.11119213665192	12091.179611935708
0.010147120197868177	8562.743214255697	2.1661043343683674e27	122.31405287732201	12091.403665718493
0.010246601768435512	8553.781465149883	2.1680545185622678e27	123.51693555945444	12091.620745696026
0.010346083339002847	8544.848613706015	2.1700089655177398e27	124.71983949453897	12091.830957237038
0.010445564909570182	8535.944181053099	2.171967685654799e27	125.92276400442263	12092.034403056969
0.010545046480137517	8527.067700349415	2.1739306895154107e27	127.12570842104796	12092.231183327165
0.010644528050704852	8518.218716640326	2.1758979876889154e27	128.3286720861956	12092.421395799473
0.010744009621272187	8509.396786230101	2.1778695908770296e27	129.5316543512562	12092.605135900461
0.010843491191839522	8500.60147656346	2.1798455098350679e27	130.73465457699683	12092.782496737385
0.010942972762406857	8491.832365509677	2.181825755430152e27	131.93767213334098	12092.953569220634
0.011042454332974194	8483.08904124228	2.1838103385800538e27	133.14070639914658	12093.118442152518
0.011141935903541528	8474.371101709758	2.185799270309186e27	134.34375676200463	12093.27720231866
0.011241417474108863	8465.678154560152	2.1877925617008626e27	135.54682261803885	12093.429934449969
0.011340899044676198	8457.009816511354	2.1897902239283284e27	136.74990337170843	12093.576721384003
0.011440380615243533	8448.36571322679	2.1917922682466845e27	137.95299843562086	12093.71764411384
0.011539862185810868	8439.745479110325	2.1937987059677231e27	139.15610723034465	12093.852781856169
0.011639343756378203	8431.14875668333	2.195809548516663e27	140.35922918425	12093.982211960596
0.011738825326945538	8422.5751967896	2.1978248073566144e27	141.56236373330697	12094.106010127225
0.011838306897512873	8414.024457870742	2.1998444940609778e27	142.76551032093965	12094.22425045531
0.011937788468080208	8405.496206141512	2.2018686202492614e27	143.96866839786935	12094.337005449053
0.012037270038647543	8396.990114970906	2.2038971976531229e27	145.1718374219417	12094.444346055348
0.012136751609214878	8388.505864878562	2.2059302380497786e27	146.37501685799737	12094.5463417492
0.012236233179782214	8380.043143292787	2.2079677533037844e27	147.57820617771523	12094.643060593005
0.01233571475034955	8371.60164424687	2.2100097553639445e27	148.7814048594616	12094.734569172584
0.012435196320916884	8363.181068421873	2.2120562562266462e27	149.98461238817438	12094.820932740058
0.012534677891484219	8354.781122541626	2.2141072680027893e27	151.18782825521265	12094.902215246862
0.012634159462051554	8346.401519629531	2.2161628028403787e27	152.39105195822444	12094.978479345373
0.012733641032618889	8338.041978480873	2.2182228729875535e27	153.59428300104045	12095.049786409825
0.012833122603186224	8329.702223717684	2.2202874907491307e27	154.79752089352797	12095.116196625393
0.012932604173753559	8321.38198543973	2.2223566685226006e27	156.00076515148677	12095.177769032814
0.013032085744320894	8313.08099928702	2.224430418767257e27	157.20401529653032	12095.234561458417
0.013131567314888229	8304.799006082592	2.2265087540140484e27	158.40727085597126	12095.286630642926
0.013231048885455563	8296.535751693838	2.228591686886679e27	159.61053136270868	12095.334032266828
0.0133305304560229	8288.290987156848	2.2306792300493514e27	160.8137963551359	12095.376820943411
0.013430012026590235	8280.064468181883	2.2327713962801205e27	162.01706537701764	12095.415050204942
0.01352949359715757	8271.855955211575	2.2348681984009553e27	163.22033797740198	12095.448772603799
0.013628975167724905	8263.665213334705	2.236969649311696e27	164.4236137105102	12095.478039745665
0.01372845673829224	8255.492011952289	2.2390757620069818e27	165.62689213565542	12095.502902244447
0.013827938308859575	8247.336124935222	2.2411865495216438e27	166.83017281713185	12095.523409823123
0.01392741987942691	8239.197330251902	2.2433020249910945e27	168.03345532415145	12095.539611332168
0.014026901449994245	8231.07541006882	2.2454222016078547e27	169.23673923071968	12095.551554707301
0.01412638302056158	8222.97015048516	2.247547092648192e27	170.4400241155909	12095.559287030886
0.014225864591128914	8214.88134142288	2.2496767114677448e27	171.64330956214252	12095.562854579624
0.01432534616169625	8206.808776791473	2.2518110714672434e27	172.8465951583314	12095.562302818998
0.014424827732263584	8198.752253996245	2.2539501861572072e27	174.04988049658343	12095.557676385975
0.014524309302830921	8190.711574116233	2.256094069102871e27	175.2531651737373	12095.549019173019
0.014623790873398256	8182.686541812925	2.258242733928464e27	176.45644879095724	12095.536374354304
0.01472327244396559	8174.6769650047045	2.260396194368627e27	177.65973095366044	12095.519784301177
0.014822754014532926	8166.68265515232	2.2625544641905083e27	178.8630112714548	12095.499290703629
0.01492223558510026	8158.703426718202	2.2647175572770125e27	180.06628935804787	12095.474934578511
0.015021717155667596	8150.739097506871	2.266885487557988e27	181.26956483120665	12095.446756222658
0.01512119872623493	8142.789488489556	2.2690582690308174e27	182.47283731265912	12095.4147952709
0.015220680296802265	8134.854423386526	2.2712359158001723e27	183.67610642806108	12095.379090732455
0.0153201618673696	8126.933729121428	2.2734184420101076e27	184.87937180689934	12095.339680968562
0.015419643437936935	8119.027235399224	2.275605861893939e27	186.08263308245864	12095.296603671024
0.01551912500850427	8111.1347746674965	2.277798189771022e27	187.28588989173528	12095.249895957782
0.015618606579071605	8103.256182288672	2.279995440004575e27	188.4891418753934	12095.199594387142
0.01571808814963894	8095.391296145134	2.2821976270651763e27	189.69238867770284	12095.145734884474
0.015817569720206277	8087.539956765832	2.2844047654856727e27	190.89562994647773	12095.088352838595
0.01591705129077361	8079.70200734701	2.286616869854504e27	192.09886533303325	12095.02748311588
0.016016532861340946	8071.87729340846	2.2888339548747408e27	193.3020944921115	12094.963159982915
0.01611601443190828	8064.065663041563	2.2910560352958803e27	194.50531708185397	12094.895417202799
0.016215496002475616	8056.266966712283	2.2932831259389264e27	195.70853276372026	12094.824288048221
0.01631497757304295	8048.481057104637	2.2955152417326538e27	196.91174120246666	12094.749805248692
0.016414459143610286	8040.707789343574	2.2977523976467932e27	198.1149420660704	12094.672001042707
0.01651394071417762	8032.947020702335	2.2999946087425112e27	199.31813502570154	12094.590907211506
0.016613422284744956	8025.198610594159	2.3022418901685376e27	200.52131975565976	12094.506555046059
0.01671290385531229	8017.462420657369	2.3044942571221892e27	201.724495933337	12094.418975357137
0.016812385425879626	8009.7383145375525	2.3067517249005626e27	202.92766323917382	12094.328198528661
0.01691186699644696	8002.026157903891	2.3090143088759639e27	204.1308213566055	12094.234254502473
0.017011348567014296	7994.325818603537	2.311282024474293e27	205.3339699720221	12094.137172752744
0.01711083013758163	7986.637166161217	2.3135548872397959e27	206.53710877472494	12094.036982351776
0.017210311708148966	7978.960072259888	2.315832912753914e27	207.74023745689325	12093.933711979533
0.0173097932787163	7971.294410332453	2.3181161166995426e27	208.9433557135339	12093.827389838776
0.01740927484928364	7963.640055597712	2.3204045148419106e27	210.14646324244177	12093.71804375969
0.017508756419850974	7955.996885191238	2.322698123004812e27	211.34955974415612	12093.605701208537
0.01760823799041831	7948.3647780219535	2.3249969570910718e27	212.55264492192933	12093.49038922257
0.017707719560985644	7940.743614560398	2.327301033110654e27	213.75571848169105	12093.372134483603
0.01780720113155298	7933.133277144062	2.3296103671117457e27	214.95878013200692	12093.250963332861
0.017906682702120313	7925.533649630478	2.3319249752608276e27	216.16182958403817	12093.126901706139
0.01800616427268765	7917.9446174750965	2.3342448737887883e27	217.36486655150938	12092.999975194973
0.018105645843254983	7910.366067897548	2.3365700789897615e27	218.56789075067874	12092.87020907248
0.018205127413822318	7902.797889519812	2.3389006072596806e27	219.77090190030108	12092.737628239927
0.018304608984389653	7895.239972514856	2.3412364750777624e27	220.97389972158948	12092.602257262377
0.018404090554956988	7887.692208575695	2.3435776989832526e27	222.17688393818202	12092.464120404007
0.018503572125524323	7880.154490894041	2.345924295602873e27	223.37985427611704	12092.323241591946
0.018603053696091658	7872.626713979362	2.3482762816659516e27	224.58281046379983	12092.179644421585
0.018702535266658993	7865.108773894577	2.3506336739454363e27	225.78575223196762	12092.033352208022
0.018802016837226328	7857.600567952941	2.3529964893383013e27	226.98867931365623	12091.884387955348
0.018901498407793663	7850.101994823521	2.3553647448034236e27	228.19159144417569	12091.732774345042
0.019000979978360998	7842.61295465726	2.3577384573702737e27	229.39448836108778	12091.578533795424
0.019100461548928332	7835.13334878549	2.3601176441667692e27	230.59736980415926	12091.42168844103
0.019199943119495667	7827.663079807621	2.3625023224115426e27	231.8002355153498	12091.262260102509
0.019299424690063002	7820.202051654247	2.3648925093762666e27	233.00308523877598	12091.100270341485
0.019398906260630337	7812.750169382494	2.367288222458418e27	234.2059187206805	12090.935740443989
0.019498387831197672	7805.307339340589	2.3696894791169537e27	235.4087357094136	12090.768691397778
0.019597869401765007	7797.873469100479	2.3720962968811437e27	236.61153595540333	12090.599143958962
0.019697350972332345	7790.4484672763865	2.3745086933928438e27	237.81431921112932	12090.427118653055
0.01979683254289968	7783.0322436849565	2.3769266863744858e27	239.01708523109554	12090.25263570298
0.019896314113467015	7775.624709271457	2.3793502936165042e27	240.21983377180732	12090.075715109335
0.01999579568403435	7768.225776108844	2.3817795330029035e27	241.4225645917505	12089.896376653473
0.020095277254601685	7760.835357210786	2.3842144225257282e27	242.6252774513654	12089.71463982839
0.02019475882516902	7753.453366831679	2.3866549802391493e27	243.827972113018	12089.530523915993
0.020294240395736355	7746.079720215734	2.3891012242775458e27	245.0306483409863	12089.344047989309
0.02039372196630369	7738.714333570112	2.3915531728969156e27	246.23330590142703	12089.155230855265
0.020493203536871025	7731.35712411694	2.394010844418418e27	247.43594456236184	12088.96409110959
0.02059268510743836	7724.0080101577305	2.396474257238886e27	248.63856409364982	12088.770647154672
0.020692166678005695	7716.666910862678	2.3989434298813066e27	249.84116426696863	12088.574917145015
0.02079164824857303	7709.33374636544	2.4014183809329673e27	251.04374485579413	12088.376919027713
0.020891129819140365	7702.008437831003	2.4038991290585543e27	252.24630563537576	12088.176670567704
0.0209906113897077	7694.690907237467	2.4063856930509786e27	253.44884638271913	12087.974189300114
0.021090092960275034	7687.381077482567	2.4088780917675001e27	254.65136687656639	12087.769492556286
0.02118957453084237	7680.078872446752	2.411376344144786e27	255.85386689737265	12087.562597495697
0.021289056101409704	7672.784216775489	2.413880469248797e27	257.05634622728985	12087.353521065068
0.02138853767197704	7665.4970359900635	2.4163904862108642e27	258.25880465014797	12087.142280010896
0.021488019242544374	7658.217256547784	2.4189064142439945e27	259.4612419514324	12086.928890917303
0.02158750081311171	7650.944805630882	2.4214282726901786e27	260.6636579182688	12086.71337017186
0.021686982383679044	7643.679611238138	2.42395608096317e27	261.8660523394055	12086.495733964777
0.02178646395424638	7636.421602234469	2.4264898585656476e27	263.06842500519116	12086.275998331874
0.021885945524813714	7629.170708311507	2.4290296250860698e27	264.27077570756	12086.054179132012
0.02198542709538105	7621.926859826647	2.431575400244179e27	265.4731042400189	12085.83029202658
0.022084908665948387	7614.689987932267	2.4341272038253883e27	266.675410397622	12085.604352529768
0.022184390236515722	7607.460024616729	2.436685055701103e27	267.87769397695826	12085.376375995147
0.022283871807083057	7600.236902508511	2.4392489758742347e27	269.07995477613593	12085.146377589776
0.022383353377650392	7593.020554966305	2.441818984424263e27	270.2821925947652	12084.91437230738
0.022482834948217727	7585.810916182931	2.4443951015103383e27	271.4844072339347	12084.68037493539
0.02258231651878506	7578.607920976797	2.446977347420499e27	272.6865984961961	12084.44440009481
0.022681798089352397	7571.411504823849	2.4495657425332008e27	273.8887661855514	12084.206462288666
0.02278127965991973	7564.221603954304	2.452160307301829e27	275.0909101074384	12083.966575910137
0.022880761230487066	7557.038155212711	2.4547610623020805e27	276.2930300687165	12083.724755156547
0.0229802428010544	7549.861096104701	2.4573680282153448e27	277.49512587765304	12083.481014096795
0.023079724371621736	7542.690364814427	2.4599812258059223e27	278.69719734390753	12083.235366674917
0.02317920594218907	7535.52590015752	2.4626006759328124e27	279.89924427851724	12082.98782664927
0.023278687512756406	7528.367641609012	2.4652263995640992e27	281.10126649388235	12082.738407658257
0.02337816908332374	7521.215529183257	2.467858417789421e27	282.30326380375385	12082.487123216648
0.023477650653891076	7514.069503560207	2.4704967517691052e27	283.5052360232189	12082.23398666816
0.02357713222445841	7506.929506049208	2.4731414227704235e27	284.70718296868586	12081.979011236894
0.023676613795025746	7499.795478454191	2.475792452194721e27	285.9091044578725	12081.722210028905
0.02377609536559308	7492.6673632787015	2.478449861515062e27	287.1110003097931	12081.463595993666
0.023875576936160416	7485.545103550305	2.481113672304053e27	288.31287034474457	12081.203181958226
0.02397505850672775	7478.428642797766	2.483783906274965e27	289.5147143842931	12080.940980638517
0.024074540077295085	7471.31792520606	2.486460585220688e27	290.7165322512625	12080.677004605213
0.02417402164786242	7464.212895488936	2.4891437310269046e27	291.91832376972314	12080.411266307483
0.024273503218429755	7457.113498821381	2.4918333657194283e27	293.12008876497686	12080.14377808822
0.024372984788997094	7450.019680960616	2.494529511417994e27	294.32182706354604	12079.874552154768
0.02447246635956443	7442.9313882317965	2.4972321903426463e27	295.52353849316285	12079.603600595
0.024571947930131764	7435.848567462868	2.499941424810215e27	296.72522288275496	12079.330935398026
0.0246714295006991	7428.7711659320075	2.502657237270217e27	297.92688006244487	12079.056568424503
0.024770911071266433	7421.699131417617	2.50537965028373e27	299.12850986351293	12078.780511413375
0.02487039264183377	7414.632412258809	2.508108686499221e27	300.3301121184112	12078.502776012572
0.024969874212401103	7407.57095729109	2.5108443686751683e27	301.5316866607507	12078.22337375528
0.025069355782968438	7400.514715756992	2.513586719710159e27	302.7332333252811	12077.942316049468
0.025168837353535773	7393.463637378547	2.516335762598942e27	303.93475194787874	12077.659614214053
0.025268318924103108	7386.417672383386	2.519091520433847e27	305.1362423655366	12077.375279465225
0.025367800494670443	7379.376771464731	2.521854016426315e27	306.3377044163599	12077.08932289744
0.025467282065237778	7372.340885684866	2.524623273928003e27	307.5391379395618	12076.80175551203
0.025566763635805113	7365.309966630847	2.527399316379091e27	308.7405427754416	12076.512588223703
0.025666245206372448	7358.283966372794	2.5301821673270813e27	309.94191876537144	12076.221831743722
0.025765726776939783	7351.262837373657	2.5329718504504927e27	311.14326575178336	12075.929496725139
0.025865208347507117	7344.246532482402	2.5357683895511146e27	312.3445835781651	12075.635593766674
0.025964689918074452	7337.23500502405	2.538571808518853e27	313.54587208906315	12075.340133349304
0.026064171488641787	7330.228208659693	2.541382131397914e27	314.74713113006067	12075.04312587052
0.026163653059209122	7323.226097501736	2.5441993823344375e27	315.94836054776704	12074.74458165159
0.026263134629776457	7316.228626105388	2.5470235855786196e27	317.14956018980905	12074.444510891899
0.026362616200343792	7309.235749406981	2.549854765505064e27	318.3507299048198	12074.142923713116
0.026462097770911127	7302.247422674818	2.5526929466357666e27	319.55186954245704	12073.839830159242
0.026561579341478462	7295.263601617007	2.555538153592495e27	320.7529789533651	12073.535240163274
0.0266610609120458	7288.284242336071	2.558390411107805e27	321.9540579891495	12073.229163578586
0.026760542482613135	7281.309301318773	2.561249744038114e27	323.15510650240947	12072.92161018741
0.02686002405318047	7274.338735351648	2.564116177392553e27	324.3561243467285	12072.61258966606
0.026959505623747805	7267.372501625694	2.5669897362842707e27	325.5571113766259	12072.302111608826
0.02705898719431514	7260.410557719169	2.569870445938707e27	326.7580674475625	12071.990185542845
0.027158468764882475	7253.452861585161	2.572758331708196e27	327.95899241597397	12071.67682090394
0.02725795033544981	7246.49937145368	2.575653419094904e27	329.1598861392202	12071.362027037187
0.027357431906017145	7239.550045933523	2.578555733709857e27	330.3607484755654	12071.045813223705
0.02745691347658448	7232.6048440274335	2.5814653012782755e27	331.5615792842099	12070.728188665347
0.027556395047151815	7225.6637250047825	2.5843821476880007e27	332.7623784252801	12070.40916246956
0.02765587661771915	7218.726648473177	2.5873062989377306e27	333.9631457597831	12070.088743681245
0.027755358188286484	7211.793574389248	2.5902377811436546e27	335.16388114961364	12069.766941274964
0.02785483975885382	7204.864463082548	2.593176620552e27	336.3645844575883	12069.443764132719
0.027954321329421154	7197.9392751096675	2.5961228435639466e27	337.5652555473806	12069.119221071729
0.02805380289998849	7191.017971371683	2.599076476703497e27	338.7658942835422	12068.793320849476
0.028153284470555824	7184.100513125825	2.6020375466098595e27	339.96650053148676	12068.46607212708
0.02825276604112316	7177.186861937072	2.605006080056786e27	341.16707415749374	12068.137483508763
0.028352247611690494	7170.276979594533	2.607982103982876e27	342.3676150286979	12067.80756353775
0.02845172918225783	7163.370828242037	2.610965645440007e27	343.56812301307593	12067.476320667296
0.028551210752825164	7156.468370349926	2.6139567316029294e27	344.76859797944013	12067.143763293094
0.0286506923233925	7149.569568660757	2.616955389792519e27	345.9690397974324	12066.809899754686
0.028750173893959834	7142.674386154918	2.619961647489162e27	347.16944833752615	12066.474738313651
0.02884965546452717	7135.782786128203	2.622975532287491e27	348.3698234710156	12066.138287132953
0.028949137035094507	7128.894732216304	2.6259970719117034e27	349.5701650699999	12065.800554313786
0.029048618605661842	7122.010188275849	2.6290262942455124e27	350.77047300737723	12065.461547888213
0.029148100176229177	7115.1291184089905	2.6320632273193024e27	351.9707471568403	12065.121275837344
0.02924758174679651	7108.251487031551	2.635107899288451e27	353.17098739287906	12064.77974609706
0.029347063317363847	7101.377258825212	2.638160338453079e27	354.3711935907727	12064.43696654015
0.02944654488793118	7094.506398762068	2.6412205732446593e27	355.57136562657666	12064.092944963952
0.029546026458498516	7087.638872031987	2.6442886322589307e27	356.77150337711737	12063.747689114107
0.02964550802906585	7080.774644057812	2.647364544240896e27	357.9716067199863	12063.401206684377
0.029744989599633186	7073.913680550857	2.650448338059173e27	359.17167553354136	12063.05350528795
0.02984447117020052	7067.055947509105	2.6535400427264347e27	360.371709696899	12062.704592493292
0.029943952740767856	7060.201411097732	2.6566396874313484e27	361.5717090899227	12062.354475817821
0.03004343431133519	7053.350037751882	2.659747301499644e27	362.771673593217	12062.003162702866
0.030142915881902526	7046.501794190293	2.662862914388593e27	363.97160308812244	12061.650660542295
0.03024239745246986	7039.65664736717	2.665986555708193e27	365.1714974567181	12061.296976684187
0.030341879023037196	7032.81456439934	2.6691182552505016e27	366.37135658181273	12060.942118406541
0.03044136059360453	7025.9755127029075	2.6722580429370256e27	367.5711803469343	12060.586092933967
0.030540842164171866	7019.13945992763	2.6754059488295443e27	368.77096863632454	12060.228907447456
0.0306403237347392	7012.30637391607	2.678562003153802e27	369.9707213349342	12059.870569071265
0.030739805305306536	7005.476222704524	2.681726236312802e27	371.17043832842444	12059.511084864069
0.03083928687587387	6998.648974600972	2.684898678842572e27	372.37011950315963	12059.150461844742
0.030938768446441205	6991.824598125424	2.688079361437825e27	373.56976474619705	12058.78870698812
0.03103825001700854	6985.003062034468	2.6912683149411683e27	374.76937394528153	12058.425827199313
0.031137731587575875	6978.18433527548	2.694465570362248e27	375.96894698884097	12058.0618293427
0.03123721315814321	6971.368386959545	2.697671158891971e27	377.1684837659895	12057.696720240083
0.03133669472871055	6964.555186467254	2.700885111857168e27	378.36798416652005	12057.330506650449
0.03143617629927788	6957.744703397322	2.7041074607388306e27	379.5674480808909	12056.963195290064
0.03153565786984522	6950.936907521709	2.707338237194534e27	380.7668754002216	12056.594792834381
0.03163513944041255	6944.13176877879	2.7105774730609526e27	381.9662660162961	12056.225305902502
0.03173462101097989	6937.329257337306	2.713825200316296e27	383.165619821562	12055.854741063557
0.03183410258154722	6930.529343595887	2.717081451097503e27	384.36493670911466	12055.483104850791
0.03193358415211456	6923.731998099342	2.720346257726396e27	385.56421657269135	12055.110403752313
0.03203306572268189	6916.937191559348	2.723619652701117e27	386.763459306671	12054.73664419796
0.03213254729324923	6910.144894935108	2.726901668667853e27	387.9626648060799	12054.361832572253
0.03223202886381656	6903.355079392704	2.73019233843648e27	389.1618329665751	12053.98597521163
0.0323315104343839	6896.567716227004	2.733491695009692e27	390.3609636844357	12053.609078385285
0.03243099200495123	6889.782776903559	2.7367997715639155e27	391.56005685655975	12053.231148338948
0.03253047357551857	6883.000233112175	2.740116601430285e27	392.75911238047183	12052.852191292524
0.0326299551460859	6876.220056736231	2.7434422181093846e27	393.95813015431645	12052.472213414538
0.03272943671665324	6869.442219775235	2.7467766553013114e27	395.15711007684445	12052.091220824377
0.03282891828722057	6862.666694415166	2.750119946878451e27	396.35605204740943	12051.709219607754
0.03292839985778791	6855.8934530432725	2.75347212687837e27	397.55495596597063	12051.32621581401
0.03302788142835524	6849.122468186533	2.756833229521521e27	398.75382173309396	12050.942215435865
0.03312736299892258	6842.353712584954	2.7602032891955865e27	399.95264924993654	12050.557224436516
0.03322684456948991	6835.587159098133	2.763582340487685e27	401.151438418242	12050.171248744868
0.03332632614005725	6828.822780728748	2.7669704181744787e27	402.3501891403392	12049.78429423383
0.03342580771062458	6822.060550696024	2.770367557195348e27	403.54890131914885	12049.396366745226
0.03352528928119192	6815.300442389766	2.773773792668717e27	404.7475748581703	12049.007472089384
0.03362477085175925	6808.542429303939	2.777189159921138e27	405.9462096614738	12048.617616031386
0.03372425242232659	6801.7864850835185	2.7806136944665994e27	407.14480563369733	12048.226804291604
0.03382373399289392	6795.032583574494	2.784047431988523e27	408.343362680053	12047.835042561957
0.033923215563461256	6788.280698787156	2.78749040835562e27	409.5418807063207	12047.442336505748
0.03402269713402859	6781.530804824508	2.7909426596519413e27	410.7403596188364	12047.048691728787
0.034122178704595926	6774.78287594518	2.794404222148151e27	411.9387993244888	12046.654113809762
0.03422166027516326	6768.03688658345	2.797875132295499e27	413.1371997307215	12046.25860829914
0.034321141845730596	6761.292811316164	2.80135542674418e27	414.3355607455352	12045.862180703822
0.03442062341629793	6754.550624888243	2.8048451423270585e27	415.5338822774737	12045.464836495159
0.034520104986865266	6747.810302150591	2.8083443160928564e27	416.7321642356196	12045.06658111328
0.0346195865574326	6741.0718180728	2.811852985294932e27	417.9304065295922	12044.667419966816
0.034719068127999936	6734.335147792938	2.815371187366521e27	419.128609069556	12044.2673584186
0.03481854969856728	6727.600266617481	2.818898959935751e27	420.32677176620695	12043.866401807238
0.03491803126913461	6720.8671499379525	2.822436340853182e27	421.52489453076475	12043.464555441293
0.03501751283970195	6714.135773268228	2.825983368175851e27	422.72297727497227	12043.061824586079
0.03511699441026928	6707.4061122963185	2.82954008015008e27	423.92101991110275	12042.65821447723
0.03521647598083662	6700.6781428325285	2.8331065152329e27	425.1190223519502	12042.253730322587
0.03531595755140395	6693.951840835406	2.836682712076914e27	426.3169845108198	12041.84837730226
0.03541543912197129	6687.227182367809	2.840268709552652e27	427.5149063015258	12041.442160553912
0.03551492069253862	6680.504143584393	2.843864546761766e27	428.7127876383989	12041.03508517564
0.03561440226310596	6673.782700823601	2.8474702629941165e27	429.9106284362779	12040.62715623258
0.03571388383367329	6667.062830555639	2.851085897744022e27	431.10842861049906	12040.218378758238
0.03581336540424063	6660.34450933974	2.8547114907327155e27	432.3061880768939	12039.808757761415
0.03591284697480796	6653.6277138219475	2.8583470819155573e27	433.50390675179506	12039.398298225142
0.0360123285453753	6646.912420820487	2.8619927114429527e27	434.7015845520351	12038.98700510894
0.03611181011594263	6640.19860728372	2.865648419675339e27	435.8992213949336	12038.574883330994
0.03621129168650997	6633.486250243389	2.8693142472072204e27	437.0968171982938	12038.161937784838
0.0363107732570773	6626.7753268196775	2.872990234869066e27	438.29437188040606	12037.748173338043
0.036410254827644636	6620.065814290411	2.8766764236970717e27	439.49188536005045	12037.33359482599
0.03650973639821197	6613.357690037628	2.880372854954347e27	440.6893575564832	12036.918207052815
0.036609217968779306	6606.650931571848	2.8840795701186537e27	441.88678838943264	12036.502014799227
0.03670869953934664	6599.945516509751	2.887796610898867e27	443.084177779101	12036.085022824673
0.036808181109913976	6593.2414225331595	2.8915240192639055e27	444.28152564617034	12035.667235843755
0.03690766268048131	6586.538627454148	2.895261837388771e27	445.47883191178846	12035.248658551984
0.037007144251048646	6579.8371092156285	2.8990101076692944e27	446.67609649756366	12034.829295622516
0.03710662582161598	6573.1368458610605	2.9027688727405625e27	447.87331932556623	12034.409151700116
0.037206107392183316	6566.437815486525	2.906538175503139e27	449.0705003183361	12033.988231393241
0.03730558896275065	6559.739996333097	2.910318059072156e27	450.26763939886837	12033.566539291469
0.037405070533317986	6553.043366741682	2.914108566798931e27	451.46473649060835	12033.144079963275
0.03750455210388532	6546.347905160635	2.9179097422701814e27	452.66179151745223	12032.720857943435
0.037604033674452655	6539.6535901529105	2.921721629312384e27	453.8588044037556	12032.296877743078
0.03770351524501999	6532.960400321839	2.925544272024946e27	455.05577507431957	12031.87214384713
0.037802996815587325	6526.268314390808	2.9293777147370815e27	456.25270345438497	12031.446660722371
0.03790247838615466	6519.577311206598	2.9332220020090347e27	457.44958946963317	12031.020432800065
0.038001959956721995	6512.887369716807	2.9370771786523065e27	458.6464330461948	12030.593464493548
0.03810144152728933	6506.198468907709	2.940943289757324e27	459.8432341106366	12030.16576019096
0.038200923097856665	6499.5105878793765	2.9448203806519145e27	461.03999258995526	12029.737324257312
0.038300404668424	6492.823705838879	2.948708496907869e27	462.2367084115784	12029.308161028224
0.038399886238991335	6486.137802082826	2.952607684358987e27	463.43338150337235	12028.87827482013
0.03849936780955867	6479.452856018951	2.95651798908411e27	464.63001179363084	12028.447669931404
0.038598849380126005	6472.768847101294	2.960439457440825e27	465.82659921106887	12028.01635062949
0.03869833095069334	6466.085754859394	2.9643721360514816e27	467.02314368482155	12027.584321156879
0.038797812521260674	6459.403558951742	2.9683160717854025e27	468.219645144455	12027.151585738007
0.03889729409182801	6452.722239132639	2.972271311770142e27	469.41610351995297	12026.718148579037
0.038996775662395344	6446.041775207853	2.976237903415209e27	470.6125187417085	12026.28401383406
0.03909625723296268	6439.362147050792	2.980215894406446e27	471.80889074052743	12025.849185648529
0.039195738803530014	6432.6833346488265	2.9842053326870966e27	473.0052194476357	12025.413668153778
0.03929522037409735	6426.005318063577	2.9882062664750237e27	474.2015047946667	12024.977465465428
0.03939470194466469	6419.328077452379	2.9922187442489587e27	475.3977467136556	12024.540581666453
0.039494183515232026	6412.65159304811	2.9962428147661476e27	476.5939451370439	12024.103020823788
0.03959366508579936	6405.975845114011	3.000278527095655e27	477.7900999976851	12023.664786981259
0.039693146656366696	6399.300814029359	3.00432593056208e27	478.9862112288299	12023.225884166905
0.03979262822693403	6392.626480251441	3.008385074766551e27	480.18227876412254	12022.786316379195
0.039892109797501366	6385.952824316109	3.0124560095942194e27	481.37830253760694	12022.34608760086
0.0399915913680687	6379.279826850655	3.01653878521247e27	482.57428248372906	12021.905201797006
0.040091072938636035	6372.607468509841	3.0206334521015737e27	483.7702185373254	12021.463662910346
0.04019055450920337	6365.9357300268275	3.0247400610196854e27	484.9661106336131	12021.021474857103
0.040290036079770705	6359.264592239924	3.0288586630072813e27	486.1619587082092	12020.57864153979
0.04038951765033804	6352.594036067058	3.032989309396953e27	487.35776269712113	12020.135166843724
0.040488999220905375	6345.924042461139	3.037132051829147e27	488.55352253673095	12019.691054632274
0.04058848079147271	6339.254592429055	3.041286942251569e27	489.74923816380425	12019.246308742806
0.040687962362040045	6332.585667085071	3.045454032901288e27	490.94490951549994	12018.800932999744
0.04078744393260738	6325.917247601825	3.049633376317034e27	492.14053652934876	12018.3549312099
0.040886925503174715	6319.249315227001	3.053825025330473e27	493.33611914325155	12017.90830716136
0.04098640707374205	6312.581851283786	3.058029033085387e27	494.53165729549636	12017.461064619129
0.041085888644309385	6305.914837113886	3.0622454530635226e27	495.7271509247459	12017.013207329976
0.04118537021487672	6299.2482541370955	3.066474339037785e27	496.92259997002475	12016.564739025076
0.041284851785444054	6292.582083861414	3.0707157450824385e27	498.11800437072975	12016.115663419178
0.04138433335601139	6285.916307883706	3.074969725592971e27	499.3133640666369	12015.665984205456
0.041483814926578724	6279.25090780872	3.079236335300937e27	500.5086789978807	12015.21570505905
0.04158329649714606	6272.585865298977	3.083515629252847e27	501.70394910495384	12014.764829638634
0.041682778067713394	6265.921162111426	3.0878076628117367e27	502.89917432872426	12014.31336158869
0.04178225963828073	6259.256780053574	3.092112491670494e27	504.0943546104202	12013.861304529804
0.041881741208848064	6252.592701003423	3.096430171833217e27	505.28948989162024	12013.40866206968
0.0419812227794154	6245.928906897588	3.100760759637063e27	506.4845801142641	12012.95543779983
0.042080704349982734	6239.265379687708	3.105104311789751e27	507.6796252206591	12012.501635294782
0.04218018592055007	6232.602101408582	3.109460885305235e27	508.87462515345453	12012.04725810775
0.042279667491117404	6225.939054168229	3.113830537521116e27	510.0695798556495	12011.592309774767
0.04237914906168474	6219.276220141254	3.118213326126662e27	511.2644892706101	12011.136793812177
0.042478630632252073	6212.613581516674	3.1226093091683534e27	512.4593533420409	12010.680713717627
0.04257811220281941	6205.951120534646	3.1270185450295384e27	513.6541720139858	12010.22407297524
0.04267759377338674	6199.288819516972	3.1314410924404124e27	514.848945230851	12009.76687505712
0.04277707534395408	6192.626660830222	3.1358770104814806e27	516.0436729373823	12009.309123419505
0.04287655691452141	6185.964626897055	3.1403263585679584e27	517.2383550786574	12008.850821505897
0.04297603848508875	6179.30270019727	3.1447891964800063e27	518.4329916001088	12008.39197273994
0.04307552005565608	6172.640863234786	3.1492655843838976e27	519.6275824475097	12007.932580528086
0.04317500162622342	6165.979098571424	3.1537555827828284e27	520.8221275669579	12007.47264826334
0.04327448319679075	6159.3173888356905	3.158259252537629e27	522.0166269048973	12007.012179326173
0.04337396476735809	6152.655716716359	3.162776654878308e27	523.2110804081136	12006.551177082158
0.04347344633792542	6145.994064918698	3.1673078514077404e27	524.405488023713	12006.08964487605
0.04357292790849276	6139.332416179464	3.171852904113041e27	525.599849699137	12005.627586039169
0.04367240947906009	6132.670753316484	3.1764118753485663e27	526.7941653821692	12005.165003890716
0.04377189104962743	6126.009059185324	3.1809848278367424e27	527.9884350209111	12004.70190173815
0.04387137262019476	6119.3473166917165	3.1855718246722155e27	529.1826585637887	12004.238282867387
0.0439708541907621	6112.685508800379	3.190172929341787e27	530.3768359595697	12003.774150554535
0.04407033576132944	6106.0236184759615	3.194788205733297e27	531.5709671573388	12003.30950805862
0.044169817331896774	6099.361628728704	3.199417718111329e27	532.7650521064941	12002.844358626713
0.04426929890246411	6092.699522656638	3.2040615311358503e27	533.9590907567751	12002.378705492529
0.044368780473031444	6086.037283392951	3.208719709847471e27	535.1530830582333	12001.912551874093
0.04446826204359878	6079.374894097699	3.2133923196792164e27	536.3470289612295	12001.445900976387
0.044567743614166114	6072.712337943268	3.2180794265095867e27	537.5409284164614	12000.97875598905
0.04466722518473345	6066.049598170684	3.222781096592872e27	538.7347813749357	12000.511120093139
0.044766706755300784	6059.386658061781	3.2274973965732535e27	539.9285877879632	12000.042996449863
0.04486618832586812	6052.723500936746	3.2322283935288633e27	541.122347607187	11999.574388210322
0.04496566989643545	6046.0601101631055	3.2369741549345836e27	542.3160607845573	11999.10529851328
0.04506515146700279	6039.396469134758	3.2417347486752533e27	543.5097272723237	11998.635730485064
0.04516463303757012	6032.732561266327	3.2465102430970915e27	544.703347023063	11998.165687237044
0.04526411460813746	6026.068370029414	3.2513007069437674e27	545.8969199896568	11997.695171866653
0.04536359617870479	6019.403878939035	3.2561062093603227e27	547.0904461252817	11997.2241874611
0.04546307774927213	6012.739071553058	3.260926819939197e27	548.283925383436	11996.752737095785
0.04556255931983946	6006.0739314254815	3.265762608730548e27	549.477357717922	11996.28082383306
0.0456620408904068	5999.408442153081	3.2706136461941485e27	550.670743082832	11995.808450719647
0.04576152246097413	5992.7425873877455	3.275480003235585e27	551.8640814325744	11995.33562077392
0.04586100403154147	5986.076350804781	3.280361751209859e27	553.0573727218577	11994.862337007275
0.0459604856021088	5979.409716125832	3.285258961889697e27	554.2506169056759	11994.388602428517
0.04605996717267614	5972.742667117023	3.2901717075123216e27	555.4438139393347	11993.914420040166
0.04615944874324347	5966.07518752524	3.2951000607961295e27	556.6369637784371	11993.439792823629
0.04625893031381081	5959.407261145789	3.30004409489406e27	557.8300663788748	11992.964723751773
0.04635841188437814	5952.738871821186	3.3050038834099757e27	559.0231216968365	11992.489215787271
0.04645789345494548	5946.070003418021	3.3099795004288946e27	560.2161296888131	11992.013271880853
0.04655737502551281	5939.400639847247	3.314971020483381e27	561.4090903115825	11991.536894975232
0.04665685659608015	5932.730765033107	3.3199785185789256e27	562.602003522209	11991.060087995325
0.04675633816664748	5926.060362899272	3.3250020702309133e27	563.7948692780567	11990.5828538552
0.04685581973721482	5919.389417430563	3.3300417514108894e27	564.9876875367788	11990.105195460192
0.04695530130778215	5912.717912631366	3.3350976385628126e27	566.1804582563104	11989.627115704057
0.04705478287834949	5906.045832536404	3.3401698086159833e27	567.3731813948746	11989.148617472089
0.04715426444891682	5899.373161233851	3.345258338993152e27	568.5658569109879	11988.669703635693
0.04725374601948416	5892.699882793691	3.350363307634754e27	569.758484763451	11988.19037705466
0.04735322759005149	5886.025981306702	3.3554847929527745e27	570.9510649113334	11987.710640577794
0.047452709160618826	5879.351440918112	3.360622873888143e27	572.1435973140136	11987.230497045459
0.04755219073118616	5872.6762457937675	3.3657776298462644e27	573.3360819311295	11986.749949289266
0.047651672301753496	5866.00038012336	3.370949140751999e27	574.5285187226062	11986.26900012673
0.04775115387232083	5859.323828099187	3.376137487095368e27	575.7209076486622	11985.787652364514
0.047850635442888166	5852.646573942887	3.3813427498293354e27	576.91324866977	11985.305908800114
0.0479501170134555	5845.968601910006	3.3865650104549133e27	578.1055417467009	11984.823772221878
0.048049598584022836	5839.289896272888	3.391804351000392e27	579.297786840499	11984.341245408827
0.04814908015459017	5832.610441327334	3.397060853986947e27	580.4899839124681	11983.858331128624
0.048248561725157506	5825.930221397368	3.4023346025140613e27	581.682132924213	11983.375032138865
0.04834804329572484	5819.249220808575	3.4076256802082e27	582.874233837594	11982.89135118706
0.048447524866292176	5812.567423901927	3.4129341712395043e27	584.0662866147433	11982.407291010748
0.04854700643685951	5805.884815055582	3.4182601603457695e27	585.2582912180831	11981.922854339447
0.04864648800742685	5799.201378666403	3.4236037327669823e27	586.4502476102837	11981.438043894594
0.04874596957799419	5792.517099151791	3.428964974325668e27	587.6421557542989	11980.952862384798
0.04884545114856152	5785.831960926227	3.4343439714427034e27	588.8340156133564	11980.467312509685
0.04894493271912886	5779.145948425194	3.4397408110544667e27	590.0258271509316	11979.981396960038
0.04904441428969619	5772.459046114071	3.445155580704724e27	591.2175903307904	11979.495118418543
0.04914389586026353	5765.771238469147	3.450588368495723e27	592.4093051169541	11979.00847955933
0.04924337743083086	5759.0825099848735	3.45603926308498e27	593.6009714737011	11978.521483046938
0.0493428590013982	5752.392845179438	3.461508353757933e27	594.7925893655965	11978.034131536477
0.04944234057196553	5745.702228568832	3.466995730362094e27	595.9841587574481	11977.546427674151
0.04954182214253287	5739.010644675948	3.4725014833626183e27	597.1756796143334	11977.058374096996
0.0496413037131002	5732.318078054698	3.478025703831855e27	598.367151901603	11976.569973434755
0.04974078528366754	5725.624513273723	3.483568483389511e27	599.5585755848457	11976.081228309951
0.04984026685423487	5718.929934918969	3.489129914310963e27	600.7499506299323	11975.592141335328
0.049939748424802206	5712.234327569108	3.494710089497057e27	601.9412770029865	11975.102715113782
0.05003922999536954	5705.537675814193	3.500309102434416e27	603.1325546703772	11974.612952240615
0.050138711565936876	5698.839964269443	3.5059270472779505e27	604.3237835987561	11974.12285530406
0.05023819313650421	5692.141177553508	3.51156401876956e27	605.5149637550114	11973.632426883829
0.050337674707071546	5685.441300298675	3.5172201122921427e27	606.7060951062916	11973.141669552871
0.05043715627763888	5678.740317170965	3.522895423896615e27	607.8971776200148	11972.650585877973
0.050536637848206216	5672.038212825744	3.528590050235119e27	609.0882112638297	11972.159178411244
0.05063611941877355	5665.334971907683	3.534304088675289e27	610.279196005657	11971.667449632863
0.050735600989340886	5658.630579102672	3.5400376372158467e27	611.4701318136583	11971.175402027975
0.05083508255990822	5651.925019108725	3.5457907944711963e27	612.6610186562298	11970.683038115236
0.050934564130475556	5645.218276630655	3.5515636597846304e27	613.8518565020419	11970.190360410927
0.05103404570104289	5638.510336354968	3.55735633314684e27	615.0426453199975	11969.6973714203
0.051133527271610225	5631.801182964495	3.5631689152345365e27	616.2333850792492	11969.204073638131
0.05123300884217756	5625.0908011694655	3.569001507437575e27	617.424075749213	11968.710469554007
0.051332490412744895	5618.379175687593	3.574854211776638e27	618.6147172995297	11968.21656164981
0.05143197198331223	5611.666291248585	3.580727131013869e27	619.805309700103	11967.722352400262
0.051531453553879565	5604.952132585811	3.586620368607002e27	620.9958529210819	11967.227844272446
0.0516309351244469	5598.236684430468	3.5925340286825486e27	622.1863469328449	11966.733039726054
0.051730416695014235	5591.519931502955	3.5984682161657007e27	623.376791706035	11966.237941211102
0.05182989826558157	5584.8018585422205	3.604423036655936e27	624.5671872115287	11965.742551171015
0.051929379836148905	5578.0824502929145	3.610398596453442e27	625.7575334204378	11965.246872042595
0.05202886140671624	5571.361691499857	3.616395002647854e27	626.9478303041337	11964.750906255107
0.052128342977283575	5564.6395669179765	3.6224123630248344e27	628.1380778342171	11964.254656231189
0.05222782454785091	5557.916061301343	3.628450786106718e27	629.328275982526	11963.75812438624
0.052327306118418244	5551.1911593856385	3.634510381245227e27	630.5184247211532	11963.261313127712
0.05242678768898558	5544.464845920571	3.6405912584921775e27	631.7085240224175	11962.764224855979
0.052526269259552914	5537.737105660241	3.6466935286565403e27	632.8985738588759	11962.266861964594
0.05262575083012025	5531.007923352017	3.652817303369368e27	634.0885742033366	11961.769226840108
0.052725232400687584	5524.27728376079	3.6589626949851085e27	635.27852502883	11961.271321863615
0.05282471397125492	5517.54517165457	3.66512981665871e27	636.4684263086283	11960.773149409772
0.052924195541822254	5510.811571757425	3.6713187823851406e27	637.6582780162437	11960.274711843354
0.05302367711238959	5504.076468814654	3.6775297069265436e27	638.8480801254191	11959.776011524358
0.053123158682956924	5497.339847575087	3.6837627058358417e27	640.0378326101292	11959.27705080737
0.05322264025352426	5490.601692779438	3.6900178955037144e27	641.2275354445882	11958.777832038195
0.0533221218240916	5483.861989192739	3.6962953931287566e27	642.4171886032436	11958.278357559222
0.053421603394658936	5477.120721546914	3.7025953167452473e27	643.6067920607708	11957.778629704357
0.05352108496522627	5470.377874554422	3.7089177852323476e27	644.796345792077	11957.278650800012
0.053620566535793605	5463.633432951606	3.715262918311819e27	645.9858497723066	11956.778423168449
0.05372004810636094	5456.887381462563	3.721630836553521e27	647.1753039768316	11956.277949125313
0.053819529676928275	5450.1397048129	3.728021661361803e27	648.3647083812507	11955.777230980744
0.05391901124749561	5443.390387724344	3.7344355150116574e27	649.5540629613935	11955.27627103964
0.054018492818062945	5436.639414890436	3.740872520714179e27	650.7433676933265	11954.775071597714
0.05411797438863028	5429.886771009504	3.747332802505107e27	651.9326225533333	11954.273634946388
0.054217455959197615	5423.1324407767515	3.7538164853044616e27	653.1218275179269	11953.771963371648
0.05431693752976495	5416.376408872749	3.7603236949771587e27	654.3109825638574	11953.270059153265
0.054416419100332285	5409.618659989961	3.7668545582401103e27	655.5000876680903	11952.767924566755
0.05451590067089962	5402.859178814298	3.773409202724751e27	656.6891428078176	11952.265561882117
0.054615382241466955	5396.097949983453	3.7799877570587266e27	657.8781479604678	11951.762973360981
0.05471486381203429	5389.33495814248	3.786590350740082e27	659.067103103683	11951.260161260896
0.054814345382601624	5382.570187935074	3.7932171141955355e27	660.2560082153295	11950.757127834884
0.05491382695316896	5375.803624000508	3.799868178852055e27	661.4448632735085	11950.253875330005
0.055013308523736294	5369.035250972353	3.806543677038289e27	662.6336682565341	11949.750405989065
0.05511279009430363	5362.26505346684	3.8132437420445193e27	663.8224231429423	11949.246722049216
0.055212271664870964	5355.493016056586	3.8199685082093524e27	665.0111279115021	11948.742825740228
0.0553117532354383	5348.719123330094	3.826718110801299e27	666.1997825411959	11948.238719292483
0.055411234806005634	5341.943359875715	3.8334926860589667e27	667.388387011223	11947.734404901443
0.05551071637657297	5335.16571026875	3.840292371275715e27	668.576941301011	11947.229884721019
0.055610197947140304	5328.386159061836	3.8471173047270216e27	669.7654453901954	11946.725160928825
0.05570967951770764	5321.604690798947	3.8539676256736345e27	670.9538992586236	11946.220235723367
0.055809161088274974	5314.821290021568	3.8608434744513856e27	672.1423028863735	11945.715111296653
0.05590864265884231	5308.03594122113	3.8677449924366697e27	673.3306562537343	11945.209789831839
0.05600812422940964	5301.2486288817245	3.874672322037549e27	674.5189593412108	11944.704273507976
0.05610760579997698	5294.459337486245	3.881625606710709e27	675.7072121295255	11944.198564499999
0.05620708737054431	5287.668051491746	3.8886049910043186e27	676.8954145996207	11943.692664976965
0.05630656894111165	5280.874755363678	3.895610620516533e27	678.0835667326518	11943.186577104701
0.05640605051167898	5274.0794335344635	3.9026426419325134e27	679.2716685099858	11942.680303042858
0.05650553208224632	5267.282070392994	3.9097012030694234e27	680.4597199132081	11942.173844944098
0.05660501365281365	5260.482650337991	3.9167864528402944e27	681.6477209241197	11941.667204958152
0.05670449522338099	5253.681157740785	3.9238985412655417e27	682.8356715247323	11941.160385229367
0.05680397679394832	5246.877576958081	3.9310376194800304e27	684.0235716972691	11940.65338789744
0.05690345836451566	5240.071892338048	3.9382038397686855e27	685.2114214241673	11940.146215098257
0.05700293993508299	5233.264088211016	3.9453973555953824e27	686.3992206880843	11939.63886896315
0.05710242150565033	5226.4541488694085	3.952618321521738e27	687.586969471874	11939.131351616905
0.05720190307621766	5219.642058567466	3.959866893348351e27	688.7746677586117	11938.623665178682
0.057301384646785	5212.8278015712	3.967143228058029e27	689.9623155315866	11938.115811765538
0.05740086621735233	5206.011362121363	3.974447483749365e27	691.1499127742841	11937.607793489813
0.05750034778791967	5199.192724428641	3.981779819802643e27	692.3374594704133	11937.099612458613
0.057599829358487	5192.371872691686	3.989140396796372e27	693.5249556038906	11936.591270775443
0.05769931092905434	5185.548791080457	3.9965293764782315e27	694.71240115883	11936.082770539055
0.05779879249962167	5178.7234637244355	4.003946921951519e27	695.8997961195696	11935.574113842584
0.057898274070189014	5171.89587474034	4.011393197512493e27	697.0871404706489	11935.065302775694
0.05799775564075635	5165.066008225583	4.0188683686685434e27	698.2744341968071	11934.556339424178
0.058097237211323684	5158.233848257365	4.0263726023052513e27	699.4616772830067	11934.04722587008
0.05819671878189102	5151.39937888802	4.0339060665221595e27	700.648869714406	11933.537964191393
0.058296200352458354	5144.562584140701	4.0414689307008756e27	701.8360114763677	11933.028556461546
0.05839568192302569	5137.723447995608	4.0490613656551674e27	703.0231025544737	11932.519004749067
0.05849516349359302	5130.8819544146645	4.0566835434241175e27	704.2101429344981	11932.009311119049
0.05859464506416036	5124.038087337279	4.0643356373720227e27	705.3971326024199	11931.499477632884
0.05869412663472769	5117.191830678642	4.0720178223702646e27	706.5840715444455	11930.98950634833
0.05879360820529503	5110.343168330989	4.0797302743843076e27	707.770959746946	11930.479399319876
0.05889308977586236	5103.492084149546	4.0874731710625855e27	708.9577971965429	11929.969158597542
0.0589925713464297	5096.638561958739	4.095246691181402e27	710.14458388002	11929.45878622769
0.05909205291699703	5089.782585539625	4.103051015099222e27	711.3313197843878	11928.948284251945
0.05919153448756437	5082.924138654533	4.110886324553365e27	712.5180048968571	11928.437654709225
0.0592910160581317	5076.063205041166	4.1187528026887126e27	713.704639204837	11927.926899635295
0.05939049762869904	5069.199768412319	4.126650634082505e27	714.8912226959378	11927.41602106299
0.05948997919926637	5062.333812448842	4.1345800048098234e27	716.0777553579778	11926.905021021805
0.05958946076983371	5055.465320769293	4.142541102441293e27	717.264237178975	11926.393901535532
0.05968894234040104	5048.594276972091	4.1505341159999705e27	718.4506681471443	11925.882664625553
0.05978842391096838	5041.720664639674	4.158559236020816e27	719.6370482509042	11925.37131231139
0.05988790548153571	5034.844467305517	4.1666166545956625e27	720.8233774788779	11924.859846608251
0.05998738705210305	5027.965668469574	4.1747065653214816e27	722.0096558198844	11924.348269528335
0.06008686862267038	5021.0842516067505	4.182829163318616e27	723.1958832629407	11923.836583083934
0.06018635019323772	5014.2002001707715	4.190984645314272e27	724.3820597972685	11923.324789259
0.06028583176380505	5007.313497548382	4.199173209650197e27	725.5681854122843	11922.812890000361
0.06038531333437239	5000.424127101381	4.207395056220348e27	726.754260097595	11922.300887282923
0.06048479490493972	4993.532072163232	4.215650386528154e27	727.9402838430053	11921.788783096465
0.06058427647550706	4986.637316017719	4.223939403758025e27	729.1262566385235	11921.276579424974
0.06068375804607439	4979.739841910117	4.232262312713769e27	730.3121784743511	11920.764278248975
0.06078323961664173	4972.839633058049	4.2406193198265336e27	731.498049340883	11920.251881546417
0.06088272118720906	4965.936672649975	4.2490106332459266e27	732.6838692287159	11919.739391292915
0.060982202757776396	4959.030943796535	4.257436462867126e27	733.8696381286439	11919.226809458
0.06108168432834373	4952.122429580755	4.265897020248594e27	735.0553560316524	11918.714138008902
0.061181165898911066	4945.211113055388	4.2743925186646616e27	736.2410229289216	11918.201378910535
0.0612806474694784	4938.296977233859	4.28292317320112e27	737.4266388118328	11917.688534125022
0.061380129040045736	4931.380005078124	4.2914892006908816e27	738.6122036719602	11917.175605610508
0.06147961061061307	4924.4601795193685	4.300090819710171e27	739.7977175010681	11916.662595323172
0.061579092181180406	4917.537483453249	4.308728250670084e27	740.9831802911194	11916.1495052167
0.06167857375174774	4910.611899695355	4.317401715870156e27	742.1685920342733	11915.63633723907
0.061778055322315076	4903.683411031833	4.3261114393970513e27	743.3539527228788	11915.123093336675
0.06187753689288241	4896.752000213052	4.3348576471714266e27	744.5392623494766	11914.609775453553
0.061977018463449746	4889.817649947737	4.343640567058429e27	745.7245209068062	11914.096385531333
0.06207650003401708	4882.88034290269	4.3524604288019353e27	746.9097283877992	11913.58292550905
0.062175981604584415	4875.940061679543	4.3613174640441314e27	748.0948847855751	11913.069397321806
0.06227546317515175	4868.996788822504	4.370211906409799e27	749.279990093449	11912.555802901066
0.062374944745719085	4862.050506856283	4.3791439914776193e27	750.4650443049288	11912.042144177789
0.06247442631628642	4855.101198243096	4.3881139568141753e27	751.6500474137144	11911.528423079439
0.06257390788685376	4848.1488453942575	4.3971220419795796e27	752.8349994136961	11911.014641530628
0.0626733894574211	4841.193430676866	4.406168488548798e27	754.0199002989546	11910.500801453869
0.06277287102798842	4834.2349364168185	4.4152535401371023e27	755.2047500637615	11909.986904769881
0.06287235259855577	4827.273344888925	4.4243774424786365e27	756.3895487025853	11909.472953396878
0.0629718341691231	4820.30863829347	4.433540443373193e27	757.5742962100795	11908.958949249087
0.06307131573969044	4813.3407987735245	4.442742792706533e27	758.7589925810852	11908.444894237988
0.06317079731025776	4806.369808453557	4.4519847425593454e27	759.9436378106411	11907.930790275092
0.0632702788808251	4799.395649381614	4.4612665471518257e27	761.1282318939739	11907.416639268138
0.06336976045139243	4792.418303559478	4.470588462812249e27	762.3127748264933	11906.902443123197
0.06346924202195978	4785.43775295378	4.4799507481463364e27	763.4972666038062	11906.38820374553
0.0635687235925271	4778.453979430819	4.489353664032739e27	764.681707221709	11905.873923035031
0.06366820516309445	4771.466964813832	4.498797473513403e27	765.8660966761805	11905.35960289039
0.06376768673366177	4764.476690896555	4.508282441932218e27	767.0504349633917	11904.845245210257
0.06386716830422912	4757.483139385911	4.51780883700358e27	768.2347220797072	11904.330851889179
0.06396664987479644	4750.486291943719	4.5273769286815064e27	769.4189580216726	11903.816424820687
0.06406613144536379	4743.486130182462	4.5369869892705347e27	770.6031427860228	11903.301965896997
0.06416561301593111	4736.482635648443	4.546639293532091e27	771.787276369687	11902.787477008187
0.06426509458649846	4729.47578981793	4.556334118589481e27	772.9713587697776	11902.272960041517
0.06436457615706578	4722.465574101034	4.566071743965696e27	774.1553899835906	11901.758416882476
0.06446405772763313	4715.451969857445	4.575852451717972e27	775.3393700086186	11901.243849415405
0.06456353929820045	4708.434958383287	4.585676526358042e27	776.5232988425377	11900.729259522795
0.0646630208687678	4701.414520916017	4.5955442548343265e27	777.707176483206	11900.21464908596
0.06476250243933512	4694.390638629707	4.6054559267316375e27	778.8910029286757	11899.700019986018
0.06486198400990247	4687.363292638999	4.615411834183307e27	780.0747781771857	11899.185374088154
0.06496146558046981	4680.332463991899	4.6254122718037785e27	781.2585022271497	11898.670713224192
0.06506094715103714	4673.29813364869	4.635457537164936e27	782.4421750771688	11898.15603924772
0.06516042872160448	4666.260282525921	4.6455479300557413e27	783.6257967260468	11897.641354026127
0.0652599102921718	4659.2188914657745	4.655683753232514e27	784.8093671727484	11897.126659423468
0.06535939186273915	4652.173941235902	4.6658653120908716e27	785.9928864164334	11896.611957301491
0.06545887343330647	4645.125412550669	4.6760929147533766e27	787.1763544564445	11896.097249521416
0.06555835500387382	4638.073286050165	4.68636687215659e27	788.3597712923145	11895.582537942455
0.06565783657444114	4631.017542290767	4.6966874980400327e27	789.543136923757	11895.067824421152
0.06575731814500849	4623.958161757133	4.707055108955226e27	790.7264513506694	11894.553110812509
0.06585679971557581	4616.895124869592	4.717470024329659e27	791.909714573135	11894.038398970442
0.06595628128614316	4609.828411980312	4.727932566537918e27	793.0929265914239	11893.52369074747
0.06605576285671048	4602.758003359479	4.738443060864417e27	794.2760874059879	11893.0089879941
0.06615524442727783	4595.683879207732	4.7490018355328234e27	795.4591970174622	11892.494292559835
0.06625472599784515	4588.6060196588705	4.7596092217798e27	796.6422554266653	11891.97960629319
0.0663542075684125	4581.52440476994	4.770265553915691e27	797.8252626346036	11891.464931041244
0.06645368913897982	4574.439014495016	4.780971169338355e27	799.0082186424648	11890.950268647834
0.06655317070954717	4567.349828722866	4.7917264085126416e27	800.1911234516188	11890.43562095654
0.0666526522801145	4560.2568272765175	4.802531615035432e27	801.3739770636181	11889.920989810227
0.06675213385068184	4553.159989884211	4.813387135747335e27	802.5567794802026	11889.406377049694
0.06685161542124916	4546.059296206341	4.8242933206861443e27	803.7395307032933	11888.891784515601
0.0669510969918165	4538.954725825158	4.8352505230994346e27	804.922230734993	11888.377214047006
0.06705057856238383	4531.8462582353695	4.8462590995260125e27	806.1048795775865	11887.862667481748
0.06715006013295118	4524.733872833159	4.857319409933079e27	807.2874772335449	11887.348146655382
0.0672495417035185	4517.617548940369	4.868431817617037e27	808.4700237055209	11886.833653403133
0.06734902327408585	4510.497265800711	4.8795966892474654e27	809.6525189963479	11886.319189559708
0.06744850484465317	4503.373002571798	4.8908143949411894e27	810.8349631090412	11885.804756958747
0.06754798641522052	4496.244738318933	4.902085308346312e27	812.0173560468013	11885.290357432496
0.06764746798578784	4489.112452040596	4.913409806634292e27	813.1996978130105	11884.775992814051
0.06774694955635518	4481.976122617097	4.924788270560608e27	814.3819884112327	11884.26166493316
0.06784643112692251	4474.835728842292	4.936221084471923e27	815.5642278452118	11883.747375618816
0.06794591269748985	4467.691249438066	4.9477086363777e27	816.7464161188755	11883.233126700814
0.06804539426805718	4460.5426630223965	4.959251318036811e27	817.9285532363347	11882.718920007257
0.06814487583862452	4453.389948121093	4.970849524933034e27	819.1106392018816	11882.204757365515
0.06824435740919185	4446.233083172636	4.982503656315109e27	820.2926740199881	11881.690640602816
0.0683438389797592	4439.072046527469	4.994214115225853e27	821.474657695307	11881.176571546273
0.06844332055032652	4431.906816436533	5.005981308739226e27	822.6565902326792	11880.662552022086
0.06854280212089386	4424.737371041716	5.017805647791401e27	823.8384716371231	11880.148583854669
0.06864228369146119	4417.563688386946	5.029687547225523e27	825.0203019138343	11879.634668868199
0.06874176526202853	4410.385746438462	5.041627426003524e27	826.2020810681964	11879.1208088879
0.06884124683259586	4403.203523043519	5.05362570715814e27	827.3838091057728	11878.607005737136
0.0689407284031632	4396.016995960897	5.065682817827469e27	828.565486032308	11878.093261239912
0.06904020997373053	4388.82614284777	5.07779918930728e27	829.7471118537262	11877.5795772202
0.06913969154429787	4381.630941254638	5.089975257116636e27	830.9286865761344	11877.065955500742
0.0692391731148652	4374.4313686496	5.102211461080929e27	832.1102102058217	11876.552397905967
0.06933865468543254	4367.227402350557	5.114508245404724e27	833.2916827492586	11876.038906257581
0.06943813625599987	4360.019019598398	5.126866058635194e27	834.4731042130957	11875.525482368635
0.06953761782656721	4352.806197538515	5.139285353729658e27	835.6544746041623	11875.012128018278
0.06963709939713456	4345.588913193342	5.15176658815647e27	836.8357939294646	11874.498845012655
0.06973658096770188	4338.367143484064	5.164310223945412e27	838.0170621961901	11873.985635167657
0.06983606253826923	4331.140865221145	5.176916727813682e27	839.1982794117114	11873.4725002986
0.06993554410883655	4323.91005509909	5.189586570984014e27	840.3794455835737	11872.959442220219
0.0700350256794039	4316.674689687813	5.202320229484474e27	841.5605607195054	11872.446462746022
0.07013450724997122	4309.434745453501	5.215118184235104e27	842.7416248274204	11871.933563690543
0.07023398882053856	4302.190198749628	5.227980920856324e27	843.922637915408	11871.420746867354
0.07033347039110589	4294.941025815333	5.240908929822603e27	845.1035999917351	11870.908014090355
0.07043295196167323	4287.687202767466	5.253902706787346e27	846.2845110648576	11870.395367172932
0.07053243353224056	4280.42870561008	5.266962752322434e27	847.465371143407	11869.882807928938
0.0706319151028079	4273.165510235725	5.280089571741838e27	848.6461802361839	11869.370338173017
0.07073139667337523	4265.897592387459	5.293283676661726e27	849.8269383522083	11868.857959717048
0.07083087824394257	4258.624927727642	5.306545582091718e27	851.0076455006182	11868.345674376213
0.0709303598145099	4251.347491739585	5.319875810430157e27	852.1883016908017	11867.833483961811
0.07102984138507724	4244.065259831138	5.333274887362726e27	853.3689069322587	11867.321390288924
0.07112932295564457	4236.7782072443515	5.346743346002449e27	854.5494612347358	11866.809395170125
0.07122880452621191	4229.486309138707	5.360281723026965e27	855.729964608097	11866.297500420575
0.07132828609677924	4222.189540505953	5.373890562502763e27	856.9104170624454	11865.785707853403
0.07142776766734658	4214.8878762465665	5.387570412476842e27	858.0908186080118	11865.274019284647
0.07152724923791391	4207.581291082632	5.401321828211154e27	859.2711692552533	11864.762436527892
0.07162673080848125	4200.2697596299795	5.415145369502297e27	860.4514690147697	11864.250961398011
0.07172621237904858	4192.953256356846	5.42904160301183e27	861.6317178973711	11863.739595709658
0.07182569394961592	4185.631755613609	5.443011100580626e27	862.8119159140264	11863.228341279482
0.07192517552018325	4178.3052316014	5.457054440565887e27	863.9920630758984	11862.71719992364
0.0720246570907506	4170.9736583890835	5.471172207236614e27	865.1721593943264	11862.20617345906
0.07212413866131792	4163.637009907558	5.48536499091931e27	866.3522048808258	11861.69526370334
0.07222362023188526	4156.295259936383	5.499633388626594e27	867.5321995471064	11861.184472474068
0.07232310180245259	4148.948382122752	5.513978002998594e27	868.7121434050368	11860.673801590743
0.07242258337301993	4141.596349938833	5.528399444174191e27	869.8920364666967	11860.163252870723
0.07252206494358726	4134.239136750075	5.542898327437915e27	871.0718787443086	11859.652828134926
0.0726215465141546	4126.876715745552	5.557475276309185e27	872.2516702503218	11859.142529203365
0.07272102808472193	4119.5090600007925	5.572130919095356e27	873.4314109973143	11858.63235789969
0.07282050965528927	4112.136142386505	5.586865893058858e27	874.611100998104	11858.122316043857
0.0729199912258566	4104.757935679501	5.60168083994627e27	875.7907402656263	11857.612405461237
0.07301947279642394	4097.374412452992	5.616576411033532e27	876.9703288130657	11857.10262797489
0.07311895436699127	4089.985545178514	5.631553261961261e27	878.1498666537183	11856.592985412793
0.07321843593755861	4082.5913060962125	5.646612058354648e27	879.3293538011332	11856.083479598366
0.07331791750812594	4075.191667352547	5.661753470253155e27	880.5087902689695	11855.5741123609
0.07341739907869328	4067.786600880454	5.67697817784716e27	881.6881760711387	11855.064885527894
0.07351688064926061	4060.3760785091804	5.692286866044742e27	882.8675112216665	11854.555800931237
0.07361636221982795	4052.9600718494057	5.707680229933523e27	884.0467957348246	11854.046860400727
0.07371584379039528	4045.5385523989976	5.723158969824881e27	885.2260296250083	11853.53806577169
0.07381532536096262	4038.1114914281306	5.73872379604533e27	886.4052129068477	11853.029418877273
0.07391480693152995	4030.67886007844	5.754375424849056e27	887.5843455951098	11852.52092153451
0.07401428850209729	4023.2406292984347	5.770114582108613e27	888.7634277047781	11852.012575543871
0.07411377007266463	4015.79676989287	5.785942000476844e27	889.9424592509883	11851.504382735524
0.07421325164323196	4008.347252461359	5.801858421786419e27	891.1214402490783	11850.996344942047
0.0743127332137993	4000.892047437249	5.817864595634099e27	892.3003707145564	11850.488463998172
0.07441221478436663	3993.431125079249	5.833961280208622e27	893.4792506631163	11849.98074174059
0.07451169635493397	3985.9644554616884	5.850149242528284e27	894.6580801106422	11849.473180006142
0.0746111779255013	3978.4920084805644	5.866429257621329e27	895.8368590731842	11848.965780634022
0.07471065949606864	3971.0137538160807	5.882802110475941e27	897.0155875670004	11848.458545463032
0.07481014106663597	3963.5296610018377	5.899268593434077e27	898.1942656084987	11847.951476335324
0.07490962263720331	3956.0396993451195	5.915829509867678e27	899.3728932143114	11847.44457509273
0.07500910420777064	3948.5438380086607	5.932485669974444e27	900.5514704012057	11846.937843581914
0.07510858577833798	3941.042045904785	5.949237896034898e27	901.7299971861879	11846.431283646545
0.07520806734890531	3933.53429181668	5.966087016690571e27	902.9084735863867	11845.924897137176
0.07530754891947265	3926.0205442635543	5.983033873558173e27	904.0868996191804	11845.418685901363
0.07540703049003998	3918.5007716347122	6.000079314370397e27	905.2652753020623	11844.912651792838
0.07550651206060732	3910.974942027945	6.017224200577395e27	906.4436006527817	11844.406796661679
0.07560599363117465	3903.4430234207894	6.03446939971654e27	907.6218756891994	11843.901122364918
0.07570547520174199	3895.904983515091	6.051815793429874e27	908.8001004294333	11843.395630756972
0.07580495677230932	3888.3607898806545	6.069264269763924e27	909.9782748917155	11842.89032370008
0.07590443834287666	3880.8104097945743	6.086815731043672e27	911.1563990945306	11842.385203051828
0.07600391991344399	3873.2538103953334	6.104471086604876e27	912.3344730564852	11841.880270677706
0.07610340148401133	3865.690958544568	6.122231259899927e27	913.5124967964293	11841.37552844132
0.07620288305457866	3858.121820940836	6.140097182497785e27	914.6904703333502	11840.870978211393
0.076302364625146	3850.546364003676	6.158069799147768e27	915.8683936864556	11840.366621855892
0.07640184619571333	3842.9645539638086	6.176150064182194e27	917.0462668751115	11839.862461246781
0.07650132776628067	3835.376356811142	6.194338945168446e27	918.2240899189001	11839.358498257514
0.076600809336848	3827.7817383322927	6.212637419542804e27	919.4018628375611	11838.854734765899
0.07670029090741534	3820.18066405136	6.23104647774698e27	920.5795856510417	11838.351172649547
0.07679977247798267	3812.5730992805234	6.249567121777048e27	921.7572583794688	11837.847813790906
0.07689925404855001	3804.9590091085793	6.268200365211357e27	922.9348810431491	11837.34466007486
0.07699873561911734	3797.338358334291	6.286947235394404e27	924.112453662597	11836.841713386257
0.07709821718968468	3789.7111115572375	6.305808770230203e27	925.2899762584864	11836.338975615352
0.07719769876025201	3782.0772331125872	6.324786022359532e27	926.4674488517092	11835.83644865369
0.07729718033081935	3774.4366871089937	6.343880055685918e27	927.6448714633217	11835.334134397412
0.07739666190138668	3766.7894373827644	6.363091948065088e27	928.8222441145815	11834.832034743446
0.07749614347195402	3759.135447523299	6.382422790806509e27	929.9995668269369	11834.330151593182
0.07759562504252135	3751.474680887709	6.401873687550727e27	931.1768396220089	11833.828486851438
0.07769510661308869	3743.8071005364013	6.421445757576798e27	932.3540625216353	11833.32704242468
0.07779458818365602	3736.132669313068	6.441140131534171e27	933.5312355478087	11832.825820224954
0.07789406975422336	3728.451349721131	6.460957957798344e27	934.7083587227593	11832.324822162915
0.07799355132479069	3720.763104084722	6.480900394593341e27	935.885432068848	11831.824050158455
0.07809303289535803	3713.067894373277	6.500968619655684e27	937.0624556086915	11831.323506129766
0.07819251446592536	3705.3656823683627	6.521163820844827e27	938.239429365036	11830.823191995876
0.0782919960364927	3697.6564295095027	6.541487204630401e27	939.4163533608636	11830.323109643905
0.07839147760706003	3689.9400969866456	6.561939990926852e27	940.5932276193208	11829.823260990379
0.07849095917762737	3682.2166456955474	6.582523415588288e27	941.7700521637504	11829.323647963553
0.0785904407481947	3674.4860362400304	6.603238731080553e27	942.9468270176973	11828.824272494483
0.07868992231876204	3666.748228962595	6.62408720405266e27	944.1235522048773	11828.32513651919
0.07878940388932938	3659.003183847886	6.645070119840636e27	945.3002277492259	11827.826241973513
0.07888888545989671	3651.250860632777	6.666188778306712e27	946.4768536748475	11827.327590799503
0.07898836703046405	3643.491218746673	6.687444497161206e27	947.6534300060528	11826.829184943083
0.07908784860103138	3635.724217294893	6.708838611515521e27	948.8299567673482	11826.331026352003
0.07918733017159872	3627.949815102263	6.730372472285566e27	950.0064339834179	11825.833116980115
0.07928681174216605	3620.167970647076	6.752047450462472e27	951.1828616791654	11825.335458782385
0.07938629331273339	3612.3786421331215	6.773864932548681e27	952.3592398796638	11824.838053720876
0.07948577488330072	3604.5817874133827	6.795826324994676e27	953.5355686101993	11824.34090375922
0.07958525645386806	3596.77736401544	6.817933052442479e27	954.7118478962497	11823.844010865007
0.07968473802443539	3588.9653291551176	6.840186557300937e27	955.8880777634762	11823.347377011427
0.07978421959500273	3581.1456396920885	6.862588303396936e27	957.0642582377615	11822.851004173579
0.07988370116557006	3573.3182521928243	6.885139771316328e27	958.240389345156	11822.354894334303
0.0799831827361374	3565.4831228356147	6.907842463834383e27	959.4164711119319	11821.859049477081
0.08008266430670473	3557.640207480685	6.930697902707841e27	960.5925035645465	11821.363471592014
0.08018214587727207	3549.7894616500034	6.953707629722091e27	961.768486729652	11820.868162673803
0.0802816274478394	3541.9308404839508	6.976873209442998e27	962.9444206341168	11820.373124720392
0.08038110901840674	3534.0642988088234	7.000196224753386e27	964.1203053049824	11819.878359737015
0.08048059058897407	3526.1897910225757	7.023678283068426e27	965.2961407695161	11819.383869729134
0.08058007215954141	3518.3072712042795	7.047321011716218e27	966.4719270551675	11818.889656710682
0.08067955373010874	3510.4166930650877	7.071126060638551e27	967.6476641895894	11818.395722699954
0.08077903530067608	3502.5180099094055	7.095095103892104e27	968.8233522006487	11817.902069718964
0.08087851687124341	3494.6111747084105	7.119229835778671e27	969.9989911163889	11817.408699797401
0.08097799844181075	3486.6961399909105	7.143531977437551e27	971.1745809650847	11816.915614966616
0.08107748001237808	3478.772857946706	7.168003271109082e27	972.3501217751893	11816.4228172669
0.08117696158294542	3470.8412803553483	7.192645484573253e27	973.5256135753705	11815.930308742363
0.08127644315351275	3462.901358571613	7.217460411028485e27	974.701056394504	11815.438091441487
0.08137592472408009	3454.9530435836477	7.242449866337406e27	975.8764502616507	11814.946167420785
0.08147540629464742	3446.9962859231914	7.267615695483024e27	977.0517952061037	11814.454538739372
0.08157488786521476	3439.0310357591907	7.292959766048637e27	978.2270912573349	11813.963207465886
0.08167436943578209	3431.0572428035257	7.318483974380619e27	979.4023384450392	11813.472175672257
0.08177385100634943	3423.0748563474594	7.344190243502305e27	980.5775367991156	11812.981445437117
0.08187333257691676	3415.0838252809785	7.370080522013181e27	981.7526863496568	11812.491018847295
0.0819728141474841	3407.0840980080284	7.396156789939763e27	982.9277871269886	11812.000897992606
0.08207229571805143	3399.075622546055	7.422421051787879e27	984.1028391616162	11811.511084972992
0.08217177728861877	3391.0583464021497	7.448875344323568e27	985.2778424842772	11811.021581891333
0.0822712588591861	3383.0322166603746	7.475521732356686e27	986.4527971259087	11810.532390859695
0.08237074042975344	3374.9971799633604	7.502362309715343e27	987.6277031176511	11810.043513970946
0.08247022200032077	3366.953182442921	7.529399203937365e27	988.802560490872	11809.554953304481
0.08256970357088811	3358.9001698220477	7.556634569375306e27	989.9773692771207	11809.066710985078
0.08266918514145544	3350.8380872727566	7.584070596281053e27	991.152129508184	11808.578789141246
0.08276866671202278	3342.7668795299273	7.611709504557037e27	992.3268412160445	11808.091189911207
0.0828681482825901	3334.6864908370744	7.639553547131915e27	993.5015044329001	11807.603915440275
0.08296762985315745	3326.5968648880403	7.667605012893281e27	994.6761191911763	11807.116967877546
0.08306711142372478	3318.4979449372754	7.695866220505611e27	995.8506855234858	11806.630349383217
0.08316659299429212	3310.3896736662387	7.724339528320282e27	997.0252034626876	11806.144062121273
0.08326607456485945	3302.271993289339	7.753027326253808e27	998.1996730418318	11805.658108266174
0.08336555613542679	3294.1448454710476	7.78193204181197e27	999.374094294196	11805.17248999829
0.08346503770599413	3286.0081713251766	7.811056140632227e27	1000.5484672532813	11804.687209504902
0.08356451927656146	3277.861911482268	7.840402121828842e27	1001.7227919527846	11804.2022689844
0.0836640008471288	3269.7060059475007	7.869972528115921e27	1002.8970684266528	11803.7176706386
0.08376348241769613	3261.5403942452863	7.899769936097192e27	1004.0712967090235	11803.233416681729
0.08386296398826347	3253.365015297003	7.929796965034666e27	1005.2454768342727	11802.749509333999
0.0839624455588308	3245.179807441511	7.960056274659394e27	1006.4196088369963	11802.265950823377
0.08406192712939814	3236.9847084809585	7.990550562715795e27	1007.5936927519962	11801.782743388814
0.08416140869996547	3228.7796555674763	8.021282574430032e27	1008.767728614326	11801.299889274394
0.08426089027053281	3220.56458533393	8.052255092231804e27	1009.9417164592336	11800.817390737455
0.08436037184110014	3212.3394337636105	8.083470945248516e27	1011.115656322208	11800.335250041646
0.08445985341166748	3204.1041362252467	8.11493300737969e27	1012.2895482389648	11799.853469459875
0.08455933498223481	3195.858627483667	8.146644196838999e27	1013.46339224544	11799.37205127536
0.08465881655280215	3187.6028416845834	8.178607477674757e27	1014.6371883777963	11798.890997781538
0.08475829812336948	3179.3367123185053	8.210825862786447e27	1015.8109366724318	11798.410311280773
0.08485777969393682	3171.0601722175193	8.243302412741876e27	1016.984637165972	11797.929994084447
0.08495726126450415	3162.7731535753665	8.276040236053551e27	1018.1582898952665	11797.450048515566
0.08505674283507149	3154.475587922996	8.309042492340961e27	1019.3318948974028	11796.970476907594
0.08515622440563882	3146.167406091046	8.342312393163367e27	1020.5054522097026	11796.491281603085
0.08525570597620616	3137.8485382461035	8.37585320097626e27	1021.6789618697169	11796.01246495693
0.08535518754677349	3129.5189138680885	8.409668231046372e27	1022.8524239152289	11795.534029335286
0.08545466911734083	3121.178461706848	8.443760854851622e27	1024.0258383842659	11795.055977114387
0.08555415068790816	3112.827109808798	8.47813449856917e27	1025.199205315089	11794.578310682624
0.0856536322584755	3104.464785506018	8.512792643655599e27	1026.372524746192	11794.10103244077
0.08575311382904283	3096.091415367134	8.54773883069616e27	1027.5457967163136	11793.62414480028
0.08585259539961017	3087.706925219203	8.582976659943591e27	1028.7190212644355	11793.147650185203
0.0859520769701775	3079.3112401440344	8.618509790375008e27	1029.8921984297754	11792.671551032747
0.08605155854074484	3070.9042844534265	8.65434194207376e27	1031.065328251793	11792.195849793288
0.08615104011131217	3062.4859816568824	8.690476900018394e27	1032.2384107701998	11791.720548928852
0.08625052168187951	3054.056254480466	8.726918512355132e27	1033.4114460249505	11791.245650915671
0.08635000325244684	3045.6150248638974	8.763670691177865e27	1034.5844340562394	11790.771158244574
0.08644948482301418	3037.162213911052	8.800737417070453e27	1035.7573749045168	11790.297073419531
0.0865489663935815	3028.6977418893907	8.838122739611201e27	1036.930268610485	11789.823398958506
0.08664844796414885	3020.221528236887	8.875830776432079e27	1038.1031152150908	11789.350137394727
0.08674792953471618	3011.733491534019	8.913865716184967e27	1039.275914759533	11788.877291277362
0.08684741110528352	3003.233549481514	8.95223182269544e27	1040.4486672852724	11788.40486312236
0.08694689267585085	2994.721618917098	8.990933433051412e27	1041.6213728340103	11787.93285538514
0.08704637424641819	2986.197615800227	9.029974958677285e27	1042.794031447693	11787.461270632662
0.08714585581698552	2977.6614551420403	9.069360890749994e27	1043.9666431685287	11786.990111451212
0.08724533738755286	2969.1130510292096	9.109095800554667e27	1045.1392080389883	11786.519380441678
0.08734481895812019	2960.5523166341245	9.149184338515994e27	1046.3117261017933	11786.049080221726
0.08744430052868753	2951.979164180646	9.189631237904895e27	1047.484197399928	11785.579213424471
0.08754378209925485	2943.3935048981107	9.230441319577518e27	1048.6566219766457	11785.109782697715
0.0876432636698222	2934.795249037082	9.271619489764128e27	1049.8289998754608	11784.64079070545
0.08774274524038952	2926.1843058698673	9.313170741517614e27	1051.001331140147	11784.172240129363
0.08784222681095687	2917.5605836387967	9.35510016112697e27	1052.1736158147535	11783.704133666966
0.0879417083815242	2908.9239895424657	9.397412928327019e27	1053.3458539435999	11783.23647403244
0.08804118995209154	2900.2744297602476	9.440114315382176e27	1054.5180455712696	11782.76926395897
0.08814067152265888	2891.6118094074463	9.483209691730617e27	1055.69019074262	11782.30250619752
0.0882401530932262	2882.936032484561	9.526704529301655e27	1056.86228950279	11781.836203515697
0.08833963466379355	2874.2470019141833	9.570604399846294e27	1058.0343418971906	11781.370358700704
0.08843911623436088	2865.544619544941	9.614914975285084e27	1059.2063479715002	11780.904974561248
0.08853859780492822	2856.828785977665	9.659642045038782e27	1060.3783077717067	11780.440053919589
0.08863807937549555	2848.0994007839577	9.704791495216359e27	1061.5502213440468	11779.975599624204
0.08873756094606289	2839.356362291704	9.750369329432845e27	1062.7220887350577	11779.511614540565
0.08883704251663022	2830.5995676543944	9.796381665698361e27	1063.893909991562	11779.048101555574
0.08893652408719756	2821.8289128051074	9.842834738595357e27	1065.0656851606702	11778.585063576953
0.08903600565776489	2813.044292450948	9.889734902328798e27	1066.2374142897825	11778.122503534682
0.08913548722833223	2804.245600052173	9.937088633657294e27	1067.4090974265905	11777.660424381244
0.08923496879889956	2795.4327277934176	9.984902534886172e27	1068.5807346190807	11777.198829091692
0.0893344503694669	2786.605566558169	1.0033183337349579e28	1069.752325915538	11776.737720664112
0.08943393194003423	2777.7640059155738	1.0081937904702204e28	1070.9238713645464	11776.277102120614
0.08953341351060157	2768.90793410938	1.0131173234884072e28	1072.0953710149913	11775.816976508422
0.0896328950811689	2760.0372379713676	1.0180896467715692e28	1073.2668249160681	11775.357346897159
0.08973237665173624	2751.151803013493	1.0231114877697708e28	1074.4382331172644	11774.898216385542
0.08983185822230356	2742.2515132959934	1.028183589183075e28	1075.6095956683914	11774.43958809607
0.0899313397928709	2733.336251433801	1.0333067085738109e28	1076.7809126195718	11773.981465177916
0.09003082136343823	2724.4058986387367	1.038481618197384e28	1077.9521840212303	11773.523850810287
0.09013030293400558	2715.4603345929095	1.0437091065166296e28	1079.12340992412	11773.066748198411
0.0902297845045729	2706.499437451073	1.0489899782709408e28	1080.2945903793175	11772.610160575758
0.09032926607514025	2697.523083893405	1.0543250540100721e28	1081.4657254382105	11772.154091208222
0.09042874764570757	2688.531149002701	1.0597151715146857e28	1082.6368151525178	11771.698543390838
0.09052822921627492	2679.523506238946	1.0651611863999538e28	1083.8078595742977	11771.243520448024
0.09062771078684224	2670.500027496173	1.070663971383039e28	1084.978858755927	11770.789025739083
0.09072719235740959	2661.460583000567	1.0762244174941474e28	1086.149812750119	11770.33506265519
0.09082667392797691	2652.4050412586625	1.0818434352681972e28	1087.3207216099404	11769.881634619263
0.09092615549854426	2643.333269118191	1.0875219538228968e28	1088.4915853887871	11769.428745091469
0.09102563706911158	2634.245131705366	1.0932609217606218e28	1089.6624041403961	11768.976397560695
0.09112511863967893	2625.1404923108093	1.099061308954264e28	1090.8331779188677	11768.524595443547
0.09122460021024625	2616.019212460155	1.1049241055628001e28	1092.0039067786336	11768.073342250555
0.0913240817808136	2606.881151885215	1.1108503225646616e28	1093.1745907744669	11767.622641566913
0.09142356335138092	2597.7261683595752	1.1168409939967314e28	1094.345229961523	11767.172497010752
0.09152304492194827	2588.554117785663	1.1228971761482833e28	1095.5158243953108	11766.722912240035
0.0916225264925156	2579.364854192271	1.1290199476828615e28	1096.6863741316909	11766.27389095561
0.09172200806308294	2570.158229529107	1.135210412115539e28	1097.8568792269114	11765.825436893694
0.09182148963365026	2560.934093753157	1.14146969747377e28	1099.0273397375934	11765.377553833228
0.0919209712042176	2551.692294854975	1.1477989559540275e28	1100.1977557207215	11764.93024559974
0.09202045277478493	2542.432678664656	1.1541993664103773e28	1101.3681272336742	11764.483516059337
0.09211993434535228	2533.1550888524225	1.1606721347722532e28	1102.538454334223	11764.037369121603
0.0922194159159196	2523.859367009529	1.1672184932178644e28	1103.7087370805145	11763.591808746825
0.09231889748648694	2514.545352488992	1.1738397024649164e28	1104.878975531098	11763.146838941617
0.09241837905705427	2505.212882318468	1.1805370531312441e28	1106.0491697449347	11762.702463757903
0.09251786062762161	2495.8617913239214	1.187311864486384e28	1107.219319781378	11762.258687302674
0.09261734219818896	2486.491912000364	1.194165486368698e28	1108.3894257001893	11761.815513735097
0.09271682376875628	2477.1030743389115	1.201099301575308e28	1109.5594875615652	11761.372947261836
0.09281630533932363	2467.6951059898747	1.2081147243364614e28	1110.72950542611	11760.930992149111
0.09291578690989095	2458.2678321781655	1.2152132017110446e28	1111.899479354847	11760.48965272178
0.0930152684804583	2448.8210754665092	1.2223962169249385e28	1113.0694094092544	11760.048933356791
0.09311475005102562	2439.354655907426	1.2296652878688783e28	1114.2392956512376	11759.608838494229
0.09321423162159297	2429.868391004942	1.2370219678809066e28	1115.4091381431351	11759.1693726394
0.0933137131921603	2420.3620954558087	1.2444678497542803e28	1116.5789369477568	11758.730540355637
0.09341319476272764	2410.835581254494	1.2520045647070176e28	1117.748692128366	11758.29234627322
0.09351267633329496	2401.2886577149143	1.259633782448956e28	1118.9184037486723	11757.85479509509
0.0936121579038623	2391.7211312269396	1.2673572151483115e28	1120.0880718728715	11757.41789159047
0.09371163947442963	2382.132805148918	1.2751766193158295e28	1121.257696565656	11756.981640594475
0.09381112104499698	2372.5234802339182	1.2830937900196225e28	1122.4272778921468	11756.546047033064
0.0939106026155643	2362.892953773788	1.2911105744308293e28	1123.596815918032	11756.111115888782
0.09401008418613165	2353.241020371808	1.2992288604351945e28	1124.7663107094368	11755.676852241271
0.09410956575669897	2343.567471314505	1.3074505865811178e28	1125.9357623330222	11755.243261244666
0.09420904732726632	2333.87209466722	1.3157777415305185e28	1127.105170855971	11754.810348136905
0.09430852889783364	2324.1546752452373	1.324212364832758e28	1128.2745363459867	11754.3781182449
0.09440801046840099	2314.4149945732242	1.332756548234102e28	1129.4438588713008	11753.946576988537
0.09450749203896831	2304.6528307638587	1.3414124382762846e28	1130.6131385006897	11753.515729881225
0.09460697360953566	2294.86795838418	1.3501822390507307e28	1131.7823753034936	11753.085582530906
0.09470645518010298	2285.0601484943145	1.3590682124622147e28	1132.95156934961	11752.656140647927
0.09480593675067032	2275.229168577953	1.36807267985147e28	1134.120720709503	11752.227410049276
0.09490541832123765	2265.3747823878284	1.3771980251795052e28	1135.2898294542224	11751.799396658513
0.095004899891805	2255.496749864399	1.3864466979214213e28	1136.4588956554219	11751.37210639742
0.09510438146237232	2245.5948271339034	1.3958212134929668e28	1137.6279193853354	11750.945545244225
0.09520386303293966	2235.668766436148	1.4053241552217205e28	1138.7969007167944	11750.519719425645
0.09530334460350699	2225.718315974311	1.4149581777328278e28	1139.9658397232624	11750.09463528857
0.09540282617407433	2215.7432196885316	1.4247260125354954e28	1141.1347364788646	11749.670299297577
0.09550230774464166	2205.7432175530917	1.434630463352899e28	1142.3035910583421	11749.246718055705
0.095601789315209	2195.7180452353014	1.4446744133483183e28	1143.4724035371016	11748.823898298671
0.09570127088577633	2185.667433819082	1.4548608315390559e28	1144.6411739912617	11748.401846891707
0.09580075245634367	2175.5911102050777	1.465192766452413e28	1145.8099024975897	11747.980570855958
0.095900234026911	2165.4887966142464	1.4756733567123785e28	1146.9785891335769	11747.560077356675
0.09599971559747834	2155.3602105820983	1.4863058322797202e28	1148.1472339774389	11747.140373712971
0.09609919716804567	2145.2050649232965	1.497093516908622e28	1149.315837108123	11746.721467406602
0.09619867873861301	2135.0230676343326	1.5080398313887388e28	1150.484398605326	11746.303366088207
0.09629816030918034	2124.8139217492662	1.5191482977546958e28	1151.6529185495128	11745.886077582249
0.09639764187974768	2114.5773251938544	1.5304225442136262e28	1152.821397021945	11745.469609892592
0.09649712345031501	2104.312970726838	1.5418663078580738e28	1153.989834104687	11745.05397121148
0.09659660502088235	2094.0205458506844	1.5534834384016254e28	1155.1582298806254	11744.639169928214
0.09669608659144968	2083.6997327028625	1.5652779023802736e28	1156.3265844334867	11744.225214637505
0.09679556816201702	2073.3502078970723	1.5772537886451875e28	1157.4948978478656	11743.81211414584
0.09689504973258435	2062.9716423708787	1.5894153138749454e28	1158.6631702092511	11743.399877479365
0.0969945313031517	2052.5637013237642	1.6017668260325308e28	1159.8314016040397	11742.988513895285
0.09709401287371902	2042.1260441175152	1.614312809235857e28	1160.9995921195557	11742.57803289291
0.09719349444428636	2031.6583241553635	1.627057889108842e28	1162.1677418440765	11742.16844422389
0.0972929760148537	2021.1601886755222	1.640006840150219e28	1163.3358508668684	11741.759757900176
0.09739245758542103	2010.6312786283274	1.6531645917023748e28	1164.5039192782137	11741.351984206001
0.09749193915598837	2000.0712286115374	1.6665362326460691e28	1165.671947169428	11740.945133712388
0.0975914207265557	1989.4796667415362	1.6801270177183535e28	1166.8399346328877	11740.539217290303
0.09769090229712304	1978.856214509043	1.693942374512238e28	1168.007881762062	11740.134246124016
0.09779038386769037	1968.2004865555834	1.70798791308262e28	1169.1757886515588	11739.730231721993
0.09788986543825771	1957.512090574413	1.7222694324523418e28	1170.3436553971521	11739.327185933726
0.09798934700882504	1946.7906272250955	1.7367929271848117e28	1171.5114820958065	11738.925120967779
0.09808882857939238	1936.0356899971594	1.7515645955109417e28	1172.6792688457135	11738.524049409189
0.09818831014995971	1925.246865037817	1.7665908487516009e28	1173.8470157463337	11738.123984236225
0.09828779172052705	1914.4237308996915	1.781878323455131e28	1175.0147228984522	11737.724938835616
0.09838727329109438	1903.5658584812522	1.797433889613135e28	1176.1823904042128	11737.32692702577
0.09848675486166172	1892.6728110267225	1.8132646555945325e28	1177.3500183671297	11736.929963083949
0.09858623643222905	1881.7441437385837	1.829377986927168e28	1178.5176068921762	11736.534061591174
0.0986857180027964	1870.7794037679419	1.8457815133981995e28	1179.6851560857867	11736.139237559297
0.09878519957336372	1859.7781300150577	1.8624831419673098e28	1180.8526660559235	11735.745506685245
0.09888468114393106	1848.7398529959469	1.8794910694634137e28	1182.0201369121405	11735.352885209157
0.09898416271449839	1837.6640946998352	1.896813795991657e28	1183.1875687656332	11734.96138994167
0.09908364428506573	1826.5503684434252	1.9144601390897811e28	1184.3549617292992	11734.571038293552
0.09918312585563306	1815.3981787311138	1.9324392486848032e28	1185.5223159178	11734.181848306966
0.0992826074262004	1804.2070211193611	1.9507606228944189e28	1186.6896314476242	11733.793838689046
0.09938208899676773	1792.976382071373	1.9694341247750183e28	1187.8569084371559	11733.407028846765