0.	10000.	1.9884700000000002e27	0.	13122.46927717877
0.00009185654803954251	9974.083737531311	1.98987530525634e27	1.2059554682952764	13134.850820251651
0.00018371309607908502	9948.114094254755	1.9912905893318718e27	2.413035834343104	13146.962062279901
0.0002755696441186275	9922.09754795874	1.9927156402643286e27	3.6212163524845358	13158.80483479416
0.00036742619215817003	9896.040577871629	1.9941502571419687e27	4.830472450022091	13170.381068985615
0.00045928274019771257	9869.949682762644	1.9955942493919757e27	6.040779736152895	13181.692793952378
0.000551139288237255	9843.831402736652	1.997047436106212e27	7.252114010500338	13192.742122986509
0.0006429958362767975	9817.69234439305	1.9985096454212933e27	8.464451269800374	13203.531236502437
0.0007348523843163401	9791.539183603183	1.9999807139243686e27	9.677767714799778	13214.062393342607
0.0008267089323558826	9765.378697933169	2.0014604861121612e27	10.892039756529908	13224.337910476082
0.0009185654803954251	9739.217776393258	2.0029488138647883e27	12.1072440212031	13234.360160269365
0.0010104220284349677	9713.063432186596	2.004445555972986e27	13.323357355881988	13244.131574868696
0.00110227857647451	9686.922815950638	2.0059505776705937e27	14.540356833352398	13253.654635078314
0.0011941351245140525	9660.803233902778	2.0074637502267274e27	15.758219756448877	13262.931869942713
0.001285991672553595	9634.712153632297	2.0089849505297902e27	16.97692366244081	13271.96585918147
0.0013778482205931376	9608.657214702042	2.0105140607289257e27	18.196446328144436	13280.759226358145
0.0014697047686326801	9582.646242597468	2.0120509678655698e27	19.41676577282742	13289.314641380828
0.0015615613166722227	9556.687251757552	2.0135955635508338e27	20.637860263238434	13297.63482092563
0.0016534178647117652	9530.788455876876	2.0151477436636356e27	21.859708318315448	13305.722524826168
0.0017452744127513077	9504.958271365218	2.0167074080416417e27	23.082288711826543	13313.580560557766
0.0018371309607908503	9479.205322496502	2.0182744602232528e27	24.305580478164696	13321.211781733045
0.0019289875088303926	9453.538444791837	2.019848807181246e27	25.529562915724853	13328.619087923087
0.0020208440568699353	9427.966685939256	2.0214303590857778e27	26.754215591755397	13335.805427827023
0.002112700604909478	9402.499306484144	2.0230190290692086e27	27.97951834582223	13342.773797647951
0.00220455715294902	9377.145778016415	2.024614733026939e27	29.205451295734527	13349.527243331826
0.0022964137009885625	9351.915778506398	2.0262173894067277e27	30.43199484113423	13356.068863313836
0.002388270249028105	9326.81918785108	2.0278269190237518e27	31.65912966872376	13362.401808160552
0.0024801267970676476	9301.866084643472	2.029443244887065e27	32.886836757007195	13368.529276601408
0.00257198334510719	9277.066731973338	2.0310662920352565e27	34.11509738053877	13374.454522804204
0.0026638398931467327	9252.431569036076	2.0326959873796363e27	35.3438931154193	13380.180855335178
0.002755696441186275	9227.971198506195	2.034332259567899e27	36.57320584416308	13385.711635502199
0.0028475529892258177	9203.696371262924	2.0359750388386514e27	37.803017760257234	13391.050278210232
0.0029394095372653603	9179.617968427296	2.0376242569202148e27	39.033311373733696	13396.200253514975
0.003031266085304903	9155.746982055609	2.0392798468867413e27	40.26406951566494	13401.165085545392
0.0031231226333444453	9132.094494546516	2.0409417430790097e27	41.49527534328461	13405.94834982297
0.003214979181383988	9108.67165313261	2.0426098809916366e27	42.72691234459837	13410.553674359771
0.0033068357294235304	9085.48964471233	2.0442841971909186e27	43.95896434330205	13414.984738182246
0.003398692277463073	9062.55966573258	2.0459646292319367e27	45.19141550322046	13419.245269495657
0.0034905488255026155	9039.892894175713	2.0476511155850914e27	46.42425033290773	13423.339042428328
0.003582405373542158	9017.500454027542	2.0493435955732718e27	47.65745368949254	13427.269876274544
0.0036742619215817006	8995.393382009166	2.0510420093122513e27	48.891010783018785	13431.041632135339
0.0037661184696212427	8973.582591172742	2.052746297660124e27	50.12490717994368	13434.65820917559
0.003857975017660785	8952.078832314737	2.054456402172853e27	51.359128806482964	13438.123540968832
0.003949831565700328	8930.892587895301	2.0561722650688125e27	52.59366195178978	13441.441602497582
0.004041688113739871	8910.034144757674	2.0578938292133925e27	53.8284932720803	13444.616386856034
0.004133544661779413	8889.513732503821	2.059621038056358e27	55.06360978879445	13447.65187522164
0.004225401209818956	8869.341130767492	2.061353835618771e27	56.298998891084814	13450.552086041993
0.004317257757858498	8849.52573860603	2.0630921664877906e27	57.53464833792941	13453.321051581506
0.00440911430589804	8830.076533860642	2.064835975810429e27	58.7705462591285	13455.962811675847
0.004500970853937583	8811.002031706465	2.0665852092984558e27	60.00668115565343	13458.481407694726
0.004592827401977125	8792.310245218543	2.0683398132253489e27	61.24304189950117	13460.880875025481
0.004684683950016668	8774.008646233098	2.0700997344391858e27	62.47961773285073	13463.165237435516
0.00477654049805621	8756.104128639334	2.0718649203815588e27	63.71639826660415	13465.338499477932
0.004868397046095753	8738.602972907758	2.0736353190928217e27	64.95337347847072	13467.404640612382
0.004960253594135295	8721.510814087376	2.075410879247148e27	66.19053371024252	13469.367607499154
0.005052110142174838	8704.832612932723	2.0771915501641372e27	67.42786966448348	13471.23130763849
0.00514396669021438	8688.572629107266	2.0789772818443683e27	68.66537240062893	13472.999602807386
0.005235823238253923	8672.734399948358	2.0807680249923932e27	69.90303333049783	13474.676302525004
0.005327679786293465	8657.320721661137	2.0825637310539187e27	71.1408442132058	13476.265158034834
0.005419536334333008	8642.35235654561	2.0843643521746752e27	72.37879714410523	13477.768001142025
0.00551139288237255	8628.015519697134	2.0861698247871185e27	73.61688330092949	13479.170729250434
0.005603249430412093	8613.953585019215	2.0879801021311274e27	74.85509544978987	13480.511986100846
0.0056951059784516355	8600.145684330082	2.0897951582696828e27	76.09342814209647	13481.795989393384
0.0057869625264911784	8586.573592193881	2.0916149701010704e27	77.33187629279361	13483.02645254049
0.0058788190745307205	8573.221266326376	2.0934395170155268e27	78.57043513806073	13484.20666881297
0.005970675622570263	8560.07448659497	2.0952687806128995e27	79.80910019993556	13485.339579000682
0.006062532170609806	8547.120569562929	2.0971027444572638e27	81.04786725646804	13486.427824357903
0.006154388718649348	8534.348139071086	2.0989413938740834e27	82.2867323162483	13487.473789592781
0.006246245266688891	8521.746939027948	2.1007847157812434e27	83.5256915965032	13488.479638117546
0.006338101814728433	8509.30768112268	2.1026326985339866e27	84.76474150415639	13489.447341046174
0.006429958362767976	8497.021917595937	2.1044853317941196e27	86.00387861930088	13490.378701436619
0.006521814910807518	8484.881935652551	2.1063426064205071e27	87.24309968072092	13491.275374590334
0.006613671458847061	8472.880668438125	2.108204514369623e27	88.48240157313673	13492.138885246688
0.006705528006886603	8461.011619704093	2.110071048608241e27	89.7217813158943	13492.97064212927
0.006797384554926146	8449.26879981652	2.1119422030303223e27	90.96123605288831	13493.771950194507
0.006889241102965688	8437.646670367145	2.1138179723984397e27	92.20076304353974	13494.544021727446
0.006981097651005231	8426.140096863435	2.1156983522709111e27	93.44035965474917	13495.287985907054
0.007072954199044773	8414.744307452902	2.117583338960186e27	94.68002335362712	13496.004896738863
0.007164810747084316	8403.45485733992	2.1194729294657128e27	95.91975170093008	13496.695740165054
0.007256667295123858	8392.267597318874	2.1213671214445354e27	97.15954234508536	13497.361440328255
0.007348523843163401	8381.178646218386	2.123265913166426e27	98.39939301679439	13498.002865088747
0.007440380391202943	8370.184366904828	2.1251693034753414e27	99.6393015240753	13498.620830892058
0.007532236939242485	8359.281344528348	2.1270772917528435e27	100.87926574774971	13499.216107123659
0.007624093487282028	8348.46636765879	2.128989877901656e27	102.1192836372982	13499.789419965653
0.00771595003532157	8337.736411386075	2.1309070622964366e27	103.35935320706305	13500.34145584839
0.007807806583361113	8327.088621975541	2.1328288457728646e27	104.59947253272726	13500.872864548532
0.007899663131400655	8316.520303446388	2.1347552296054476e27	105.83963974807885	13501.38426167418
0.007991519679440198	8306.028905258607	2.136686215480644e27	107.0798530419869	13501.876231648579
0.008083376227479741	8295.612011413532	2.138621805472104e27	108.32011065566456	13502.349329849585
0.008175232775519283	8285.267330266777	2.1405620020310604e27	109.56041088008305	13502.804084646288
0.008267089323558826	8274.992685722298	2.1425068079691503e27	110.80075205357842	13503.240999258205
0.008358945871598368	8264.786009135429	2.144456226438569e27	112.0411325596215	13503.660553459627
0.008450802419637912	8254.645331669768	2.146410260910951e27	113.28155082473604	13504.063205145214
0.008542658967677454	8244.5687776051	2.1483689151827444e27	114.52200531656298	13504.4493917495
0.008634515515716996	8234.554558233607	2.1503321933465814e27	115.76249454202339	13504.819531570307
0.008726372063756538	8224.60096623915	2.1523000997751967e27	117.00301704563606	13505.17402490362
0.00881822861179608	8214.706370312897	2.1542726391293412e27	118.24357140790012	13505.513255192036
0.008910085159835624	8204.869210508554	2.1562498163378614e27	119.4841562438063	13505.837590049712
0.009001941707875166	8195.087993832287	2.1582316365825628e27	120.72477020143293	13506.14738210254
0.009093798255914708	8185.361290245198	2.1602181052946137e27	121.96541196056737	13506.442969869142
0.00918565480395425	8175.687728900713	2.1622092281533105e27	123.20608023149374	13506.724678635137
0.009277511351993794	8166.065994763882	2.1642050110532509e27	124.44677375379686	13506.992821238267
0.009369367900033336	8156.494825289449	2.1662054601296876e27	125.6874912952472	13507.247698633422
0.009461224448072878	8146.973007617763	2.1682105817301186e27	126.92823165073716	13507.489600586627
0.00955308099611242	8137.499375765123	2.1702203824095723e27	128.1689936412875	13507.718806273271
0.009644937544151964	8128.072807993601	2.172234868937161e27	129.40977611310447	13507.935584823757
0.009736794092191506	8118.692224503288	2.1742540482768708e27	130.65057793666617	13508.14019583753
0.009828650640231048	8109.356585420847	2.1762779275790336e27	131.89139800587728	13508.332889888961
0.00992050718827059	8100.064888397366	2.1783065141979674e27	133.13223523726577	13508.513908904515
0.010012363736310134	8090.816167039869	2.1803398156513754e27	134.3730885691977	13508.683486635897
0.010104220284349676	8081.609488820744	2.182377839648636e27	135.6139569611522	13508.84184906535
0.010196076832389218	8072.443953452557	2.1844205940794496e27	136.8548393930293	13508.989214758181
0.01028793338042876	8063.318691504092	2.1864680869840212e27	138.09573486447076	13509.125795202195
0.010379789928468303	8054.2328627124125	2.188520326593673e27	139.33664239422887	13509.251795071687
0.010471646476507846	8045.185654783687	2.1905773212754974e27	140.5775610195628	13509.367412611742
0.010563503024547389	8036.17628188375	2.19263907957396e27	141.81848979565848	13509.47283995434
0.01065535957258693	8027.203983619246	2.1947056101855577e27	143.05942779507754	13509.56826335526
0.010747216120626473	8018.268023732356	2.196776921948492e27	144.30037410723625	13509.653863460391
0.010839072668666017	8009.367689018614	2.198853023869841e27	145.5413278378884	13509.729815545079
0.010930929216705559	8000.502288490004	2.20093392508205e27	146.7822881086434	13509.79628967645
0.0110227857647451	7991.671152220251	2.2030196348786648e27	148.02325405651655	13509.853451018875
0.011114642312784643	7982.873630530032	2.2051101626802396e27	149.26422483347133	13509.901460007482
0.011206498860824187	7974.109093019907	2.2072055180589236e27	150.50519960600224	13509.940472561138
0.011298355408863729	7965.376927950502	2.2093057107062633e27	151.7461775547138	13509.970640224212
0.011390211956903271	7956.676541289122	2.2114107504605455e27	152.98715787394494	13509.992110332425
0.011482068504942813	7948.007356059138	2.2135206472909295e27	154.2281397713856	13510.005026231365
0.011573925052982357	7939.368811756862	2.2156354112846748e27	155.4691224677122	13510.009527402202
0.011665781601021899	7930.760363396677	2.217755052676555e27	156.71010519623806	13510.005749636242
0.011757638149061441	7922.181481264729	2.2198795818049454e27	157.95108720257963	13509.993825042966
0.011849494697100983	7913.631649983011	2.2220090091580613e27	159.19206774433883	13509.973882351844
0.011941351245140525	7905.110368347677	2.2241433453157772e27	160.43304609078965	13509.94604699679
0.012033207793180069	7896.617148299952	2.2262826010061248e27	161.67402152257813	13509.910441242444
0.012125064341219611	7888.151514863264	2.228426787055899e27	162.91499333143437	13509.867184256935
0.012216920889259153	7879.713005355452	2.230575914431247e27	164.15596081990006	13509.816392218596
0.012308777437298695	7871.301169279599	2.232729994187153e27	165.39692330106237	13509.758178472515
0.01240063398533824	7862.915567400234	2.234889037518962e27	166.63788009829113	13509.692653616075
0.012492490533377781	7854.555771762542	2.23705305571958e27	167.87883054498803	13509.619925597639
0.012584347081417323	7846.221365031197	2.239222060210103e27	169.1197739843485	13509.540099733893
0.012676203629456866	7837.91194040298	2.2413960625001557e27	170.36070976913464	13509.453278894469
0.01276806017749641	7829.627100795603	2.2435750742316535e27	171.6016372614481	13509.359563553096
0.012859916725535952	7821.366458905791	2.2457591071446906e27	172.8425558325094	13509.259051897187
0.012951773273575494	7813.129636671999	2.2479481730967646e27	174.0834648624496	13509.151839793998
0.013043629821615036	7804.916265181493	2.2501422840353102e27	175.32436374011007	13509.038020971493
0.01313548636965458	7796.7259839347735	2.2523414520399962e27	176.56525186284694	13508.917687046822
0.013227342917694122	7788.558441090602	2.2545456892656665e27	177.80612863633604	13508.790927631613
0.013319199465733664	7780.413292760709	2.256755007999847e27	179.04699347438955	13508.657830305463
0.013411056013773206	7772.2902030794385	2.2589694206135636e27	180.28784579878055	13508.51848078238
0.013502912561812748	7764.188843537288	2.2611889396034164e27	181.52868503906808	13508.37296292972
0.013594769109852292	7756.108893230601	2.2634135775391975e27	182.76951063243916	13508.221358861867
0.013686625657891834	7748.050038210488	2.2656433471241324e27	184.01032202353377	13508.063748873199
0.013778482205931376	7740.011971630059	2.2678782611334165e27	185.25111866429043	13507.900211617738
0.013870338753970918	7731.994393049977	2.270118332475352e27	186.49190001380992	13507.730824120199
0.013962195302010462	7723.997008762737	2.2723635741249542e27	187.73266553817876	13507.555661845583
0.014054051850050004	7716.019531206997	2.2746139991837408e27	188.97341471035122	13507.37479865105
0.014145908398089546	7708.061679025013	2.276869620829082e27	190.21414701000182	13507.188306938673
0.014237764946129088	7700.123176621587	2.2791304523646177e27	191.45486192337742	13506.996257673183
0.014329621494168632	7692.2037542701455	2.2813965071709005e27	192.69555894319134	13506.798720412331
0.014421478042208174	7684.303147848986	2.2836677987292602e27	193.93623756847265	13506.595763303569
0.014513334590247716	7676.421098479904	2.285944340625008e27	195.17689730445178	13506.38745318249
0.014605191138287258	7668.557352637197	2.2882261465383303e27	196.41753766244628	13506.173855608551
0.014697047686326802	7660.711661859169	2.290513230253248e27	197.65815815972124	13505.95503482209
0.014788904234366344	7652.883782742909	2.2928056056269808e27	198.89875831939804	13505.731053859254
0.014880760782405886	7645.073476520429	2.2951032866478434e27	200.1393376703342	13505.501974587669
0.014972617330445429	7637.28050925504	2.2974062873670152e27	201.3798957470087	13505.267857754628
0.01506447387848497	7629.504651515206	2.2997146219527393e27	202.62043208943797	13505.02876291743
0.015156330426524514	7621.74567827292	2.3020283046530967e27	203.86094624305161	13504.784748554252
0.015248186974564057	7614.003368750485	2.304347349831143e27	205.10143775860413	13504.53587209015
0.015340043522603599	7606.27750643058	2.3066717719321965e27	206.34190619208172	13504.282189933967
0.01543190007064314	7598.567878899742	2.3090015854884244e27	207.58235110459256	13504.023757418357
0.015523756618682685	7590.874277626017	2.3113368051528563e27	208.8227720622952	13503.760628921671
0.015615613166722227	7583.196498009972	2.313677445638662e27	210.0631686362953	13503.4928578858
0.01570746971476177	7575.534339121919	2.3160235217866797e27	211.30354040255617	13503.220496790618
0.01579932626280131	7567.887603762129	2.3183750485145424e27	212.5438869418334	13502.943597184289
0.015891182810840853	7560.256098311372	2.3207320408236814e27	213.7842078395645	13502.662209748025
0.015983039358880395	7552.639632535831	2.3230945138395157e27	215.02450268581055	13502.37638432602
0.01607489590691994	7545.038019736086	2.325462482745934e27	216.26477107516737	13502.08616985511
0.016166752454959483	7537.451076316541	2.3278359628587136e27	217.50501260668554	13501.791614464879
0.016258609002999025	7529.878622083408	2.3302149695496003e27	218.74522688381197	13501.492765506098
0.016350465551038567	7522.320479832442	2.33259951832153e27	219.98541351428815	13501.189669537429
0.01644232209907811	7514.776475507226	2.3349896247487211e27	221.22557211011494	13500.882372313186
0.01653417864711765	7507.24643804063	2.3373853044906167e27	222.46570228744653	13500.570918867317
0.016626035195157193	7499.730199189904	2.3397865733311817e27	223.70580366655398	13500.25535352923
0.016717891743196735	7492.227593696892	2.342193447112362e27	224.94587587173524	13499.935719872256
0.016809748291236278	7484.738458893881	2.3446059418087031e27	226.18591853126392	13499.612060774043
0.016901604839275823	7477.2626349488455	2.3470240734606397e27	227.4259312773248	13499.284418416457
0.016993461387315365	7469.799964739895	2.3494478582029209e27	228.66591374592855	13498.952834202533
0.017085317935354907	7462.350293581056	2.3518773122899917e27	229.9058655768756	13498.617348933132
0.01717717448339445	7454.913469393759	2.3543124520386443e27	231.14578641367294	13498.27800281989
0.01726903103143399	7447.489342514776	2.3567532938792937e27	232.38567590350902	13497.934835491122
0.017360887579473534	7440.077765706756	2.3591998543320978e27	233.62553369716738	13497.587885914605
0.017452744127513076	7432.678594071801	2.3616521500089368e27	234.8653594489955	13497.237192471519
0.017544600675552618	7425.291684939802	2.3641101976331624e27	236.10515281683604	13496.882792979133
0.01763645722359216	7417.916898025754	2.3665740139928925e27	237.34491346197632	13496.524724694707
0.017728313771631705	7410.5540951286075	2.369043615998533e27	238.5846410491059	13496.163024270882
0.017820170319671248	7403.203140184872	2.371519020649221e27	239.82433524624722	13495.797727841831
0.01791202686771079	7395.863899336932	2.3740002450179893e27	241.06399572473134	13495.428871043256
0.018003883415750332	7388.536240646536	2.3764873063095492e27	242.30362215912092	13495.05648892793
0.018095739963789874	7381.220034300285	2.3789802217882293e27	243.54321422719048	13494.6806160608
0.018187596511829416	7373.915152311269	2.381479008846996e27	244.78277160985743	13494.301286521972
0.018279453059868958	7366.621468694954	2.383983684960622e27	246.0222939911504	13493.918533897615
0.0183713096079085	7359.338859407358	2.3864942676819254e27	247.26178105816106	13493.532391268925
0.018463166155948046	7352.067202073136	2.3890107746986905e27	248.50123250099446	13493.142891261987
0.018555022703987588	7344.806376236772	2.3915332237675766e27	249.7406480127408	13492.75006608149
0.01864687925202713	7337.556263229113	2.394061632737769e27	250.98002728941296	13492.353947418165
0.018738735800066672	7330.316745979558	2.3965960195874063e27	252.21937002993008	13491.954566545837
0.018830592348106214	7323.087709206451	2.3991364023582227e27	253.45867593605237	13491.551954333789
0.018922448896145756	7315.869039261211	2.4016827992035918e27	254.69794471236364	13491.146141201883
0.0190143054441853	7308.660624066767	2.4042352283876057e27	255.93717606621792	13490.737157142401
0.01910616199222484	7301.462353214093	2.4067937082421772e27	257.1763697077076	13490.325031768638
0.019198018540264383	7294.2741177505	2.40935825722774e27	258.41552534963	13489.909794308805
0.019289875088303928	7287.095810295671	2.4119288938949066e27	259.6546427074394	13489.49147353489
0.01938173163634347	7279.927325048029	2.414505636871663e27	260.8937214992265	13489.070097817239
0.019473588184383012	7272.76855752235	2.4170885049241928e27	262.132761445655	13488.645695117591
0.019565444732422554	7265.619404748991	2.4196775168935387e27	263.37176226995336	13488.21829308141
0.019657301280462097	7258.479765199121	2.4222726917105945e27	264.6107236978666	13487.787918999498
0.01974915782850164	7251.349538574848	2.4248740484439795e27	265.8496454576351	13487.354599823015
0.01984101437654118	7244.228626042447	2.4274816062293835e27	267.0885272799561	13486.918362150342
0.019932870924580723	7237.1169301201135	2.4300953843091348e27	268.32736889795234	13486.479232214851
0.02002472747262027	7230.014354458313	2.4327154020505088e27	269.5661700471482	13486.037235925887
0.02011658402065981	7222.920804153394	2.4353416788884742e27	270.80493046542273	13485.592398898225
0.020208440568699353	7215.836185459692	2.4379742343830785e27	272.0436498930018	13485.144746360555
0.020300297116738895	7208.760405829392	2.4406130881994712e27	273.2823280724067	13484.6943032513
0.020392153664778437	7201.693374030298	2.443258260077593e27	274.5209647484421	13484.241094226914
0.02048401021281798	7194.634999900071	2.4459097698970258e27	275.75955966815974	13483.785143596198
0.02057586676085752	7187.585194414751	2.4485676376259007e27	276.9981125808268	13483.32647536845
0.020667723308897063	7180.543869835904	2.451231883318075e27	278.23662323791007	13482.865113289477
0.020759579856936605	7173.510939382444	2.453902527160909e27	279.4750913930417	13482.401080802383
0.02085143640497615	7166.4863174542	2.4565795894316948e27	280.71351680198904	13481.934401042474
0.020943292953015693	7159.469919500523	2.45926309050651e27	281.951899222635	13481.465096885453
0.021035149501055235	7152.461661960109	2.461953050895402e27	283.1902384149563	13480.993190955583
0.021127006049094777	7145.4614624039705	2.46464949118676e27	284.42853414098755	13480.518705556944
0.02121886259713432	7138.469239389079	2.4673524320708944e27	285.66678616480107	13480.041662755268
0.02131071914517386	7131.484912397608	2.4700618943809183e27	286.90499425248913	13479.562084371664
0.021402575693213403	7124.508401939917	2.472777899028337e27	288.14315817213117	13479.079991945348
0.021494432241252946	7117.5396295989985	2.4755004670220514e27	289.38127769377985	13478.595406771597
0.02158628878929249	7110.5785176836225	2.4782296195180425e27	290.6193525894271	13478.10834990457
0.021678145337332033	7103.624989574044	2.4809653777537785e27	291.85738263298816	13477.618842165835
0.021770001885371575	7096.678969609972	2.4837077630654097e27	293.0953676002818	13477.126904115565
0.021861858433411117	7089.740382830588	2.486456796939381e27	294.33330726900266	13476.632556054103
0.02195371498145066	7082.809155356672	2.4892125009370553e27	295.5712014186976	13476.135818041572
0.0220455715294902	7075.885214146613	2.491974896730245e27	296.80904983074646	13475.636709902854
0.022137428077529744	7068.968486844657	2.4947440061365794e27	298.0468522883402	13475.135251260412
0.022229284625569286	7062.058902115025	2.497519851047219e27	299.28460857646434	13474.631461557514
0.022321141173608828	7055.156389386364	2.5003024534756076e27	300.5223184818794	13474.125359986474
0.022412997721648373	7048.260878782906	2.503091835572264e27	301.7599817930974	13473.616965518004
0.022504854269687916	7041.3723013652	2.505888019576752e27	302.9975983003659	13473.106296943515
0.022596710817727458	7034.490588954592	2.508691027832399e27	304.2351677956473	13472.593372845087
0.022688567365767	7027.615674070341	2.5115008828177203e27	305.4726900726049	13472.078211570542
0.022780423913806542	7020.7474900115385	2.514317607133865e27	306.7101649265726	13471.560831289245
0.022872280461846084	7013.8859708774335	2.5171412234678017e27	307.9475921545479	13471.041250002296
0.022964137009885626	7007.031051426177	2.519971754632881e27	309.1849715551702	13470.519485462297
0.023055993557925168	7000.182667118132	2.52280922358031e27	310.422302928703	13469.995555255447
0.023147850105964714	6993.340754220738	2.5256536533415817e27	311.65958607701754	13469.469476806958
0.023239706654004256	6986.505249593472	2.528505067109098e27	312.8968208035754	13468.94126732276
0.023331563202043798	6979.676090788469	2.5313634881672496e27	314.13400691341207	13468.410943828958
0.02342341975008334	6972.85321610477	2.5342289399042083e27	315.37114421311816	13467.878523197582
0.023515276298122882	6966.036564410539	2.53710144586157e27	316.6082325108248	13467.344022115361
0.023607132846162424	6959.226075251176	2.5399810296911317e27	317.8452716161871	13466.807457074474
0.023698989394201966	6952.421688897928	2.542867715141324e27	319.0822613403701	13466.268844421693
0.02379084594224151	6945.623346162924	2.545761526102816e27	320.31920149603195	13465.728200350684
0.02388270249028105	6938.830988421972	2.548662486601236e27	321.55609189730745	13465.185540839664
0.023974559038320596	6932.044557779881	2.5515706207537844e27	322.792932359794	13464.640881736965
0.024066415586360138	6925.263996931699	2.554485952804447e27	324.02972270053823	13464.094238747446
0.02415827213439968	6918.489249081134	2.5574085071552817e27	325.26646273802174	13463.545627385985
0.024250128682439222	6911.720258043221	2.5603383082995496e27	326.50315229214453	13462.995063016511
0.024341985230478765	6904.956968270686	2.563275380846361e27	327.7397911842109	13462.442560870639
0.024433841778518307	6898.1993246767115	2.566219749569198e27	328.9763792369162	13461.888136018393
0.02452569832655785	6891.4472728169685	2.569171439347393e27	330.21291627433146	13461.331803323674
0.02461755487459739	6884.700758799654	2.572130475166814e27	331.44940212188806	13460.773577531943
0.024709411422636936	6877.959729192876	2.5750968821696256e27	332.68583660636534	13460.21347327905
0.02480126797067648	6871.224131103138	2.578070685629327e27	333.9222195558781	13459.651505017977
0.02489312451871602	6864.493912232622	2.5810519109186257e27	335.1585507998644	13459.087687088217
0.024984981066755563	6857.769020780925	2.584040583551148e27	336.3948301690736	13458.522033705176
0.025076837614795105	6851.049405380059	2.587036729198804e27	337.631057495554	13457.954558918744
0.025168694162834647	6844.335015202532	2.590040373629734e27	338.86723261263836	13457.385276647385
0.02526055071087419	6837.62579996547	2.593051542739222e27	340.1033553549329	13456.81420069723
0.02535240725891373	6830.921709763768	2.596070262595133e27	341.3394255583048	13456.241344734699
0.025444263806953273	6824.222695259129	2.599096559370866e27	342.5754430598708	13455.666722282213
0.02553612035499282	6817.528707573416	2.602130459356807e27	343.81140769798515	13455.09034675018
0.02562797690303236	6810.839698223074	2.60517198901222e27	345.04731931222716	13454.51223143736
0.025719833451071903	6804.155619207446	2.6082211749255406e27	346.28317774339	13453.932389482137
0.025811689999111445	6797.476423055883	2.6112780437940693e27	347.5189828334702	13453.350833926293
0.025903546547150987	6790.802062677515	2.614342622469738e27	348.75473442565726	13452.767577700388
0.02599540309519053	6784.132491342444	2.6174149379617013e27	349.9904323643216	13452.182633592705
0.02608725964323007	6777.467662863803	2.6204950173844547e27	351.2260764950023	13451.596014280314
0.026179116191269614	6770.807531472763	2.6235828879907825e27	352.4616666644001	13451.007732338989
0.02627097273930916	6764.152051732685	2.6266785772112546e27	353.6972027203649	13450.417800228537
0.0263628292873487	6757.5011787001185	2.629782112589603e27	354.9326845118854	13449.826230277904
0.026454685835388243	6750.854867788837	2.632893521809529e27	356.16811188907866	13449.233034717308
0.026546542383427785	6744.213074872672	2.636012832683137e27	357.40348470317986	13448.638225690056
0.026638398931467328	6737.575756143654	2.639140073199318e27	358.63880280653274	13448.041815194507
0.02673025547950687	6730.942868222736	2.642275271480584e27	359.8740660525799	13447.443815137432
0.02682211202754641	6724.314368148095	2.6454184557679604e27	361.10927429585365	13446.844237337215
0.026913968575585954	6717.690213271301	2.648569654469483e27	362.3444273919657	13446.243093494575
0.027005825123625496	6711.070361301277	2.651728896156416e27	363.5795251975969	13445.640395198143
0.02709768167166504	6704.4547703941735	2.654896209511506e27	364.8145675704895	13445.036153945899
0.027189538219704584	6697.843399076356	2.658071623368512e27	366.0495543694369	13444.430381131444
0.027281394767744126	6691.236206144795	2.661255166749224e27	367.284485454274	13443.823088016463
0.027373251315783668	6684.633150783703	2.664446868789419e27	368.51936068586633	13443.214285794014
0.02746510786382321	6678.034192580149	2.6676467587636176e27	369.75417992610403	13442.603985586238
0.027556964411862752	6671.439291371543	2.670854866138374e27	370.9889430378926	13441.992198391436
0.027648820959902294	6664.848407390649	2.674071220515107e27	372.2236498851449	13441.378935120181
0.027740677507941836	6658.261501223679	2.6772958516240975e27	373.4583003327722	13440.764206604685
0.027832534055981382	6651.6785337255005	2.680528789375839e27	374.69289424667573	13440.148023583453
0.027924390604020924	6645.099466072267	2.683770063845328e27	375.9274314937376	13439.530396683562
0.028016247152060466	6638.524259802999	2.687019705242303e27	377.1619119418134	13438.911336461131
0.028108103700100008	6631.952876792889	2.6902777439282935e27	378.3963354597251	13438.29085340117
0.02819996024813955	6625.385279236061	2.6935442104198704e27	379.63070191725393	13437.668957876798
0.028291816796179092	6618.821429503936	2.6968191354310236e27	380.86501118512865	13437.045660172173
0.028383673344218634	6612.261290405759	2.7001025497948146e27	382.09926313501967	13436.420970510762
0.028475529892258176	6605.704825061956	2.703394484500697e27	383.3334576395325	13435.79489902984
0.02856738644029772	6599.15199674283	2.706694970744095e27	384.5675945722003	13435.16745575715
0.028659242988337264	6592.602769111976	2.7100040398510913e27	385.8016738074729	13434.538650660133
0.028751099536376806	6586.057106129018	2.7133217233082054e27	387.03569522071285	13433.908493642024
0.02884295608441635	6579.514972078665	2.716648052753315e27	388.2696586881878	13433.27699450101
0.02893481263245589	6572.976331375033	2.7199830600363474e27	389.503564087063	13432.644162956345
0.029026669180495433	6566.441148806933	2.723326777142419e27	390.7374112953921	13432.010008669296
0.029118525728534975	6559.909389446074	2.726679236220477e27	391.9712001921127	13431.374541217678
0.029210382276574517	6553.381018673446	2.7300404695751923e27	393.20493065703965	13430.737770099553
0.02930223882461406	6546.856001994152	2.7334105097244886e27	394.43860257085583	13430.099704734348
0.029394095372653604	6540.334305274937	2.73678938932531e27	395.67221581510637	13429.460354491563
0.029485951920693147	6533.815894693542	2.7401771411887915e27	396.90577027219297	13428.819728643977
0.02957780846873269	6527.300736530211	2.743573798347509e27	398.13926582536726	13428.177836392499
0.02966966501677223	6520.788797402892	2.7469793939800987e27	399.37270235872177	13427.534686884544
0.029761521564811773	6514.280044196783	2.750393961433391e27	400.6060797571859	13426.890289192652
0.029853378112851315	6507.774444087991	2.753817534215211e27	401.8393979065201	13426.24465230106
0.029945234660890857	6501.271964347747	2.757250146059307e27	403.07265669330536	13425.597785118141
0.0300370912089304	6494.772572587429	2.760691830845894e27	404.3058560049384	13424.94969650952
0.03012894775696994	6488.27623667145	2.764142622628917e27	405.53899572962706	13424.300395258051
0.030220804305009487	6481.782924678266	2.76760255562888e27	406.77207575638124	13423.649890091176
0.03031266085304903	6475.292604851501	2.771071664297728e27	408.00509597501645	13422.998189672446
0.03040451740108857	6468.805245718161	2.7745499832377286e27	409.2380562761361	13422.34530259856
0.030496373949128113	6462.320816064716	2.778037547216469e27	410.47095655112935	13421.691237398521
0.030588230497167655	6455.839284860928	2.7815343912043656e27	411.70379669216476	13421.036002542412
0.030680087045207197	6449.360621253435	2.7850405503813095e27	412.93657659218763	13420.379606446344
0.03077194359324674	6442.884794683921	2.788556060080564e27	414.16929614491625	13419.722057446972
0.03086380014128628	6436.411774791374	2.792080955813341e27	415.4019552448321	13419.063363830159
0.030955656689325824	6429.941531370883	2.795615273316294e27	416.6345537871731	13418.403533822842
0.03104751323736537	6423.474034442274	2.799159048509383e27	417.867091667928	13417.742575590451
0.03113936978540491	6417.009254259639	2.8027123174876266e27	419.09956878383144	13417.080497231764
0.031231226333444453	6410.547161284198	2.806275116538114e27	420.3319850323635	13416.417306796393
0.03132308288148399	6404.087726200495	2.8098474821310686e27	421.5643403117431	13415.753012289379
0.03141493942952354	6397.630919809634	2.813429450972759e27	422.7966345209192	13415.087621631068
0.03150679597756308	6391.176713149462	2.8170210599444217e27	424.02886755956496	13414.421142695697
0.03159865252560262	6384.725077501758	2.8206223461029987e27	425.2610393280732	13413.753583313295
0.03169050907364217	6378.27598431251	2.8242333467153997e27	426.493149727553	13413.084951259381
0.031782365621681706	6371.82940512333	2.827854099284541e27	427.7251986598283	13412.415254228807
0.03187422216972125	6365.385311759688	2.8314846414775995e27	428.9571860274287	13411.744499882769
0.03196607871776079	6358.94367624873	2.8351250111518757e27	430.18911173358333	13411.072695839244
0.032057935265800336	6352.504470737061	2.8387752464002844e27	431.4209756822167	13410.399849646145
0.03214979181383988	6346.067667540124	2.842435385526196e27	432.6527777779427	13409.725968796285
0.03224164836187942	6339.633239210995	2.8461054670085793e27	433.8845179260631	13409.051060742997
0.032333504909918966	6333.201158486825	2.8497855295308744e27	435.116196032566	13408.375132900686
0.032425361457958504	6326.771398197045	2.8534756120286364e27	436.34781200411544	13407.698192602767
0.03251721800599805	6320.343931395545	2.8571757536258424e27	437.5793657480467	13407.020247148217
0.03260907455403759	6313.918731300279	2.860885993650898e27	438.81085717236175	13406.341303786976
0.032700931102077134	6307.495771301472	2.864606371638045e27	440.04228618572455	13405.661369706895
0.03279278765011667	6301.0750249817675	2.8683369273336337e27	441.2736526974596	13404.980452051206
0.03288464419815622	6294.656465995953	2.872077700744158e27	442.5049566175483	13404.298557915457
0.032976500746195764	6288.240068224832	2.875828732059105e27	443.7361978566199	13403.615694362992
0.0330683572942353	6281.825805738342	2.879590061672844e27	444.96737632593766	13402.931868402824
0.03316021384227485	6275.413652718578	2.883361730219962e27	446.1984919374369	13402.247086991463
0.03325207039031439	6269.003583474374	2.887143778570345e27	447.4295446036624	13401.561357041477
0.03334392693835393	6262.595572506081	2.890936247800835e27	448.6605342378006	13400.874685433762
0.03343578348639347	6256.1895945124415	2.8947391791875936e27	449.8914607536675	13400.187078990275
0.033527640034433016	6249.7856242630705	2.8985526142788157e27	451.1223240657047	13399.498544488142
0.033619496582472555	6243.383636688058	2.902376594836425e27	452.3531240889728	13398.809088665554
0.0337113531305121	6236.983606879189	2.906211162845883e27	453.58386073915136	13398.11871822291
0.033803209678551646	6230.585510108191	2.910056360511266e27	454.8145339325318	13397.4274398064
0.033895066226591185	6224.189321759981	2.9139122302648786e27	456.04514358601404	13396.735260025
0.03398692277463073	6217.795017319747	2.9177788148196823e27	457.2756896171044	13396.042185446
0.03407877932267027	6211.402572453282	2.921656157087168e27	458.5061719439102	13395.348222596422
0.034170635870709815	6205.011962976481	2.925544300216218e27	459.73659048513554	13394.653377955661
0.03426249241874935	6198.6231648533	2.9294432875732187e27	460.96694516007904	13393.957657969944
0.0343543489667889	6192.236154101681	2.9333531628238376e27	462.1972358886279	13393.261069042728
0.03444620551482844	6185.850906938428	2.9372739698384774e27	463.42746259125676	13392.563617535732
0.03453806206286798	6179.467399681899	2.9412057527327776e27	464.6576251890219	13391.865309766448
0.03462991861090753	6173.08560885515	2.945148555847849e27	465.88772360356165	13391.166152025753
0.03472177515894707	6166.7055110292695	2.9491024238012344e27	467.1177577570868	13390.466150564482
0.03481363170698661	6160.32708287726	2.953067401468988e27	468.3477275723806	13389.765311578953
0.03490548825502615	6153.950301260778	2.957043533950532e27	469.5776329727944	13389.063641238165
0.0349973448030657	6147.575143184578	2.961030866588212e27	470.80747388224523	13388.361145678331
0.035089201351105236	6141.201585749019	2.9650294449889995e27	472.03725022521166	13387.657831003566
0.03518105789914478	6134.829606100341	2.969039315047607e27	473.26696192673074	13386.953703256793
0.03527291444718432	6128.459181585788	2.973060522880075e27	474.49660891239307	13386.248768461717
0.035364770995223865	6122.090289697054	2.977093114850339e27	475.7261911083416	13385.543032603806
0.03545662754326341	6115.722908007358	2.98113713759935e27	476.95570844126667	13384.836501618645
0.03554848409130295	6109.357014142644	2.985192638056994e27	478.18516083840063	13384.129181394666
0.035640340639342495	6102.992585913966	2.989259663385492e27	479.41454822751695	13383.421077806675
0.035732197187382034	6096.629601241841	2.9933382610168526e27	480.64387053692553	13382.712196699289
0.03582405373542158	6090.268038165553	2.997428478643722e27	481.8731276954763	13382.002543887686
0.03591591028346112	6083.907874823769	3.0015303642230054e27	483.1023196325469	13381.29212513799
0.036007766831500664	6077.549089414967	3.005643966022527e27	484.33144627804677	13380.580946184458
0.03609962337954021	6071.191660279807	3.009769332560284e27	485.56050756240836	13379.869012733785
0.03619147992757975	6064.835565895728	3.0139065126072005e27	486.78950341658236	13379.156330466772
0.03628333647561929	6058.480784841953	3.0180555552163785e27	488.01843377204557	13378.44290501874
0.03637519302365883	6052.127295728927	3.0222165097664203e27	489.2472985607935	13377.72874199128
0.03646704957169838	6045.775077319142	3.0263894258837173e27	490.47609771533155	13377.013846961303
0.036558906119737916	6039.4241085044105	3.030574353457149e27	491.7048311686717	13376.298225480852
0.03665076266777746	6033.0743682654675	3.0347713426677244e27	492.9334988543357	13375.58188305724
0.036742619215817	6026.725835613669	3.0389804440302305e27	494.16210070635657	13374.864825165525
0.036834475763856546	6020.378489712999	3.043201708312209e27	495.3906366592663	13374.147057257565
0.03692633231189609	6014.032309824222	3.047435186568935e27	496.6191066480922	13373.428584759284
0.03701818885993563	6007.68727531258	3.0516809301408576e27	497.8475106083565	13372.709413054896
0.037110045407975176	6001.343365649807	3.055938990660198e27	499.07584847608206	13371.989547506755
0.037201901956014714	5995.000560327679	3.0602094201027684e27	500.30412018778276	13371.268993440073
0.03729375850405426	5988.658838972187	3.0644922707138685e27	501.53232568045695	13370.547756161759
0.0373856150520938	5982.31818133123	3.0687875950173336e27	502.76046489158495	13369.825840939406
0.037477471600133344	5975.978567236725	3.0730954458462823e27	503.9885377591343	13369.103253018098
0.03756932814817288	5969.639976537287	3.0774158763888926e27	505.21654422155694	13368.37999760683
0.03766118469621243	5963.302389220473	3.081748940105531e27	506.444484217779	13367.656079898123
0.037753041244251974	5956.965785365311	3.0860946907602327e27	507.6723576871978	13366.93150504572
0.03784489779229151	5950.630145141954	3.090453182424729e27	508.9001645696835	13366.206278180687
0.03793675434033106	5944.295448821346	3.0948244694799946e27	510.1279048055839	13365.480404409964
0.0380286108883706	5937.961676683935	3.09920860666769e27	511.35557833570954	13364.753888809666
0.03812046743641014	5931.6288091325305	3.1036056490227545e27	512.5831851013362	13364.02673642606
0.03821232398444968	5925.296826689143	3.1080156518750855e27	513.8107250442005	13363.298952283878
0.038304180532489226	5918.965709935229	3.112438670891052e27	515.0381981065001	13362.57054138154
0.038396037080528765	5912.635439468886	3.116874762106535e27	516.2656042308922	13361.841508687347
0.03848789362856831	5906.305996027221	3.12132398184562e27	517.49294336049	13361.111859148197
0.038579750176607856	5899.97736041787	3.1257863867663166e27	518.7202154388586	13360.381597680669
0.038671606724647395	5893.6495135516725	3.1302620338403215e27	519.947420410013	13359.650729182904
0.03876346327268694	5887.3224363855425	3.1347509803933426e27	521.1745582184159	13358.91925852611
0.03885531982072648	5880.996109907407	3.13925328412108e27	522.4016288089771	13358.187190554438
0.038947176368766025	5874.670515244961	3.143769003020724e27	523.6286321270524	13357.454530086205
0.03903903291680556	5868.34563356602	3.1482981954381325e27	524.8555681184384	13356.721281916818
0.03913088946484511	5862.021446151209	3.152840920043198e27	526.082436729371	13355.987450822946
0.039222746012884654	5855.697934309191	3.1573972358837196e27	527.3092379065218	13355.253041557184
0.03931460256092419	5849.375079391142	3.1619672023742074e27	528.5359715969971	13354.51805883719
0.03940645910896374	5843.052862870976	3.166550879247655e27	529.7626377483385	13353.782507369851
0.03949831565700328	5836.73126628262	3.171148326599525e27	530.9892363085191	13353.04639182311
0.03959017220504282	5830.410271265031	3.1757596048622346e27	532.215767225938	13352.30971681932
0.03968202875308236	5824.089859475835	3.1803847748687073e27	533.4422304494129	13351.572486889849
0.03977388530112191	5817.77001262648	3.1850238978160974e27	534.66862592818	13350.834706620763
0.039865741849161446	5811.450712532256	3.189677035229738e27	535.8949536118954	13350.09638058909
0.03995759839720099	5805.13194108487	3.194344249002527e27	537.121213450639	13349.357513350424
0.04004945494524054	5798.813680161316	3.1990256014521087e27	538.3474053949061	13348.618109433131
0.040141311493280075	5792.495911741958	3.2037211552404734e27	539.5735293956064	13347.87817333885
0.04023316804131962	5786.178617878073	3.2084309733988506e27	540.7995854040612	13347.13770955206
0.04032502458935916	5779.861780695076	3.213155119327506e27	542.0255733720022	13346.396722537822
0.040416881137398705	5773.54538238693	3.2178936568047384e27	543.2514932515725	13345.65521674255
0.040508737685438244	5767.229405130761	3.2226466500500473e27	544.4773449953227	13344.91319658166
0.04060059423347779	5760.913831214848	3.227414163632556e27	545.7031285562077	13344.170666450833
0.04069245078151733	5754.5986429857485	3.2321962625109563e27	546.9288438875844	13343.427630728065
0.040784307329556874	5748.283822867046	3.2369930120220895e27	548.1544909432104	13342.68409377317
0.04087616387759642	5741.969353334851	3.2418044779057655e27	549.3800696772429	13341.94005992836
0.04096802042563596	5735.655216857893	3.2466307263508e27	550.6055800442383	13341.195533502405
0.0410598769736755	5729.341395998101	3.251471823905154e27	551.8310219991473	13340.450518788832
0.04115173352171504	5723.02787337786	3.256327837529956e27	553.056395497314	13339.705020063453
0.04124359006975459	5716.7146316775315	3.261198834589857e27	554.2817004944749	13338.959041583108
0.041335446617794126	5710.401653660211	3.2660848828392473e27	555.5069369467562	13338.212587592889
0.04142730316583367	5704.088922068207	3.270986050500272e27	556.7321048106722	13337.465662300609
0.04151915971387321	5697.77641971552	3.275902406200227e27	557.9572040431235	13336.718269901674
0.041611016261912756	5691.46412949997	3.2808340189693016e27	559.1822346013959	13335.970414576572
0.0417028728099523	5685.152034379587	3.2857809582430317e27	560.407196443158	13335.222100489067
0.04179472935799184	5678.840117311666	3.2907432939204745e27	561.6320895264595	13334.473331779984
0.041886585906031386	5672.5283612913645	3.2957210963473465e27	562.8569138097296	13333.724112564047
0.041978442454070924	5666.216749400676	3.300714436272337e27	564.0816692517748	13332.97444694573
0.04207029900211047	5659.905264759906	3.305723384888348e27	565.3063558117776	13332.224339010454
0.04216215555015001	5653.593890545946	3.3107480138102474e27	566.530973449284	13331.473792828045
0.042254012098189554	5647.282610000435	3.315788395140678e27	567.7555221242598	13330.722812453332
0.0423458686462291	5640.97140636605	3.3208446013721535e27	568.9800017969717	13329.971401913283
0.04243772519426864	5634.66026290583	3.3259167055212354e27	570.2044124280994	13329.219565217585
0.042529581742308184	5628.3491629783775	3.331004781020047e27	571.4287539786882	13328.467306364919
0.04262143829034772	5622.038089995453	3.3361089017374646e27	572.6530264101399	13327.71462933899
0.04271329483838727	5615.727027395275	3.3412291420145593e27	573.8772296842217	13326.961538105441
0.04280515138642681	5609.4159585998805	3.3463655767118434e27	575.1013637630689	13326.208036601402
0.04289700793446635	5603.104867130001	3.3515182811120126e27	576.3254286091767	13325.454128757043
0.04298886448250589	5596.793736541042	3.356687330974543e27	577.5494241854002	13324.69981848551
0.04308072103054544	5590.482550460378	3.361872802509586e27	578.7733504549531	13323.945109688071
0.04317257757858498	5584.171292496197	3.367074772453452e27	579.9972073814063	13323.190006244986
0.04326443412662452	5577.859946288268	3.3722933180318126e27	581.220994928686	13322.434512013762
0.043356290674664066	5571.548495552132	3.3775285169279753e27	582.4447130610722	13321.678630843764
0.043448147222703605	5565.236924030193	3.382780447325485e27	583.6683617431981	13320.922366567602
0.04354000377074315	5558.925215507682	3.388049187885921e27	584.8919409400391	13320.165723003392
0.04363186031878269	5552.613353825389	3.3933348178162175e27	586.1154506169604	13319.408703959878
0.043723716866822235	5546.301322838407	3.3986374167441413e27	587.3388907396119	13318.651313212396
0.04381557341486177	5539.989106398057	3.403957064913206e27	588.5622612740361	13317.893554444372
0.04390742996290132	5533.676688445545	3.409293843023226e27	589.7855621865983	13317.135431360935
0.043999286510940865	5527.364052967868	3.4146478322625854e27	591.0087934439971	13316.37694769198
0.0440911430589804	5521.051183971628	3.42001911435563e27	592.231955013287	13315.618107154602
0.04418299960701995	5514.738065433275	3.425407771596163e27	593.4550468618554	13314.858913440657
0.04427485615505949	5508.424681402047	3.430813886776438e27	594.6780689574304	13314.099370229756
0.04436671270309903	5502.111015967836	3.43623754321168e27	595.9010212680768	13313.339481189376
0.04445856925113857	5495.7970532696245	3.44167882473752e27	597.1239037621956	13312.579249974542
0.04455042579917812	5489.482777463797	3.447137815740597e27	598.3467164085225	13311.818680224194
0.044642282347217656	5483.168172674983	3.4526146012049686e27	599.5694591761275	13311.057775557736
0.0447341388952572	5476.853223117323	3.4581092666145316e27	600.7921320344122	13310.296539582452
0.04482599544329675	5470.537913022635	3.463621898016223e27	602.0147349531096	13309.534975892037
0.044917851991336286	5464.222226660619	3.4691525820074646e27	603.2372679022786	13308.7730880675
0.04500970853937583	5457.906148328147	3.474701405753019e27	604.459730852315	13308.010879675852
0.04510156508741537	5451.589662344601	3.480268456963449e27	605.6821237739322	13307.248354270192
0.045193421635454915	5445.272753022927	3.4858538239800637e27	606.9044466381746	13306.48551538718
0.045285278183494454	5438.955404720818	3.491457595692146e27	608.1266994164076	13305.722366547849
0.045377134731534	5432.637601846887	3.49707986154003e27	609.348882080318	13304.958911265032
0.045468991279573545	5426.319328845622	3.5027207115599327e27	610.5709946019241	13304.195153039562
0.045560847827613084	5420.000570114821	3.5083802364208556e27	611.7930369535549	13303.431095350501
0.04565270437565263	5413.681310106337	3.5140585273705706e27	613.0150091078631	13302.666741667967
0.04574456092369217	5407.361533310293	3.5197556762426183e27	614.2369110378186	13301.902095451574
0.045836417471731714	5401.041224234514	3.525471775479767e27	615.4587427167086	13301.137160144002
0.04592827401977125	5394.720367432023	3.531206918114613e27	616.6805041181353	13300.371939179835
0.0460201305678108	5388.398947464723	3.5369611978057537e27	617.902195216017	13299.606435979504
0.046111987115850336	5382.076948854506	3.54273470888666e27	619.1238159845848	13298.840653943489
0.04620384366388988	5375.754356204868	3.548527546263123e27	620.3453663983818	13298.074596467291
0.04629570021192943	5369.431154129884	3.5543398054826637e27	621.5668464322623	13297.308266934977
0.046387556759968966	5363.107327282564	3.560171582712774e27	622.7882560613913	13296.54166871633
0.04647941330800851	5356.7828603275675	3.5660229747531016e27	624.0095952612426	13295.774805170176
0.04657126985604805	5350.457737879302	3.571894079123789e27	625.2308640075975	13295.007679635184
0.046663126404087596	5344.131944632108	3.5777849939392544e27	626.4520622765439	13294.240295445705
0.046754982952127135	5337.805465287138	3.583695817981189e27	627.6731900444752	13293.47265592298
0.04684683950016668	5331.478284582823	3.5896266506784587e27	628.8942472880897	13292.704764380283
0.04693869604820622	5325.1503872892	3.595577592116774e27	630.1152339843892	13291.936624119702
0.047030552596245764	5318.821758091408	3.601548743130797e27	631.3361501106784	13291.168238419017
0.04712240914428531	5312.49238176505	3.607540205179557e27	632.5569956445623	13290.399610554645
0.04721426569232485	5306.162243088601	3.6135520804168837e27	633.7777705639464	13289.630743790356
0.047306122240364394	5299.8313268661495	3.619584471680962e27	634.9984748470347	13288.861641380325
0.04739797878840393	5293.499617921493	3.625637482504523e27	636.219108472334	13288.092306568571
0.04748983533644348	5287.167101084565	3.631711217103759e27	637.4396714186424	13287.322742588667
0.04758169188448302	5280.83376115536	3.637805780475103e27	638.6601636650581	13286.552952655666
0.04767354843252256	5274.49958297877	3.6439212782890786e27	639.8805851909739	13285.782939978686
0.0477654049805621	5268.164551416939	3.650057816927755e27	641.1009359760756	13285.01270775798
0.04785726152860165	5261.828651356131	3.65621550348788e27	642.3212160003422	13284.242259185105
0.04794911807664119	5255.49186770531	3.662394445795893e27	643.5414252440459	13283.471597411524
0.04804097462468073	5249.154185321064	3.668594752491226e27	644.7615636877464	13282.700725534478
0.048132831172720277	5242.815589109369	3.67481653290826e27	645.9816313122888	13281.929646692035
0.048224687720759815	5236.476063983915	3.681059897131047e27	647.2016280988054	13281.158364021361
0.04831654426879936	5230.13559486485	3.687324956002907e27	648.4215540287158	13280.38688064796
0.0484084008168389	5223.794166687699	3.693611821112666e27	649.6414090837213	13279.615199688178
0.048500257364878445	5217.451764407795	3.699920604871466e27	650.8611932458335	13278.843324249481
0.048592113912917984	5211.108372957869	3.706251420408363e27	652.0809064973141	13278.071257425481
0.04868397046095753	5204.763977260682	3.712604381711919e27	653.3005488207275	13277.299002297561
0.048775827008997075	5198.418562287756	3.7189796035142905e27	654.5201201989207	13276.526561942243
0.04886768355703661	5192.072113033923	3.7253772013283855e27	655.7396206150216	13275.75393942944
0.04895954010507616	5185.724614449262	3.7317972915066643e27	656.959050052435	13274.98113781012
0.0490513966531157	5179.376051478724	3.738239991239291e27	658.1784084948496	13274.208160125734
0.04914325320115524	5173.0264091076015	3.744705418498701e27	659.3976959262324	13273.435009412291
0.04923510974919478	5166.675672316162	3.751193692093217e27	660.616912330828	13272.661688694989
0.04932696629723433	5160.323826091584	3.757704931662582e27	661.8360576931598	13271.888200989919
0.04941882284527387	5153.970855428111	3.764239257639978e27	663.0551319980118	13271.114549304233
0.04951067939331341	5147.616745333409	3.770796791475115e27	664.2741352305021	13270.34073663695
0.04960253594135296	5141.261480810768	3.777377655201204e27	665.4930673759355	13269.56676597796
0.049694392489392496	5134.9050468240375	3.7839819719942013e27	666.7119284199625	13268.792640300982
0.04978624903743204	5128.547428354991	3.790609865753174e27	667.9307183484664	13268.0183625733
0.04987810558547158	5122.188610432896	3.797261461255002e27	669.1494371476193	13267.24393575898
0.049969962133511125	5115.82857808226	3.803936884173207e27	670.3680848038648	13266.469362812477
0.050061818681550664	5109.467316250419	3.810636261145483e27	671.5866613039159	13265.694646670032
0.05015367522959021	5103.104809930198	3.817359719667297e27	672.8051666347507	13264.919790264656
0.050245531777629755	5096.741044132843	3.824107388130919e27	674.0236007836211	13264.144796522956
0.050337388325669294	5090.376003839451	3.830879395864748e27	675.2419637380455	13263.369668359483
0.05042924487370884	5084.009674085637	3.837675873077888e27	676.4602554858103	13262.594408687892
0.05052110142174838	5077.642039839637	3.844496950979064e27	677.6784760149692	13261.819020403904
0.050612957969787924	5071.273086059831	3.85134276172672e27	678.8966253138401	13261.043506394482
0.05070481451782746	5064.90279774694	3.858213438397884e27	680.1147033710072	13260.267869543994
0.05079667106586701	5058.531159865998	3.8651091150400095e27	681.3327101753189	13259.492112724707
0.050888527613906546	5052.158157397142	3.8720299266668226e27	682.5506457158864	13258.716238803105
0.05098038416194609	5045.783775359355	3.878976009229678e27	683.768509982085	13257.940250642945
0.05107224070998564	5039.407998681411	3.885947499747583e27	684.9863029635528	13257.164151089642
0.051164097258025176	5033.030812303353	3.892944536213146e27	686.2040246501871	13256.38794298268
0.05125595380606472	5026.652201184063	3.899967257612262e27	687.4216750321466	13255.611629156861
0.05134781035410426	5020.272150269806	3.9070158039469767e27	688.6392540998509	13254.83521243896
0.051439666902143806	5013.8906445114835	3.9140903162270283e27	689.856761843978	13254.058695648924
0.051531523450183345	5007.507668885076	3.921190936471078e27	691.0741982554647	13253.282081602742
0.05162337999822289	5001.123208236342	3.928317807852411e27	692.2915633255062	13252.505373094411
0.05171523654626243	4994.737247502779	3.935471074508791e27	693.5088570455541	13251.728572922906
0.051807093094301974	4988.349771589836	3.9426508816630195e27	694.7260794073164	13250.95168387694
0.05189894964234152	4981.9607653848925	3.949857375604523e27	695.9432304027573	13250.174708736915
0.05199080619038106	4975.570213791743	3.957090703688967e27	697.1603100240933	13249.39765028167
0.052082662738420604	4969.17810170842	3.96435101437838e27	698.3773182638058	13248.620511266246
0.05217451928646014	4962.784413992511	3.9716384572287134e27	699.5942551146135	13247.843294407676
0.05226637583449969	4956.389135478231	3.9789531829601817e27	700.8111205694925	13247.066002429196
0.05235823238253923	4949.9922510169545	3.986295343362024e27	702.0279146216675	13246.288638071683
0.05245008893057877	4943.593745438766	3.9936650913726566e27	703.2446372646165	13245.511204066435
0.05254194547861832	4937.1936035687895	4.001062581065084e27	704.4612884920671	13244.733703137708
0.05263380202665786	4930.7918102476815	4.008487967635115e27	705.6778682979973	13243.95613800622
0.0527256585746974	4924.388350230855	4.0159414075167476e27	706.8943766766332	13243.178511377142
0.05281751512273694	4917.983208281592	4.0234230583033245e27	708.1108136224501	13242.400825951363
0.05290937167077649	4911.576369167469	4.0309330787525144e27	709.3271791301712	13241.623084424977
0.053001228218816025	4905.167817637582	4.038471628824213e27	710.5434731947666	13240.84528948694
0.05309308476685557	4898.757538461042	4.046038869648086e27	711.759695811454	13240.067443823742
0.05318494131489511	4892.345516337126	4.0536349636408943e27	712.9758469756961	13239.289550108517
0.053276797862934655	4885.93173593892	4.061260074454416e27	714.1919266832022	13238.511611006601
0.0533686544109742	4879.516181949636	4.068914366955301e27	715.4079349299251	13237.733629180002
0.05346051095901374	4873.098839033285	4.0765980072721015e27	716.6238717120624	13236.955607283915
0.053552367507053285	4866.679691842379	4.0843111627769056e27	717.8397370260517	13236.17754796794
0.05364422405509282	4860.2587250353345	4.092054002165695e27	719.0555308685873	13235.399453878177
0.05373608060313237	4853.83592321117	4.099826695363384e27	720.2712532365866	13234.621327649313
0.05382793715117191	4847.41127092079	4.1076294136991055e27	721.4869041272204	13233.843171906441
0.05391979369921145	4840.984752751879	4.11546232975439e27	722.7024835378987	13233.064989275552
0.05401165024725099	4834.556353249895	4.1233256174560633e27	723.917991466272	13232.286782373172
0.05410350679529054	4828.126056944597	4.1312194520698426e27	725.1334279102311	13231.508553810621
0.05419536334333008	4821.693848346242	4.139144010206959e27	726.3487928679049	13230.730306193454
0.05428721989136962	4815.259711958055	4.1470994698587554e27	727.5640863376659	13229.952042122954
0.05437907643940917	4808.823632249249	4.155086010374896e27	728.7793083181051	13229.173764193187
0.054470932987448706	4802.385593630749	4.1631038125528095e27	729.994458808097	13228.395474988025
0.05456278953548825	4795.945580517673	4.171153058573889e27	731.209537806709	13227.61717708886
0.05465464608352779	4789.503577306247	4.179233932042063e27	732.4245453132612	13226.838873072016
0.054746502631567336	4783.05956838153	4.187346617982737e27	733.6394813273114	13226.060565509664
0.054838359179606874	4776.613538104516	4.195491302854255e27	734.8543458486506	13225.282256968549
0.05493021572764642	4770.165470756311	4.2036681746700437e27	736.0691388773071	13224.503950003242
0.055022072275685965	4763.7153506301565	4.2118774228617694e27	737.2838604135421	13223.725647167437
0.055113928823725504	4757.263161989922	4.2201192383665946e27	738.4985104578528	13222.947351009016
0.05520578537176505	4750.808889073612	4.228393813622297e27	739.7130890109693	13222.169064070682
0.05529764191980459	4744.352516109648	4.2367013425722723e27	740.9275960738547	13221.390788892053
0.055389498467844134	4737.894027308911	4.2450420206857595e27	742.142031647706	13220.61252800867
0.05548135501588367	4731.433406774219	4.253416045088519e27	743.3563957339518	13219.83428394147
0.05557321156392322	4724.97063864065	4.261823614399841e27	744.5706883342531	13219.056059213506
0.055665068111962764	4718.505707007782	4.270264928830194e27	745.7849094505007	13218.27785634217
0.0557569246600023	4712.038595938197	4.2787401902259037e27	746.9990590848214	13217.499677839114
0.05584878120804185	4705.569289474125	4.2872496019603557e27	748.2131372395631	13216.721526212135
0.055940637756081386	4699.097771657537	4.295793369109836e27	749.4271439173158	13215.943403968211
0.05603249430412093	4692.624026426659	4.304371698405812e27	750.6410791208891	13215.165313600803
0.05612435085216047	4686.148037708647	4.312984798259535e27	751.8549428533266	13214.387257601495
0.056216207400200016	4679.669789419287	4.321632878734075e27	753.0687351178993	13213.609238445133
0.056308063948239555	4673.189265435256	4.3303161516007424e27	754.2824559181036	13212.831258573318
0.0563999204962791	4666.706449604252	4.339034830344723e27	755.496105257661	13212.05332045281
0.056491777044318646	4660.221325753775	4.3477891301640596e27	756.7096831405191	13211.27542655409
0.056583633592358185	4653.733877682026	4.356579268019838e27	757.9231895708559	13210.497579342917
0.05667549014039773	4647.244089084677	4.3654054626984785e27	759.1366245530705	13209.719781272133
0.05676734668843727	4640.751943660106	4.3742679347473425e27	760.3499880917901	13208.94203479479
0.056859203236476814	4634.257425077546	4.383166906505759e27	761.5632801918666	13208.164342359854
0.05695105978451635	4627.760516966226	4.39210260214246e27	762.7765008583763	13207.386706411568
0.0570429163325559	4621.261202943061	4.4010752476315633e27	763.98965009662	13206.609129392637
0.05713477288059544	4614.759466563447	4.4100850708491783e27	765.2027279121223	13205.83161373832
0.05722662942863498	4608.255291309055	4.41913230160961e27	766.415734310632	13205.054161875421
0.05731848597667453	4601.7486606566645	4.428217171565369e27	767.62866929812	13204.27677623028
0.05741034252471407	4595.2395580409975	4.4373399143047675e27	768.84153288078	13203.499459224882
0.05750219907275361	4588.727966857911	4.446500765347099e27	770.0543250650276	13202.722213276844
0.05759405562079315	4582.213870480218	4.4556999621768095e27	771.267045857503	13201.945040801864
0.0576859121688327	4575.6972522359765	4.464937744213462e27	772.4796952650636	13201.167944210998
0.057777768716872235	4569.178095355092	4.474214353005423e27	773.6922732947908	13200.390925904434
0.05786962526491178	4562.656383070068	4.483530032044931e27	774.904779953986	13199.613988283818
0.05796148181295132	4556.132098563423	4.4928850268799255e27	776.1172152501708	13198.837133745874
0.058053338360990865	4549.605224974961	4.5022795851236037e27	777.329579191087	13198.060364683599
0.05814519490903041	4543.075745402875	4.5117139564213067e27	778.54187178469	13197.283683486257
0.05823705145706995	4536.543642906256	4.521188392657463e27	779.7540930391693	13196.50709253995
0.058328908005109495	4530.008900505486	4.530703147801276e27	780.966242962931	13195.730594227938
0.058420764553149034	4523.471501152006	4.54025847781889e27	782.1783215645773	13194.954190926954
0.05851262110118858	4516.93142772225	4.549854641111001e27	783.3903288529502	13194.177885006655
0.05860447764922812	4510.38866309515	4.559491898130442e27	784.602264837104	13193.401678838982
0.05869633419726766	4503.843190080086	4.569170511593444e27	785.8141295263113	13192.625574789734
0.05878819074530721	4497.294991446621	4.578890746459187e27	787.0259229300606	13191.849575222228
0.05888004729334675	4490.744049941678	4.5886528699172686e27	788.2376450580574	13191.073682499431
0.05897190384138629	4484.190348242974	4.5984571514710476e27	789.4492959202239	13190.297898978568
0.05906376038942583	4477.633868905395	4.608303863068759e27	790.6608755266996	13189.522227004943
0.05915561693746538	4471.074594519707	4.6181932788662504e27	791.8723838878386	13188.746668931017
0.059247473485504916	4464.512507588257	4.628125675452135e27	793.0838210142109	13187.971227101312
0.05933933003354446	4457.947590574884	4.6381013317917017e27	794.295186916602	13187.195903859012
0.059431186581584	4451.379825920853	4.6481205292286265e27	795.5064816060128	13186.420701547688
0.059523043129623546	4444.809195965539	4.6581835516316075e27	796.7177050936591	13185.645622502443
0.05961489967766309	4438.235682975863	4.6682906853665586e27	797.9288573909704	13184.870669052752
0.05970675622570263	4431.659269202407	4.678442219253455e27	799.1399385095901	13184.095843529674
0.059798612773742175	4425.079936832095	4.688638444657824e27	800.3509484613767	13183.321148260691
0.059890469321781714	4418.497667989268	4.6988796555049524e27	801.5618872584015	13182.546585569486
0.05998232586982126	4411.91244476146	4.7091661482754664e27	802.7727549129486	13181.77215777954
0.0600741824178608	4405.324249195727	4.719498222065782e27	803.9835514375177	13180.997867213346
0.060166038965900344	4398.733063198945	4.7298761787090177e27	805.194276844819	13180.223716182605
0.06025789551393988	4392.138868670552	4.740300322653437e27	806.4049311477755	13179.449706989026
0.06034975206197943	4385.541647450084	4.750770961054846e27	807.6155143595212	13178.675841913284
0.060441608610018974	4378.941381314946	4.7612884038024304e27	808.8260264933992	13177.90212324873
0.06053346515805851	4372.338051985426	4.7718529634741996e27	810.0364675629587	13177.128553296825
0.06062532170609806	4365.73164113396	4.782464955677622e27	811.2468375819808	13176.355134357043
0.060717178254137597	4359.122130350166	4.7931246984935727e27	812.4571365644277	13175.581868723455
0.06080903480217714	4352.509501109404	4.803832513205126e27	813.6673645244916	13174.808758682017
0.06090089135021668	4345.893734897919	4.814588723799902e27	814.8775214765694	13174.035806524304
0.060992747898256226	4339.274813100464	4.8253936572478903e27	816.087607435269	13173.263014535192
0.061084604446295765	4332.652717047415	4.836247643457163e27	817.2976224154078	13172.490384998126
0.06117646099433531	4326.027428001561	4.847151015327077e27	818.5075664320128	13171.717920194256
0.061268317542374856	4319.398927165162	4.8581041087699643e27	819.7174395003208	13170.945622402867
0.061360174090414395	4312.767195705866	4.8691072627016196e27	820.9272416357772	13170.173493904764
0.06145203063845394	4306.1322146206285	4.880160819303436e27	822.1369728540379	13169.401536966467
0.06154388718649348	4299.493964905694	4.891265123755861e27	823.346633170965	13168.629753860314
0.061635743734533024	4292.85242747079	4.902420524443679e27	824.5562226026306	13167.858146854234
0.06172760028257256	4286.207583162278	4.913627372942658e27	825.765741165315	13167.086718215354
0.06181945683061211	4279.559412753221	4.9248860240658604e27	826.9751888755067	13166.315470208032
0.06191131337865165	4272.907896949501	4.9361968358299204e27	828.1845657498974	13165.54440509512
0.06200316992669119	4266.253016397773	4.9475601697674196e27	829.3938718054022	13164.773525138993
0.06209502647473074	4259.59475164915	4.958976390475858e27	830.6031070591229	13164.002832597633
0.06218688302277028	4252.933083131003	4.970445866228576e27	831.8122715283803	13163.2323297215
0.06227873957080982	4246.267991264572	4.981968968560845e27	833.0213652307006	13162.4620187671
0.06237059611884936	4239.5994563620125	4.993546072535416e27	834.2303881838166	13161.69190198533
0.06246245266688891	4232.927458667645	5.005177556703559e27	835.4393404056676	13160.92198162655
0.06255430921492845	4226.251978354765	5.016863803151012e27	836.6482219143996	13160.15225994039
0.06264616576296798	4219.572995549617	5.028605197519935e27	837.8570327283654	13159.382739177761
0.06273802231100753	4212.890490184827	5.040402129267155e27	839.0657728661243	13158.613421575174
0.06282987885904708	4206.204442203368	5.052254991368723e27	840.2744423464401	13157.844309378117
0.06292173540708662	4199.514831435129	5.064164180588813e27	841.4830411882845	13157.075404826872
0.06301359195512617	4192.821637642999	5.076130097431613e27	842.6915694108335	13156.306710161905
0.0631054485031657	4186.124840492473	5.088153146207653e27	843.9000270334693	13155.538227620855
0.06319730505120524	4179.424419591433	5.10023373506004e27	845.1084140757802	13154.769959443318
0.06328916159924479	4172.720354452368	5.112372276045473e27	846.316730557559	13154.001907865835
0.06338101814728433	4166.012624446681	5.124569185274557e27	847.5249764988044	13153.234075117458
0.06347287469532387	4159.301208901549	5.136824882763838e27	848.73315191972	13152.46646343092
0.06356473124336341	4152.586087050861	5.149139792590382e27	849.9412568407145	13151.699075037413
0.06365658779140296	4145.867238039945	5.16151434289413e27	851.1492912823999	13150.931912166938
0.0637484443394425	4139.144640922286	5.173948966029189e27	852.3572552655965	13150.164977048444
0.06384030088748205	4132.418274690813	5.1864440984586e27	853.5651488113184	13149.39827191356
0.06393215743552158	4125.688118202853	5.199000180898842e27	854.7729719408092	13148.631798987086
0.06402401398356113	4118.9541502119955	5.211617658452918e27	855.9807246754926	13147.86556049236
0.06411587053160067	4112.216349398277	5.224296980519028e27	857.1884070370049	13147.099558654285
0.06420772707964022	4105.474694345116	5.23703860090967e27	858.396019047187	13146.333795693443
0.06429958362767976	4098.729163539091	5.249842977873441e27	859.6035607280821	13145.568273802919
0.0643914401757193	4091.979735376426	5.26271057418496e27	860.8110321019353	13144.802995191092
0.06448329672375884	4085.226388164439	5.275641857137263e27	862.0184331911954	13144.03796207577
0.06457515327179839	4078.469100116192	5.288637298642028e27	863.2257640185143	13143.273176674491
0.06466700981983793	4071.7078492680102	5.301697375438264e27	864.4330246067477	13142.508641195487
0.06475886636787746	4064.9426136153547	5.314822568887989e27	865.6402149789544	13141.744357852966
0.06485072291591701	4058.1733710384483	5.328013365172582e27	866.8473351583965	13140.98032885943
0.06494257946395655	4051.4000993199516	5.341270255156926e27	868.0543851685323	13140.216556426454
0.0650344360119961	4044.6227761374603	5.354593735100932e27	869.2613650330431	13139.453042765093
0.06512629256003565	4037.8413790715626	5.367984305941119e27	870.468274775787	13138.689790086977
0.06521814910807518	4031.055885568513	5.38144247328023e27	871.6751144208533	13137.926800599982
0.06531000565611472	4024.2662729629646	5.394968748427134e27	872.8818839925116	13137.164076511586
0.06540186220415427	4017.472518490175	5.408563647640285e27	874.088583515242	13136.40162002911
0.06549371875219381	4010.674599275476	5.422227692412553e27	875.295213013727	13135.639433359625
0.06558557530023335	4003.872492335724	5.435961409536798e27	876.5017725128517	13134.877518710291
0.06567743184827289	3997.0661745717666	5.449765331174575e27	877.7082620377051	13134.115878287643
0.06576928839631244	3990.255622804259	5.463639994862495e27	878.9146816135778	13133.354514302242
0.06586114494435198	3983.4408136822235	5.477585943744121e27	880.1210312659637	13132.593428956898
0.06595300149239153	3976.6217237352926	5.491603726559482e27	881.3273110205588	13131.832624454491
0.06604485804043106	3969.7983293970274	5.505693897642531e27	882.5335209032611	13131.072103000268
0.0661367145884706	3962.9706069792874	5.519857017020687e27	883.7396609401707	13130.311866799397
0.06622857113651015	3956.138532669181	5.53409365073189e27	884.9457311575966	13129.551918055882
0.0663204276845497	3949.302082540809	5.548404370255087e27	886.1517315820362	13128.792258974867
0.06641228423258923	3942.4612325345092	5.56278975354969e27	887.3576622402071	13128.032891760313
0.06650414078062877	3935.615958489326	5.577250384162977e27	888.5635231590161	13127.273818619138
0.06659599732866832	3928.7662361205626	5.591786851854859e27	889.7693143655761	13126.515041758797
0.06668785387670786	3921.912040941116	5.606399752807666e27	890.9750358872055	13125.756563377514
0.06677971042474741	3915.0533483883223	5.62108968924828e27	892.1806877514218	13124.998385680507
0.06687156697278694	3908.1901337710506	5.635857269825913e27	893.3862699859461	13124.240510873618
0.06696342352082649	3901.3223722600214	5.650703109610303e27	894.5917826187026	13123.48294116198
0.06705528006886603	3894.450038895045	5.665627830186673e27	895.7972256778174	13122.725678750994
0.06714713661690558	3887.573108593635	5.680632059718181e27	897.0025991916194	13121.968725848048
0.06723899316494511	3880.691556155405	5.695716433018299e27	898.2079031886403	13121.212084663648
0.06733084971298466	3873.805356139192	5.71088159190135e27	899.4131376976148	13120.455757396781
0.0674227062610242	3866.9144830593036	5.726128184880445e27	900.6183027474798	13119.699746257305
0.06751456280906375	3860.018911259446	5.741456867487393e27	901.823398367375	13118.94405345273
0.06760641935710329	3853.118614941633	5.756868302283525e27	903.0284245866426	13118.18868119184
0.06769827590514282	3846.2135681697514	5.772363158994512e27	904.2333814348278	13117.43363168379
0.06779013245318237	3839.303744860035	5.787942114631756e27	905.4382689416805	13116.678907138723
0.06788198900122192	3832.3891188198177	5.803605853459578e27	906.6430871371522	13115.924509771981
0.06797384554926146	3825.4696636445738	5.819355067275342e27	907.8478360513963	13115.170441793305
0.06806570209730099	3818.5453527874743	5.835190455476982e27	909.0525157147716	13114.416705411715
0.06815755864534054	3811.6161595733333	5.851112725061614e27	910.2571261578385	13113.663302810197
0.06824941519338008	3804.6820571696376	5.867122590798998e27	911.4616674113566	13112.91023618106
0.06834127174141963	3797.743018585518	5.883220775314896e27	912.6661395062893	13112.157507734319
0.06843312828945917	3790.7990166774825	5.899408009196712e27	913.8705424738016	13111.405119681722
0.0685249848374987	3783.8500241854294	5.915685031049722e27	915.0748763452633	13110.653074241041
0.06861684138553825	3776.8960135974444	5.932052587852483e27	916.2791411522469	13109.901373620307
0.0687086979335778	3769.936957284706	5.948511434832997e27	917.4833369265283	13109.15002003366
0.06880055448161734	3762.9728274561708	5.965062335605385e27	918.6874637000859	13108.399015697192
0.06889241102965687	3756.003596147086	5.981706062392614e27	919.8915215051031	13107.648362826609
0.06898426757769642	3749.0292352351626	5.998443396027448e27	921.095510373966	13106.898063639928
0.06907612412573597	3742.049716429499	6.01527512614856e27	922.2994303392647	13106.148120357204
0.06916798067377551	3735.0650112632316	6.032202051303532e27	923.5032814337933	13105.398535198654
0.06925983722181506	3728.075091134689	6.049224979008987e27	924.7070636905502	13104.649310390027
0.06935169376985459	3721.0799272114073	6.066344726056508e27	925.9107771427373	13103.900448153207
0.06944355031789413	3714.0794904812783	6.083562118566832e27	927.1144218237621	13103.151950710666
0.06953540686593368	3707.073751777402	6.10087799201047e27	928.3179977672348	13102.403820289062
0.06962726341397323	3700.0626817506345	6.118293191367867e27	929.5215050069696	13101.656059117064
0.06971911996201276	3693.046250863097	6.135808571688536e27	930.7249435769928	13100.908669424056
0.0698109765100523	3686.0244294065005	6.153424997120687e27	931.9283135115209	13100.161653442628
0.06990283305809185	3678.9971874698936	6.17114334272184e27	933.1316148449935	13099.415013406211
0.0699946896061314	3671.9644949895055	6.18896449288794e27	934.3348476120336	13098.668751553128
0.07008654615417094	3664.926321677939	6.20688934258487e27	935.5380118474975	13097.922870120668
0.07017840270221047	3657.8826370302136	6.224918797356223e27	936.741107586425	13097.177371346063
0.07027025925025002	3650.833410373306	6.243053773193551e27	937.9441348640692	13096.432257470535
0.07036211579828956	3643.778610834741	6.261295196844966e27	939.1470937158886	13095.68753073822
0.07045397234632911	3636.7182073486283	6.27964400591899e27	940.349984177548	13094.943193395935
0.07054582889436864	3629.65216864221	6.298101149084424e27	941.5528062849185	13094.19924769199
0.07063768544240819	3622.58046324716	6.316667586197957e27	942.7555600740782	13093.45569587886
0.07072954199044773	3615.503059519398	6.335344288447064e27	943.9582455813127	13092.712540213812
0.07082139853848728	3608.419925513924	6.354132238747499e27	945.1608628431133	13091.969782947739
0.07091325508652682	3601.3310291317302	6.373032431654609e27	946.3634118961795	13091.227426340076
0.07100511163456635	3594.2363380501056	6.392045873614042e27	947.5658927774184	13090.485472651484
0.0710969681826059	3587.135819740403	6.411173583122614e27	948.7683055239448	13089.743924147622
0.07118882473064544	3580.0294414524537	6.43041659095387e27	949.9706501730818	13089.002783095466
0.07128068127868499	3572.9171702128283	6.449775940316444e27	951.1729267623605	13088.262051765892
0.07137253782672454	3565.7989728454136	6.469252686993445e27	952.3751353295211	13087.521732434336
0.07146439437476407	3558.674815947025	6.488847899594587e27	953.5772759125127	13086.781827379504
0.07155625092280361	3551.5446658202413	6.508562659946709e27	954.7793485494946	13086.042338876974
0.07164810747084316	3544.4084885886764	6.528398062923993e27	955.9813532788343	13085.303269210477
0.0717399640188827	3537.266250135529	6.548355216765843e27	957.1832901391083	13084.564620667574
0.07183182056692224	3530.1179161027926	6.568435243620237e27	958.3851591691077	13083.826395537628
0.07192367711496178	3522.9634519021874	6.588639278931536e27	959.5869604078268	13083.088596115867
0.07201553366300133	3515.8028226957385	6.608968473007461e27	960.7886938944821	13082.351224699909
0.07210739021104087	3508.635993436893	6.629423989520775e27	961.990359668482	13081.614283595185
0.07219924675908042	3501.462928795849	6.650007007058959e27	963.1919577694738	13080.87777510751
0.07229110330711995	3494.2835931642035	6.67071871905932e27	964.3934882372957	13080.141701543895
0.0723829598551595	3487.0979507093625	6.691560333758579e27	965.594951112005	13079.40606521892
0.07247481640319904	3479.9059653416407	6.712533074598263e27	966.7963464338712	13078.67086845118
0.07256667295123859	3472.707600713176	6.733638180413317e27	967.9976742433773	13077.936113561194
0.07265852949927812	3465.5028202249	6.754876905650156e27	969.1989345812158	13077.20180279195
0.07275038604731766	3458.2915870083466	6.776250520838215e27	970.400127488287	13076.467938409007
0.07284224259535721	3451.0738639488395	6.797760312406164e27	971.6012530056996	13075.734522736488
0.07293409914339676	3443.8496136356052	6.819407583320152e27	972.8023111747776	13075.001558099651
0.0730259556914363	3436.6187983300015	6.841193653418673e27	974.0033020370583	13074.269046821577
0.07311781223947583	3429.381380075369	6.863119859305926e27	975.2042256342929	13073.536991236202
0.07320966878751538	3422.137320616692	6.885187554842168e27	976.4050820084469	13072.80539367938
0.07330152533555492	3414.8865814160577	6.907398111427367e27	977.6058712017011	13072.074256491816
0.07339338188359447	3407.6291236507127	6.929752918039324e27	978.806593256449	13071.343582018391
0.073485238431634	3400.364908200732	6.952253382173184e27	980.0072482153047	13070.613372608432
0.07357709497967355	3393.0938956779273	6.974900929433221e27	981.2078361210969	13069.88363061785
0.07366895152771309	3385.816046378936	6.99769700372543e27	982.408357016865	13069.154358405927
0.07376080807575264	3378.531320239639	7.020643068598404e27	983.6088109458714	13068.425558330622
0.07385266462379218	3371.2396769527095	7.04374060656435e27	984.8091979515937	13067.697232760822
0.07394452117183171	3363.941075879391	7.06699111982346e27	986.0095180777272	13066.96938406848
0.07403637771987126	3356.63547607459	7.090396130466745e27	987.2097713681856	13066.242014630761
0.0741282342679108	3349.322836270908	7.113957180838086e27	988.409957867101	13065.515126829936
0.07422009081595035	3342.003114890544	7.137675833558789e27	989.6100776188202	13064.788723053809
0.07431194736398988	3334.676270008903	7.161553673426242e27	990.8101306679234	13064.062805694137
0.07440380391202943	3327.3422594089466	7.185592305039912e27	992.0101170591953	13063.337377150961
0.07449566046006897	3320.0010405480602	7.209793355194606e27	993.2100368376471	13062.612439830908
0.07458751700810852	3312.652570456201	7.234158473188295e27	994.4098900485077	13061.887996137246
0.07467937355614807	3305.296805874892	7.25868933008795e27	995.6096767372395	13061.164048484045
0.0747712301041876	3297.933703208141	7.283387620134171e27	996.8093969495136	13060.440599292459
0.07486308665222714	3290.5632185028967	7.308255060633099e27	998.009050731229	13059.717650988021
0.07495494320026669	3283.1853074508076	7.333293392445384e27	999.2086381285065	13058.995206003101
0.07504679974830623	3275.799925384342	7.358504380379205e27	1000.408159187691	13058.273266775777
0.07513865629634577	3268.4070273002167	7.383889813669704e27	1001.607613955353	13057.551835752856
0.07523051284438531	3261.0065678015894	7.409451506285025e27	1002.8070024782862	13056.830915385923
0.07532236939242486	3253.5985010737227	7.4351912977044e27	1004.0063248035106	13056.110508127598
0.0754142259404644	3246.1827809716583	7.461111052879041e27	1005.2055809782714	13055.390616442555
0.07550608248850395	3238.75936095903	7.487212662981451e27	1006.4047710500411	13054.671242801081
0.07559793903654348	3231.3281941150967	7.513498045565579e27	1007.6038950665173	13053.952389680602
0.07568979558458303	3223.8892331177503	7.539969145893447e27	1008.8029530756315	13053.234059564975
0.07578165213262257	3216.442430259036	7.566627935975408e27	1010.0019451255364	13052.516254946084
0.07587350868066212	3208.987737434628	7.593476416050049e27	1011.2008712646165	13051.798978323719
0.07596536522870165	3201.5251061524136	7.620516615275018e27	1012.3997315414891	13051.082232207458
0.0760572217767412	3194.054487421319	7.647750591606129e27	1013.5985260049993	13050.36601910577
0.07614907832478074	3186.575831894827	7.675180432525905e27	1014.7972547042224	13049.65034154108
0.07624093487282028	3179.089089780996	7.702808255766885e27	1015.995917688468	13048.935202042048
0.07633279142085983	3171.5942108713884	7.730636209656147e27	1017.1945150072777	13048.22060314616
0.07642464796889936	3164.091144520564	7.758666473607842e27	1018.3930467104252	13047.506547399285
0.07651650451693891	3156.579839638129	7.786901259012928e27	1019.5915128479211	13046.793037355304
0.07660836106497845	3149.0602446901985	7.815342809403337e27	1020.7899134700085	13046.080075577174
0.076700217613018	3141.5323077032663	7.843993401293623e27	1021.9882486271669	13045.367664637479
0.07679207416105753	3133.995976263149	7.872855344768148e27	1023.1865183701141	13044.65580711978
0.07688393070909708	3126.4511973956032	7.901930984259249e27	1024.3847227498031	13043.944505605308
0.07697578725713662	3118.897917742994	7.931222698905776e27	1025.5828618174237	13043.23376261879
0.07706764380517617	3111.336083444341	7.960732903229152e27	1026.7809356243968	13042.523580716317
0.07715950035321571	3103.7656401545596	7.990464047987351e27	1027.978944222381	13041.813962501028
0.07725135690125524	3096.186533038496	8.020418620523908e27	1029.1768876632739	13041.104910584369
0.07734321344929479	3088.598706767086	8.050599145931903e27	1030.374765999215	13040.396427587064
0.07743506999733434	3081.0021055066036	8.081008187445074e27	1031.572579282584	13039.688516138727
0.07752692654537388	3073.3966729472686	8.111648347112483e27	1032.7703275660037	13038.981178881704
0.07761878309341343	3065.782352204488	8.142522266526972e27	1033.9680109023366	13038.274418462584
0.07771063964145296	3058.159085867227	8.173632628071681e27	1035.1656293446915	13037.568237537202
0.0778024961894925	3050.5268160183214	8.204982155102554e27	1036.3631829464216	13036.862638773566
0.07789435273753205	3042.8854841931443	8.236573613118427e27	1037.5606717611254	13036.157624849098
0.0779862092855716	3035.2350313887423	8.268409810224535e27	1038.7580958426472	13035.453198452095
0.07807806583361113	3027.575398041721	8.300493598362413e27	1039.9554552450788	13034.749362280676
0.07816992238165067	3019.9065240278846	8.332827873837811e27	1041.1527500227614	13034.046119043465
0.07826177892969022	3012.2283486582737	8.36541557834947e27	1042.3499802302842	13033.343471460372
0.07835363547772976	3004.5408106947593	8.398259699744125e27	1043.5471459224877	13032.641422264805
0.07844549202576931	2996.843848265358	8.431363273160936e27	1044.7442471544634	13031.939974196956
0.07853734857380884	2989.137398893872	8.464729381912133e27	1045.9412839815543	13031.23913000752
0.07862920512184839	2981.4213995253685	8.49836115834245e27	1047.1382564593587	13030.538892460832
0.07872106166988793	2973.6957864948504	8.532261784719346e27	1048.3351646437272	13029.83926433304
0.07881291821792748	2965.960495517713	8.566434494214412e27	1049.532008590766	13029.14024841236
0.07890477476596701	2958.21546167223	8.600882572674012e27	1050.7287883568408	13028.441847498447
0.07899663131400655	2950.4606194086236	8.635609358625628e27	1051.9255039985735	13027.744064404294
0.0790884878620461	2942.6959025300594	8.670618244728759e27	1053.1221555728434	13027.046901955637
0.07918034441008565	2934.9212441990953	8.705912678721095e27	1054.3187431367903	13026.350362992272
0.07927220095812519	2927.136576917859	8.741496165155355e27	1055.5152667478173	13025.65445036806
0.07936405750616472	2919.3418324293348	8.77737226630974e27	1056.7117264635888	13024.959166942386
0.07945591405420427	2911.536941864319	8.813544603085717e27	1057.9081223420333	13024.264515595252
0.07954777060224381	2903.7218356366866	8.850016856317798e27	1059.1044544413437	13023.570499218406
0.07963962715028336	2895.896443464926	8.886792768106707e27	1060.30072281998	13022.877120718927
0.07973148369832289	2888.0606943458015	8.923876142921422e27	1061.496927536668	13022.184383017942
0.07982334024636244	2880.2145165498177	8.961270849608867e27	1062.6930686504058	13021.492289051273
0.07991519679440198	2872.3578376144474	8.998980821720702e27	1063.88914622046	13020.800841770562
0.08000705334244153	2864.490584360005	9.03701005938316e27	1065.085160306369	13020.110044145307
0.08009890989048107	2856.6126827976623	9.075362630565393e27	1066.2811109679442	13019.419899156637
0.0801907664385206	2848.7240581531983	9.11404267314817e27	1067.476998265272	13018.730409800379
0.08028262298656015	2840.824634899854	9.153054395623964e27	1068.6728222587144	13018.041579091596
0.0803744795345997	2832.914336714266	9.192402079062543e27	1069.868583008913	13017.353410061824
0.08046633608263924	2824.993086469132	9.232090077898765e27	1071.064280576784	13016.665905760025
0.08055819263067877	2817.060806200798	9.272122824116146e27	1072.2599150235337	13015.979069251183
0.08065004917871832	2809.1174171441817	9.312504824065734e27	1073.455486410639	13015.2929036208
0.08074190572675786	2801.162839678627	9.353240664820216e27	1074.6509947998684	13014.6074119715
0.08083376227479741	2793.196993339819	9.394335015031124e27	1075.846440253271	13013.922597425912
0.08092561882283696	2785.219796765238	9.435792623025629e27	1077.0418228331978	13013.238463123951
0.08101747537087649	2777.23116769798	9.477618323776442e27	1078.2371426022712	13012.555012194527
0.08110933191891603	2769.2310230146227	9.519817037693729e27	1079.4323996234054	13011.872247695972
0.08120118846695558	2761.2192786714036	9.562393773224857e27	1080.6275939597963	13011.190172793435
0.08129304501499512	2753.195849693781	9.60535362903927e27	1081.8227256749353	13010.508790684184
0.08138490156303466	2745.1606501676897	9.648701795847276e27	1083.0177948326077	13009.828104584973
0.0814767581110742	2737.11359322779	9.692443558573398e27	1084.212801496895	13009.148117732673
0.08156861465911375	2729.054591034877	9.736584298495884e27	1085.4077457321773	13008.46883338429
0.08166047120715329	2720.9835547709495	9.781129495034715e27	1086.6026276031332	13007.790254817974
0.08175232775519284	2712.9003946250477	9.826084730269181e27	1087.7974471747436	13007.112385333792
0.08184418430323237	2704.805019752142	9.871455686126353e27	1088.9922045123012	13006.435228251927
0.08193604085127192	2696.6973382465862	9.917248152839638e27	1090.1868996813937	13005.758786912369
0.08202789739931146	2688.577257174316	9.963468027822482e27	1091.381532747921	13005.08306467932
0.082119753947351	2680.4446825375244	1.0010121318999652e28	1092.5761037780933	13004.408064940324
0.08221161049539054	2672.299519248438	1.005721414745848e28	1093.770612838433	13003.73379110585
0.08230346704343008	2664.141671119479	1.0104752750067531e28	1094.9650599957768	13003.060246610452
0.08239532359146963	2655.9710408422443	1.0152743482369637e28	1096.1594453172784	13002.387434913036
0.08248718013950918	2647.787529968815	1.0201192821037679e28	1097.3537688704087	13001.715359497499
0.08257903668754872	2639.591038931298	1.0250107367349377e28	1098.54803072296	13001.044023876275
0.08267089323558825	2631.3814669130657	1.0299493849662658e28	1099.742230943053	13000.373431581766
0.0827627497836278	2623.1587119160104	1.0349359127124027e28	1100.9363695991287	12999.703586174486
0.08285460633166734	2614.922670735221	1.0399710192210134e28	1102.1304467599582	12999.034491242639
0.08294646287970689	2606.673238929269	1.0450554174266697e28	1103.324462494643	12998.366150402375
0.08303831942774642	2598.4103107997635	1.0501898342724913e28	1104.5184168726187	12997.698567298332
0.08313017597578597	2590.1337793650773	1.0553750111049494e28	1105.7123099636574	12997.031745603914
0.08322203252382551	2581.8435363452763	1.0606117039346604e28	1106.9061418378687	12996.365689022094
0.08331388907186506	2573.5394721341277	1.0659006839086515e28	1108.0999125657042	12995.700401286425
0.0834057456199046	2565.2214757856696	1.0712427376506804e28	1109.2936222179615	12995.035886161717
0.08349760216794413	2556.889435024173	1.0766386675826136e28	1110.487270865783	12994.372147447675
0.08358945871598368	2548.5432360707055	1.082089292446686e28	1111.680858580663	12993.70918896791
0.08368131526402323	2540.1827637971746	1.0875954476495924e28	1112.8743854344475	12993.047014584443
0.08377317181206277	2531.807901624816	1.0931579856971005e28	1114.0678514993406	12992.385628193044
0.0838650283601023	2523.418531506162	1.098777776618727e28	1115.2612568479037	12991.725033723835
0.08395688490814185	2515.0145339021483	1.1044557084835539e28	1116.454601553063	12991.06523514329
0.0840487414561814	2506.5957877546334	1.1101926877767825e28	1117.647885688109	12990.406236453908
0.08414059800422094	2498.1621704576564	1.1159896399442564e28	1118.8411093267023	12989.74804169606
0.08423245455226049	2489.713557835465	1.121847509874116e28	1120.0342725428766	12989.09065494857
0.08432431110030002	2481.249824115817	1.1277672624029582e28	1121.227375411041	12988.434080330255
0.08441616764833956	2472.7708419333608	1.1337498828550152e28	1122.4204180059874	12987.7783220032
0.08450802419637911	2464.276482155335	1.1397963775837443e28	1123.613400402888	12987.123384162394
0.08459988074441865	2455.766614028734	1.1459077745648674e28	1124.8063226773052	12986.469271051263
0.0846917372924582	2447.241105068973	1.1520851239438158e28	1125.999184905192	12985.81598695553
0.08478359384049773	2438.6998210461206	1.15832949862816e28	1127.191987162898	12985.163536206988
0.08487545038853728	2430.142625944131	1.1646419949596847e28	1128.384729527171	12984.511923140473
0.08496730693657682	2421.569381948345	1.171023733253646e28	1129.577412075154	12983.861152049216
0.08505916348461637	2412.9799493785217	1.1774758586056207e28	1130.7700348843907	12983.211227370957
0.0851510200326559	2404.374186674982	1.1839995414900183e28	1131.9625980328362	12982.56215359951
0.08524287658069545	2395.7519503733165	1.1905959783791177e28	1133.1551015988598	12981.913935278073
0.08533473312873499	2387.113095067972	1.1972663927915793e28	1134.347545661249	12981.266577000779
0.08542658967677454	2378.4574733104614	1.204012035543002e28	1135.5399302992214	12980.620083409009
0.08551844622481408	2369.7849356392408	1.2108341860439399e28	1136.7322555924175	12979.974459197598
0.08561030277285361	2361.0953305401763	1.2177341528046324e28	1137.9245216209126	12979.32970911637
0.08570215932089316	2352.3885043976375	1.2247132743270205e28	1139.116728465222	12978.685837970734
0.0857940158689327	2343.664301446037	1.2317729200752103e28	1140.3088762063046	12978.042850622387
0.08588587241697225	2334.922563745844	1.238914491161725e28	1141.5009649255685	12977.40075199228
0.08597772896501178	2326.1631311267897	1.2461394214685473e28	1142.692994704876	12976.75954706097
0.08606958551305133	2317.385841147864	1.2534491785827849e28	1143.884965626551	12976.119240870625
0.08616144206109087	2308.590529109257	1.2608452640242713e28	1145.0768777733747	12975.47983853079
0.08625329860913042	2299.777027817203	1.2683292174823835e28	1146.268731228625	12974.841345205805
0.08634515515716996	2290.9451678652945	1.2759026117444078e28	1147.460526076032	12974.203766141254
0.0864370117052095	2282.094777238672	1.2835670599121773e28	1148.6522623998198	12973.5671066398
0.08652886825324904	2273.2256814853577	1.2913242134661194e28	1149.8439402847032	12972.931372079653
0.08662072480128859	2264.337703609158	1.2991757640493865e28	1151.0355598158937	12972.296567911802
0.08671258134932813	2255.4306640230902	1.3071234447039057e28	1152.2271210791068	12971.662699662953
0.08680443789736766	2246.504380488953	1.3151690312253873e28	1153.4186241605703	12971.029772937032
0.08689629444540721	2237.558668081103	1.3233143433203092e28	1154.6100691470294	12970.397793418093
0.08698815099344676	2228.5933391179365	1.3315612461300562e28	1155.801456125755	12969.766766872555
0.0870800075414863	2219.6082031144006	1.3399116516190405e28	1156.9927851845525	12969.136699151377
0.08717186408952585	2210.603066727412	1.3483675200233877e28	1158.1840564117683	12968.507596193504
0.08726372063756538	2201.5777337414866	1.3569308614111583e28	1159.3752698962994	12967.879464030908
0.08735557718560492	2192.532004875017	1.3656037371225545e28	1160.5664257275985	12967.252308782749
0.08744743373364447	2183.46567784756	1.3743882617425265e28	1161.757523995687	12966.626136666471
0.08753929028168402	2174.378547285855	1.3832866045734352e28	1162.9485647911617	12966.000953999153
0.08763114682972355	2165.2704046621575	1.3923009914536719e28	1164.1395482052028	12965.376767200618
0.08772300337776309	2156.1410382207837	1.4014337067145258e28	1165.3304743295876	12964.753582796126
0.08781485992580264	2146.990232922738	1.41068709501206e28	1166.521343256696	12964.131407420691
0.08790671647384218	2137.817770380563	1.4200635632320905e28	1167.7121550795225	12963.510247822654
0.08799857302188173	2128.6234287743173	1.4295655828907403e28	1168.9029098916876	12962.890110866883
0.08809042956992126	2119.4069827907874	1.4391956921282892e28	1170.0936077874483	12962.271003538974
0.0881822861179608	2110.1682035765666	1.4489564977870324e28	1171.2842488617082	12961.65293295147
0.08827414266600035	2100.9068586554736	1.4588506779783368e28	1172.4748332100273	12961.03590634728
0.0883659992140399	2091.622711759546	1.468880984592822e28	1173.6653609286445	12960.419931098819
0.08845785576207943	2082.3155228832998	1.4790502457302967e28	1174.855832114473	12959.8050146277
0.08854971231011897	2072.9850481660333	1.4893613683520964e28	1176.0462468651099	12959.191164409378
0.08864156885815852	2063.6310397902416	1.4998173410849287e28	1177.236605278852	12958.578388200836
0.08873342540619807	2054.2532459140334	1.5104212371098217e28	1178.426907454717	12957.966693912656
0.08882528195423761	2044.8514105840813	1.5211762171398592e28	1179.6171534924547	12957.356089610352
0.08891713850227714	2035.4252736590167	1.5320855325186241e28	1180.8073434925636	12956.746583520791
0.08900899505031669	2025.9745707069796	1.5431525287558554e28	1181.997477556307	12956.138184036647
0.08910085159835623	2016.4990329296706	1.5543806486870563e28	1183.1875557857265	12955.53089972369
0.08919270814639578	2006.9983870934973	1.5657734359737657e28	1184.3775782836574	12954.924739328277
0.08928456469443531	1997.4723554234306	1.5773345389532872e28	1185.5675451537456	12954.319711783499
0.08937642124247486	1987.9206554175994	1.5890677147644838e28	1186.757456500472	12953.71582621018
0.0894682777905144	1978.342999879709	1.600976833103096e28	1187.9473124291587	12953.113091932524
0.08956013433855395	1968.739096775535	1.6130658805883933e28	1189.1371130459963	12952.511518482812
0.0896519908865935	1959.1086491344072	1.6253389651652922e28	1190.3268584580608	12951.911115609922
0.08974384743463303	1949.4513549436629	1.6378003208222497e28	1191.516548773333	12951.311893287371
0.08983570398267257	1939.7669070551376	1.6504543123113704e28	1192.706184100721	12950.713861722848
0.08992756053071212	1930.054993054038	1.663305440790068e28	1193.8957645500836	12950.117031366073
0.09001941707875166	1920.315295200389	1.6763583480435556e28	1195.085290232247	12949.521412921831
0.0901112736267912	1910.54749027037	1.6896178233076846e28	1196.2747612590358	12948.92701735703
0.09020313017483074	1900.751249479981	1.7030888085544338e28	1197.4641777432948	12948.333855913912
0.09029498672287029	1890.9262384037968	1.716776404211944e28	1198.6535397989105	12947.741940123453
0.09038684327090983	1881.0721167147938	1.7306858764950962e28	1199.8428475408484	12947.15128180844
0.09047869981894938	1871.1885382248242	1.7448226636054497e28	1201.0321010851692	12946.561893105854
0.09057055636698891	1861.2751507191037	1.7591923829200101e28	1202.2213005490655	12945.973786477096
0.09066241291502845	1851.3315958404862	1.7738008384170127e28	1203.4104460508893	12945.386974722822
0.090754269463068	1841.3575089675526	1.7886540284882465e28	1204.5995377101835	12944.801470997154
0.09084612601110754	1831.3525190938226	1.8037581543148203e28	1205.7885756477185	12944.217288823693
0.09093798255914709	1821.3162487076281	1.8191196284078465e28	1206.9775599855238	12943.634442112381
0.09102983910718662	1811.2483136928072	1.834745083087795e28	1208.1664908469224	12943.052945178117
0.09112169565522617	1801.1483231602253	1.8506413815475627e28	1209.3553683565772	12942.472812756909
0.09121355220326571	1791.01587938408	1.8668156259776054e28	1210.5441926405183	12941.894060028932
0.09130540875130526	1780.8505776725349	1.8832751697006695e28	1211.732963826195	12941.316702638638
0.09139726529934479	1770.6520061944736	1.9000276274133067e28	1212.921682042516	12940.740756714247
0.09148912184738434	1760.4197458648978	1.9170808874659524e28	1214.1103474198937	12940.166238891466
0.09158097839542388	1750.1533702856332	1.9344431240535847e28	1215.298960090293	12939.593166341087
0.09167283494346343	1739.8524456124323	1.9521228100221835e28	1216.4875201872806	12939.021556760701
0.09176469149150297	1729.5165304444592	1.9701287309824927e28	1217.6760278460638	12938.451428164264