0.	10000.	1.98847e26	0.	13122.46927717877
0.0010073455064947571	9971.540244425618	1.9900116674328465e26	13.225728141309865	13136.04997987688
0.0020146910129895143	9943.01721711872	1.9915653223989944e26	26.464972433271804	13149.304855645187
0.0030220365194842712	9914.439504688895	1.9931306866563937e26	39.717405877380706	13162.236355501704
0.004029382025979029	9885.8157023729	1.994707497810176e26	52.98270401666268	13174.84707367618
0.005036727532473786	9857.15444001302	1.996295508189693e26	66.26054507930571	13187.139744562219
0.0060440730389685424	9828.464423067015	1.9978944838035933e26	79.55061010644874	13199.117211434426
0.0070514185454633	9799.75445748174	1.999504203372733e26	92.85258305506547	13210.782423589517
0.008058764051958057	9771.033474430835	2.0011244574202112e26	106.16615090582171	13222.138429820108
0.009066109558452815	9742.310563477575	2.0027550474324692e26	119.49100374817716	13233.18835761707
0.010073455064947572	9713.594988368091	2.004395785073237e26	132.82683486723118	13243.935421939754
0.01108080057144233	9684.896215621933	2.0060464914587106e26	146.17334082597867	13254.382908822228
0.012088146077937085	9656.223927775562	2.0077069964661152e26	159.53022153159705	13264.534177314477
0.013095491584431842	9627.588046884204	2.009377138102536e26	172.8971803119279	13274.392657605496
0.0141028370909266	9598.9987509543	2.011056761914519e26	186.27392398194203	13283.961842667453
0.015110182597421357	9570.466484424549	2.0127457204292268e26	199.66016290992636	13293.245295535784
0.016117528103916114	9542.001971685375	2.0144438726426044e26	213.05561108684785	13302.246644223504
0.01712487361041087	9513.616229232823	2.0161510835367e26	226.4599861908844	13310.969582351774
0.01813221911690563	9485.320571118435	2.0178672236282884e26	239.87300965685301	13319.417872233837
0.019139564623400385	9457.12661608743	2.01959216854726e26	253.2944067400234	13327.595342200126
0.020146910129895144	9429.046289666501	2.0213257986509195e26	266.7239065921291	13335.505891169048
0.0211542556363899	9401.091824957903	2.023067998648201e26	280.16124232161246	13343.15348776984
0.02216160114288466	9373.275760420871	2.0248186572668465e26	293.606151074174	13350.54217219089
0.023168946649379414	9345.610932752446	2.0265776669286976e26	307.05837410132614	13357.676061084643
0.02417629215587417	9318.110470317622	2.0283449234590214e26	320.5176568411766	13364.55934507935
0.02518363766236893	9290.787781442777	2.0301203258052007e26	333.9837489891473	13371.196288032537
0.026190983168863684	9263.656538261772	2.031903775785965e26	347.45640457694066	13377.5912335208
0.027198328675358444	9236.730658102939	2.0336951778471393e26	360.9353820492171	13383.748603404672
0.0282056741818532	9210.024283149993	2.0354944388493015e26	374.4204443459945	13389.672895499267
0.02921301968834796	9183.55175065379	2.0373014678577684e26	387.91135897449146	13395.368687647677
0.030220365194842714	9157.327564286095	2.039116175957608e26	401.4078980948448	13400.840636414892
0.031227710701337473	9131.366361991713	2.0409384760890962e26	414.909838597155	13406.093473247123
0.03223505620783223	9105.682876561112	2.042768282883545e26	428.41696217599844	13411.132005216612
0.033242401714326984	9080.291892144573	2.0446055125238724e26	441.9290554025612	13415.961113543
0.03424974722082174	9055.208201101972	2.046450082619125e26	455.44590980402126	13420.585749328695
0.0352570927273165	9030.446553466129	2.0483019120923724e26	468.96732192769144	13425.01093002801
0.03626443823381126	9006.021603531104	2.0501609210744596e26	482.493093407191	13429.241736565215
0.037271783740306014	8981.947853668322	2.052027030820147e26	496.02303102435155	13433.283308165512
0.03827912924680077	8958.239595303961	2.053900163631985e26	509.5569467648962	13437.14083591337
0.03928647475329553	8934.910843315183	2.0557802427945843e26	523.0946578668805	13440.819557876743
0.04029382025979029	8911.975266615027	2.0576671925278282e26	536.6359868685096	13444.324753107789
0.04130116576628504	8889.446170490637	2.0595609379405077e26	550.1807616375631	13447.66172670787
0.0423085112727798	8867.336373399765	2.0614614049971522e26	563.7288154002043	13450.835810139746
0.043315856779274554	8845.658154060717	2.0633685205033002e26	577.279986761816	13453.852350765867
0.04432320228576932	8824.423185189871	2.0652822120912497e26	590.8341197193099	13456.71670224262
0.04533054779226407	8803.64246737193	2.0672024082208076e26	604.3910636607765	13459.434215048434
0.04633789329875883	8783.326264985646	2.0691290381858055e26	617.9506733588829	13462.01022619657
0.047345238805253584	8763.48404499892	2.0710620321338548e26	631.5128089510578	13464.450048947858
0.04835258431174834	8744.124417955274	2.0730013210852657e26	645.0773359109612	13466.758962672318
0.0493599298182431	8725.25508523306	2.0749468369562304e26	658.6441250088167	13468.942202320028
0.05036727532473786	8706.882789433488	2.0768985126093573e26	672.2130522612179	13471.00494719756
0.05137462083123261	8689.013271637485	2.0788562818809906e26	685.7839988700516	13472.952311499519
0.05238196633772737	8671.651234691677	2.0808200796325517e26	699.3568511516651	13474.789333601695
0.05338931184422213	8654.800313212692	2.082789841798611e26	712.931500455847	13476.520966963226
0.05439665735071689	8638.55383463817	2.084765503646021e26	726.5078416974704	13478.143135412469
0.05540400285721164	8622.925628441595	2.0867469807875868e26	740.0857589924715	13479.660151369022
0.0564113483637064	8607.618861625577	2.088734224432256e26	753.6651676729024	13481.105100125145
0.057418693870201154	8592.607473870186	2.0907272019208655e26	767.245997865544	13482.48326523137
0.05842603937669592	8577.868913337734	2.092725884460296e26	780.8281846699459	13483.799258236382
0.05943338488319067	8563.383488937992	2.0947302466365432e26	794.4116675439479	13485.057138579845
0.06044073038968543	8549.133872370972	2.0967402659942562e26	807.9963897967342	13486.260506649118
0.06144807589618018	8535.10470788364	2.0987559227014735e26	821.5822981641151	13487.412576336812
0.062455421402674946	8521.282302596657	2.1007771992649015e26	835.1693424497594	13488.516233401855
0.0634627669091697	8507.654378001778	2.102804080289829e26	848.757475219342	13489.574082721692
0.06447011241566446	8494.209867637339	2.1048365522636136e26	862.3466515374677	13490.588486853645
0.06547745792215921	8480.938751463875	2.1068746033899404e26	875.9368287402812	13491.561597867023
0.06648480342865397	8467.831918556303	2.108918223430645e26	889.5279662370527	13492.495383871388
0.06749214893514872	8454.881052836878	2.1109674035634705e26	903.1200253364216	13493.391651068248
0.06849949444164348	8442.078536639874	2.1130221362793142e26	916.7129690928364	13494.252062283113
0.06950683994813825	8429.41736899832	2.1150824152630044e26	930.3067621706341	13495.078153738017
0.070514185454633	8416.891096157146	2.1171482353163706e26	943.9013707237369	13495.871348532477
0.07152153096112776	8404.493752039016	2.1192195922664226e26	957.4967622876746	13496.632968402539
0.07252887646762252	8392.219806964064	2.1212964828945352e26	971.092905682605	13497.364243959553
0.07353622197411727	8380.064122920876	2.123378904875005e26	984.6897709263604	13498.066323620638
0.07454356748061203	8368.021915104675	2.1254668567137635e26	998.2873291554278	13498.740281390472
0.07555091298710678	8356.088717716408	2.127560337695352e26	1011.8855525535928	13499.387123728986
0.07655825849360154	8344.260354708042	2.129659347837724e26	1025.4844142874151	13500.007795568332
0.0775656040000963	8332.532912885967	2.1317638878431036e26	1039.0838884460688	13500.603185683203
0.07857294950659106	8320.902719506541	2.1338739590652125e26	1052.6839499879736	13501.174131198943
0.07958029501308582	8309.366321229798	2.1359895634699153e26	1066.284574690576	13501.7214219409
0.08058764051958058	8297.920465646908	2.138110703605867e26	1079.8857391048773	13502.245804472523
0.08159498602607533	8286.562085192361	2.1402373825661222e26	1093.487420513477	13502.74798533177
0.08260233153257009	8275.288282252226	2.142369603974084e26	1107.0895968918421	13503.228634076539
0.08360967703906484	8264.096316124853	2.1445073719468962e26	1120.6922468724297	13503.68838603334
0.0846170225455596	8252.983591078098	2.1466506910706797e26	1134.295349711592	13504.127844789173
0.08562436805205435	8241.94764555352	2.148799566385215e26	1147.8988852585605	13504.54758444992
0.08663171355854911	8230.986142468868	2.1509540033694556e26	1161.5028339269859	13504.948151688839
0.08763905906504388	8220.096860412124	2.1531140079130944e26	1175.1071766681284	13505.330067612305
0.08864640457153863	8209.277685716219	2.1552795862931838e26	1188.7118949460737	13505.693829462127
0.08965375007803339	8198.526604934925	2.1574507451791277e26	1202.316970714435	13506.039912159718
0.09066109558452815	8187.841698411714	2.159627491597724e26	1215.9223863945062	13506.368769605102
0.0916684410910229	8177.221133945922	2.1618098329368553e26	1229.5281248548322	13506.680836130261
0.09267578659751766	8166.663161376296	2.1639977769110963e26	1243.1341693921665	13506.97652773161
0.09368313210401241	8156.166107252653	2.1661913315730263e26	1256.740503713559	13507.256243142294
0.09469047761050717	8145.728370211907	2.168390505290812e26	1270.3471119194455	13507.520364839038
0.09569782311700192	8135.348416650123	2.170595306726458e26	1283.953978487689	13507.769259985103
0.09670516862349668	8125.024776696618	2.1728057448498302e26	1297.5610882588214	13508.003281303509
0.09771251412999145	8114.756040445997	2.1750218289107683e26	1311.1684264215653	13508.222767886928
0.0987198596364862	8104.540854475555	2.1772435684362756e26	1324.7759784998432	13508.428045948733
0.09972720514298096	8094.37791890826	2.1794709732220694e26	1338.3837303399414	13508.619429515193
0.10073455064947572	8084.265983979502	2.181704053339425e26	1351.9916680985748	13508.797221083674
0.10174189615597047	8074.203847906729	2.1839428190918947e26	1365.5997782316242	13508.961712218277
0.10274924166246523	8064.1903538927	2.1861872810414587e26	1379.2080474834584	13509.113184107948
0.10375658716895998	8054.224387843066	2.1884374500032332e26	1392.816462876605	13509.25190796373
0.10476393267545474	8044.304876329541	2.1906933370041465e26	1406.4250117021181	13509.378145714332
0.1057712781819495	8034.4307842144	2.1929549533155606e26	1420.0336815102835	13509.49215040921
0.10677862368844426	8024.601112988625	2.1952223104349137e26	1433.6424601021129	13509.594166629226
0.10778596919493902	8014.8148987569975	2.1974954200701536e26	1447.251335520878	13509.684430891057
0.10879331470143377	8005.071210617129	2.199774294157244e26	1460.860296044166	13509.763172025525
0.10980066020792853	7995.369149239281	2.202058944823914e26	1474.4693301763712	13509.830611533114
0.11080800571442329	7985.7078450972795	2.204349384412912e26	1488.0784266413866	13509.886963942941
0.11181535122091804	7976.086457194975	2.2066456254721747e26	1501.687574376049	13509.932437051864
0.1128226967274128	7966.504171815814	2.2089476807424674e26	1515.2967625230365	13509.967232297317
0.11383004223390755	7956.960201260408	2.2112555631577228e26	1528.9059804249407	13509.991545012652
0.11483738774040231	7947.453782398329	2.2135692858566282e26	1542.5152176181628	13510.005564693656
0.11584473324689708	7937.984176050308	2.2158888621425387e26	1556.1244638271417	13510.009475235176
0.11685207875339183	7928.550665655451	2.218214305518598e26	1569.733708958842	13510.003455148511
0.11785942425988659	7919.152556347268	2.2205456296643968e26	1583.3429430974456	13509.987677800273
0.11886676976638134	7909.789174038054	2.2228828484393756e26	1596.9521564992183	13509.962311619845
0.1198741152728761	7900.459864439381	2.225225975885764e26	1610.561339587748	13509.927520335094
0.12088146077937086	7891.163992555677	2.2275750262049448e26	1624.170482949257	13509.883463137056
0.12188880628586561	7881.90094141033	2.229930013785501e26	1637.7795773281307	13509.83029485707
0.12289615179236037	7872.670111784867	2.232290953165717e26	1651.3886136225856	13509.768166139127
0.12390349729885512	7863.470921124948	2.2346578590796778e26	1664.9975828805452	13509.69722361708
0.12491084280534989	7854.302803260793	2.2370307463919763e26	1678.606476295648	13509.617610025187
0.12591818831184465	7845.165207468107	2.2394096301592926e26	1692.2152852034963	13509.529464365402
0.1269255338183394	7836.057597936038	2.241794525579568e26	1705.8240010778104	13509.432922061731
0.12793287932483416	7826.979453234775	2.244185448021148e26	1719.432615527011	13509.328115082477
0.12894022483132891	7817.930265770387	2.24658241301118e26	1733.0411202908538	13509.215172066606
0.12994757033782367	7808.9095413287305	2.2489854362197433e26	1746.649507236974	13509.094218463944
0.13095491584431843	7799.916798392957	2.2513945334945145e26	1760.2577683577204	13508.965376573267
0.13196226135081318	7790.951567968945	2.2538097208087928e26	1773.8658957672333	13508.82876568796
0.13296960685730794	7782.013392774224	2.256231014321746e26	1787.4738816983765	13508.684502239676
0.1339769523638027	7773.101827189197	2.258658430307079e26	1801.0817184998211	13508.532699888958
0.13498429787029745	7764.216436503555	2.261091985218816e26	1814.6893986333678	13508.373469604958
0.1359916433767922	7755.356796857833	2.263531695631231e26	1828.2969146713776	13508.206919781076
0.13699898888328696	7746.522494546914	2.265977578296068e26	1841.904259294052	13508.033156242554
0.13800633438978172	7737.71312595499	2.2684296500858727e26	1855.511425286934	13507.852282414395
0.1390136798962765	7728.9282970059385	2.270887928045786e26	1869.118405538627	13507.664399371304
0.14002102540277125	7720.167622975531	2.2733524293317606e26	1882.7251930384261	13507.469605916735
0.141028370909266	7711.430728029744	2.2758231712787105e26	1896.3317808739735	13507.267998672398
0.14203571641576077	7702.717245196579	2.278300171331493e26	1909.9381622291664	13507.05967209886
0.14304306192225552	7694.026815644343	2.2807834471122965e26	1923.5443303820493	13506.844718590191
0.14405040742875028	7685.359089017465	2.283273016348901e26	1937.1502787026998	13506.623228561179
0.14505775293524503	7676.713722549388	2.2857688969474954e26	1950.7560006513172	13506.395290478195
0.1460650984417398	7668.090381293692	2.2882711069169722e26	1964.3614897762695	13506.160990935105
0.14707244394823454	7659.488737547585	2.2907796644446215e26	1977.9667397121304	13505.920414643853
0.1480797894547293	7650.908470933429	2.2932945878186847e26	1991.5717441780537	13505.673644582046
0.14908713496122405	7642.349267772507	2.295815895505471e26	2005.1764969757523	13505.420762025613
0.1500944804677188	7633.810821308409	2.2983436060708097e26	2018.7809919882181	13505.161846594003
0.15110182597421357	7625.292831152189	2.300877738258145e26	2032.385223177529	13504.8969763022
0.15210917148070832	7616.7950034050045	2.3034183109096165e26	2045.9891845838654	13504.626227587758
0.15311651698720308	7608.317050126075	2.3059653430439845e26	2059.5928703233103	13504.349675344032
0.15412386249369783	7599.858689503548	2.3085188537786763e26	2073.1962745869787	13504.067393006731
0.1551312080001926	7591.419645284966	2.3110788624062383e26	2086.799391638919	13503.779452568902
0.15613855350668734	7582.999647048453	2.3136453883188447e26	2100.4022158152948	13503.485924651517
0.15714589901318213	7574.5984296458355	2.3162184510812628e26	2114.0047415224312	13503.186878489489
0.15815324451967688	7566.215733309359	2.3187980703602354e26	2127.606963235962	13502.882381992698
0.15916059002617164	7557.851303393518	2.32138426599134e26	2141.208875499132	13502.572501799681
0.1601679355326664	7549.504890303423	2.3239770579160424e26	2154.8104729217835	13502.257303303948
0.16117528103916115	7541.176249179633	2.3265764662396184e26	2168.411750178956	13501.936850701004
0.1621826265456559	7532.86513996907	2.3291825111913217e26	2182.012702009757	13501.611206969288
0.16318997205215066	7524.571327288226	2.331795213117905e26	2195.613323216196	13501.280433948137
0.16419731755864542	7516.294580031589	2.3344145925391338e26	2209.213608661936	13500.944592356895
0.16520466306514017	7508.034671634133	2.337040670069889e26	2222.8135532713873	13500.603741835052
0.16621200857163493	7499.791379599672	2.3396734665027824e26	2236.4131520283236	13500.25794097512
0.16721935407812968	7491.564485721795	2.342313002724664e26	2250.0123999751895	13499.907247294244
0.16822669958462444	7483.353775552526	2.3449592998002185e26	2263.611292211679	13499.551717315231
0.1692340450911192	7475.159038851656	2.3476123789022226e26	2277.20982389413	13499.19140650074
0.17024139059761395	7466.9800691069095	2.350272261335656e26	2290.807990233942	13498.826369267146
0.1712487361041087	7458.816663418672	2.352938968568367e26	2304.4057864971496	13498.456659196208
0.17225608161060346	7450.668622621646	2.3556125221717052e26	2318.0032080030883	13498.082328962071
0.17326342711709822	7442.535750917047	2.3582929438899825e26	2331.600250123915	13497.703430358259
0.17427077262359297	7434.4178560676155	2.360980255565832e26	2345.1969082833584	13497.320014314768
0.17527811813008776	7426.314749053733	2.3636744792213596e26	2358.793177956155	13496.932130927904
0.1762854636365825	7418.226244252091	2.3663756369798553e26	2372.389054666956	13496.539829431462
0.17729280914307727	7410.152159156463	2.369083751113571e26	2385.9845339896897	13496.143158259472
0.17830015464957202	7402.092314314625	2.3717988440398363e26	2399.5796115466583	13495.742165059883
0.17930750015606678	7394.04653342629	2.374520938300354e26	2413.1742830077483	13495.336896724742
0.18031484566256153	7386.014643000587	2.377250056600096e26	2426.768544089745	13494.927399387221
0.1813221911690563	7377.996472591104	2.379986221746512e26	2440.3623905554473	13494.513718424087
0.18232953667555105	7369.9918544502925	2.3827294567169005e26	2453.95581821313	13494.09589850645
0.1833368821820458	7362.000623629391	2.3854797846057376e26	2467.5488229155662	13493.67398360797
0.18434422768854056	7354.022617825089	2.3882372286646296e26	2481.1414005596503	13493.24801703492
0.1853515731950353	7346.0576773635285	2.391001812284366e26	2494.7335470853563	13492.818041386408
0.18635891870153007	7338.105645225334	2.3937735589686057e26	2508.325258475442	13492.384098622702
0.18736626420802482	7330.166366718346	2.3965524924028107e26	2521.916530754436	13491.946230060543
0.18837360971451958	7322.2396897749995	2.3993386363723348e26	2535.5073599883444	13491.504476411012
0.18938095522101434	7314.3254645716115	2.402132014843253e26	2549.0977422836963	13491.058877761043
0.1903883007275091	7306.423543639807	2.4049326519031874e26	2562.687673787213	13490.609473578364
0.19139564623400385	7298.533781968567	2.4077405717646506e26	2576.2771506851063	13490.15630277432
0.1924029917404986	7290.656036517744	2.4105557988257498e26	2589.8661692023497	13489.69940366405
0.19341033724699336	7282.790166657538	2.4133783575848744e26	2603.454725602355	13489.238814018221
0.19441768275348814	7274.936033766155	2.41620827271073e26	2617.042816186218	13488.774570874537
0.1954250282599829	7267.09350139745	2.4190455690137682e26	2630.630437292077	13488.306710850557
0.19643237376647765	7259.262435088791	2.421890271425605e26	2644.217585294677	13487.835270066365
0.1974397192729724	7251.442702343626	2.424742405065412e26	2657.804256604938	13487.360284137601
0.19844706477946716	7243.634172723134	2.4276019951515213e26	2671.3904476694406	13486.881788159895
0.19945441028596192	7235.836717609786	2.430469067085651e26	2684.97615496981	13486.399816721234
0.20046175579245668	7228.050210214863	2.4333436464064168e26	2698.561375022251	13485.914403932184
0.20146910129895143	7220.27452573892	2.436225758779752e26	2712.146104377094	13485.425583443937
0.2024764468054462	7212.509541076298	2.4391154300385948e26	2725.7303396184184	13484.933388441761
0.20348379231194094	7204.755134839473	2.442012686170011e26	2739.3140773634195	13484.437851621264
0.2044911378184357	7197.01118753417	2.4449175532791688e26	2752.8973142620334	13483.939005259756
0.20549848332493045	7189.277581112582	2.4478300576674906e26	2766.480046996434	13483.436881182559
0.2065058288314252	7181.554199384852	2.4507502257432782e26	2780.0622722806957	13482.931510817862
0.20751317433791996	7173.840927633381	2.453678084088621e26	2793.6439868603475	13482.422925126115
0.20852051984441472	7166.137652805985	2.456613659443225e26	2807.225187511878	13481.911154674539
0.20952786535090948	7158.444263402698	2.459556978665715e26	2820.8058710423643	13481.396229629774
0.21053521085740423	7150.760649360001	2.4625080688163857e26	2834.3860342890252	13480.878179768762
0.211542556363899	7143.086702238372	2.465466957065034e26	2847.965674118934	13480.357034472356
0.21254990187039377	7135.422314938954	2.4684336707575033e26	2861.54478742857	13479.832822724815
0.21355724737688853	7127.7673818625835	2.4714082374023056e26	2875.123371143427	13479.305573151247
0.21456459288338328	7120.121798829112	2.4743906846295724e26	2888.701422217614	13478.775314017399
0.21557193838987804	7112.485462958575	2.4773810402729587e26	2902.278937633509	13478.242073227813
0.2165792838963728	7104.858272723473	2.4803793322961635e26	2915.855914401467	13477.705878308712
0.21758662940286755	7097.240128069348	2.4833855888043873e26	2929.4323495594094	13477.166756467786
0.2185939749093623	7089.630930062412	2.4863998380958188e26	2943.008240172487	13476.62473453152
0.21960132041585706	7082.030581149728	2.4894221086112632e26	2956.5835833326178	13476.079838946971
0.22060866592235182	7074.4389850811085	2.4924524289369815e26	2970.1583761582087	13475.532095855157
0.22161601142884657	7066.856046630175	2.4954908278616155e26	2983.732615793887	13474.981531090172
0.22262335693534133	7059.281672013348	2.498537334286119e26	2997.3062994101756	13474.428170194633
0.22363070244183608	7051.7157684411195	2.5015919773122768e26	3010.8794242031445	13473.872038397376
0.22463804794833084	7044.158244357509	2.5046547861978875e26	3024.451987394076	13473.313160606676
0.2256453934548256	7036.609009329815	2.5077257903439665e26	3038.023986229216	13472.751561427618
0.22665273896132035	7029.067974095552	2.5108050193267152e26	3051.595417979466	13472.187265181927
0.2276600844678151	7021.535050380974	2.513892502909957e26	3065.166279940112	13471.620295901055
0.22866742997430986	7014.010151105867	2.5169882709795297e26	3078.736569430438	13471.050677337691
0.22967477548080462	7006.493190170106	2.5200923536393813e26	3092.306283793555	13470.478432940576
0.2306821209872994	6998.984082497091	2.523204781133036e26	3105.8754203960393	13469.903585895068
0.23168946649379416	6991.482744118405	2.526325583859273e26	3119.443976627684	13469.326159125556
0.2326968120002889	6983.989091951563	2.529454792433009e26	3133.0119499012476	13468.74617529605
0.23370415750678367	6976.503044013237	2.532592437598486e26	3146.579337652183	13468.163656784724
0.23471150301327842	6969.024519208445	2.5357385502778978e26	3160.1461373383568	13467.578625724378
0.23571884851977318	6961.553437380453	2.5388931615984756e26	3173.712346439811	13466.991103996157
0.23672619402626793	6954.089719348283	2.5420563028317806e26	3187.277962458515	13466.401113250358
0.2377335395327627	6946.633286846504	2.5452280054129875e26	3200.8429829181	13465.808674869855
0.23874088503925744	6939.184062476627	2.5484083009808458e26	3214.4074053636177	13465.213810000261
0.2397482305457522	6931.741969748419	2.55159722134884e26	3227.9712273613245	13464.616539558921
0.24075557605224696	6924.306933067817	2.554794798475535e26	3241.5344464984223	13464.016884242601
0.2417629215587417	6916.8788775967605	2.5580010645442074e26	3255.0970603828264	13463.41486450481
0.24277026706523647	6909.4577294413975	2.5612160518934132e26	3268.6590666429543	13462.810500573905
0.24377761257173122	6902.043415503674	2.564439793023677e26	3282.220462927503	13462.20381246252
0.24478495807822598	6894.635863414351	2.567672320666922e26	3295.7812469051937	13461.594819947055
0.24579230358472073	6887.2350017392055	2.5709136676962286e26	3309.3414162645468	13460.983542563152
0.2467996490912155	6879.840759811713	2.5741638671687563e26	3322.9009687136695	13460.369999654145
0.24780699459771025	6872.453067576064	2.5774229523667864e26	3336.4599019800535	13459.754210360918
0.24881434010420503	6865.071855929175	2.5806909567105907e26	3350.0182138103805	13459.136193639897
0.24982168561069978	6857.697056429568	2.583967913827274e26	3363.5759019703346	13458.515968252415
0.2508290311171945	6850.328601285899	2.5872538575529878e26	3377.1329642443716	13457.893552730382
0.2518363766236893	6842.966423538159	2.590548821886061e26	3390.689398435525	13457.268965428022
0.252843722130184	6835.610456985666	2.5938528410019704e26	3404.2452023652477	13456.642224516203
0.2538510676366788	6828.260635972	2.59716594930583e26	3417.8003738731773	13456.013347972625
0.25485841314317353	6820.916895599791	2.6004881813775693e26	3431.354910816957	13455.382353586998
0.2558657586496683	6813.579171736851	2.603819571967408e26	3444.908811072077	13454.749258965765
0.25687310415616305	6806.247400710141	2.6071601560730607e26	3458.4620725316586	13454.11408152634
0.25788044966265783	6798.9215196818695	2.6105099688420336e26	3472.0146931062836	13453.476838527895
0.2588877951691526	6791.601466418235	2.6138690456283723e26	3485.5666707238515	13452.8375470596
0.25989514067564734	6784.2871792037095	2.6172374220149887e26	3499.118003329362	13452.196224005029
0.2609024861821421	6776.978597085385	2.6206151337549592e26	3512.668688884755	13451.552886103744
0.26190983168863685	6769.675659708799	2.6240022167854193e26	3526.2187253687566	13450.907549928666
0.26291717719513163	6762.378307221704	2.6273987072895714e26	3539.768110776689	13450.2602318911
0.26392452270162636	6755.086480447063	2.6308046416311387e26	3553.3168431203085	13449.610948227833
0.26493186820812115	6747.800120850345	2.6342200563577858e26	3566.8649204276785	13448.959715026482
0.2659392137146159	6740.519170291467	2.6376449882734776e26	3580.412340742958	13448.306548205852
0.26694655922111066	6733.24357133946	2.641079474357021e26	3593.9591021262904	13447.651463549184
0.2679539047276054	6725.97326712902	2.644523551780772e26	3607.5052026536296	13446.994476685284
0.26896125023410017	6718.708201272189	2.647977257948706e26	3621.050640416638	13446.335603074835
0.2699685957405949	6711.448317909295	2.6514406304919126e26	3634.595413522407	13445.674858040764
0.2709759412470897	6704.193561817333	2.6549137072138086e26	3648.1395200934235	13445.012256761376
0.2719832867535844	6696.943878271555	2.6583965261434357e26	3661.682958267384	13444.34781425489
0.2729906322600792	6689.699212939246	2.6618891255600552e26	3675.2257261970267	13443.681545367372
0.2739979777665739	6682.459512130395	2.665391543917e26	3688.7678220499906	13443.013464843434
0.2750053232730687	6675.224722651356	2.668903819881617e26	3702.30924400871	13442.343587295243
0.27601266877956343	6667.99479169589	2.6724259923880753e26	3715.8499902702606	13441.671927195446
0.2770200142860582	6660.769667031999	2.675958100554369e26	3729.3900590462267	13440.998498881774
0.278027359792553	6653.549296962478	2.6795001837038513e26	3742.9294485625724	13440.323316559827
0.2790347052990477	6646.333630108936	2.6830522814294783e26	3756.4681570595117	13439.646394297079
0.2800420508055425	6639.122615619906	2.6866144335296983e26	3770.006182791361	13438.967746040076
0.28104939631203724	6631.91620317308	2.6901866800009687e26	3783.5435240264173	13438.287385624268
0.282056741818532	6624.7143428156605	2.6937690611022786e26	3797.080179046844	13437.605326730118
0.28306408732502675	6617.516985030868	2.6973616173262333e26	3810.616146148528	13436.921582925464
0.28407143283152153	6610.324080837215	2.7009643893590816e26	3824.1514236409716	13436.236167666728
0.28507877833801626	6603.135581632699	2.7045774181367765e26	3837.686009847171	13435.549094292837
0.28608612384451104	6595.951439148551	2.708200744857574e26	3851.219903103491	13434.860376005861
0.28709346935100577	6588.771605657688	2.7118344109136645e26	3864.753101759534	13434.170025899819
0.28810081485750055	6581.596033838746	2.715478457933484e26	3878.2856041780497	13433.47805695858
0.2891081603639953	6574.424676679875	2.719132927829298e26	3891.8174087348034	13432.78448204451
0.29011550587049006	6567.257487644802	2.7227978627193826e26	3905.348513818461	13432.089313924358
0.2911228513769848	6560.09442059956	2.726473304961669e26	3918.878917830485	13431.392565233835
0.2921301968834796	6552.935429848386	2.730159297141788e26	3932.4086191850306	13430.694248515225
0.2931375423899743	6545.780469939113	2.733855882135221e26	3945.9376163088205	13429.99437619043
0.2941448878964691	6538.62949586688	2.7375631030404083e26	3959.465907641039	13429.292960587763
0.29515223340296387	6531.482463062016	2.7412810031777263e26	3972.993491633231	13428.590013931464
0.2961595789094586	6524.33932723981	2.7450096261548957e26	3986.5203667492015	13427.885548328237
0.2971669244159534	6517.200044477199	2.7487490158317232e26	4000.0465314649045	13427.179575790356
0.2981742699224481	6510.06457130562	2.7524992162828593e26	4013.5719842683484	13426.4721082327
0.2991816154289429	6502.932864554886	2.7562602718591535e26	4027.096723659486	13425.76315745613
0.3001889609354376	6495.804881318251	2.7600322271955137e26	4040.6207481500887	13425.052735143105
0.3011963064419324	6488.680579153266	2.7638151271398995e26	4054.1440562636676	13424.340852907533
0.30220365194842713	6481.559915940272	2.7676090168026484e26	4067.6666465353883	13423.627522270393
0.3032109974549219	6474.442849797583	2.7714139416036077e26	4081.188517511974	13422.912754650573
0.30421834296141664	6467.329339265408	2.7752299471828295e26	4094.709667751601	13422.196561385665
0.3052256884679114	6460.219343248441	2.779057079432543e26	4108.230095823818	13421.478953711381
0.30623303397440615	6453.112820826032	2.7828953845623134e26	4121.749800309454	13420.759942765746
0.30724037948090094	6446.009731465227	2.786744909025927e26	4135.268779800506	13420.039539604766
0.30824772498739567	6438.910034962237	2.7906056995400974e26	4148.787032900066	13419.317755202816
0.30925507049389045	6431.813691452666	2.794477803076839e26	4162.304558222236	13418.59460044389
0.3102624160003852	6424.720661302635	2.7983612669183518e26	4175.821354392018	13417.870086113699
0.31126976150687996	6417.63090518036	2.802256138622685e26	4189.337420045263	13417.144222917814
0.3122771070133747	6410.544384142735	2.806162465985656e26	4202.852753828559	13416.417021487629
0.31328445251986947	6403.461059455228	2.8100802971143182e26	4216.367354399166	13415.688492369862
0.31429179802636426	6396.380892622549	2.8140096804151154e26	4229.881220424907	13414.958646011586
0.315299143532859	6389.303845515809	2.817950664547731e26	4243.394350584096	13414.227492789858
0.31630648903935377	6382.2298802922705	2.8219032984508e26	4256.906743565467	13413.495043004863
0.3173138345458485	6375.158959377966	2.8258676313600324e26	4270.4183980680855	13412.761306877388
0.3183211800523433	6368.091045401115	2.8298437128356206e26	4283.929312801279	13412.026294550704
0.319328525558838	6361.026101321381	2.8338315926801545e26	4297.439486484543	13411.290016080822
0.3203358710653328	6353.964090380948	2.8378313209955662e26	4310.9489178474705	13410.552481456818
0.3213432165718275	6346.9049759823165	2.841842948229179e26	4324.45760562968	13409.813700582685
0.3223505620783223	6339.848721867734	2.8458665250842965e26	4337.965548580727	13409.073683297745
0.32335790758481703	6332.795292038903	2.8499021025640257e26	4351.4727454600425	13408.332439374008
0.3243652530913118	6325.7446507817895	2.8539497319618854e26	4364.9791950368735	13407.589978500138
0.32537259859780654	6318.69676248734	2.858009464928649e26	4378.48489609017	13406.846310284474
0.3263799441043013	6311.651591906237	2.8620813533763496e26	4391.989847408535	13406.101444265953
0.32738728961079605	6304.60910405154	2.8661654495153187e26	4405.494047790138	13405.355389908858
0.32839463511729083	6297.569264066825	2.8702618059254523e26	4418.997496042652	13404.608156614482
0.32940198062378556	6290.532037412503	2.874370475459693e26	4432.500190983182	13403.859753712934
0.33040932613028035	6283.497389751544	2.8784915112801604e26	4446.002131438207	13403.110190469824
0.3314166716367751	6276.4652870197915	2.882624966859109e26	4459.503316243498	13402.359476088663
0.33242401714326986	6269.435695281601	2.886770896043559e26	4473.003744244069	13401.607619697603
0.33343136264976464	6262.408580907024	2.8909293529594284e26	4486.503414294096	13400.854630372112
0.33443870815625937	6255.383910462159	2.8951003920508375e26	4500.002325256858	13400.100517108003
0.33544605366275415	6248.3616507538045	2.8992840680907942e26	4513.5004760046695	13399.345288846127
0.3364533991692489	6241.341768715717	2.903480436227514e26	4526.997865418816	13398.588954454914
0.33746074467574366	6234.324231581056	2.9076895518985966e26	4540.494492389486	13397.831522750268
0.3384680901822384	6227.309006795134	2.911911470871466e26	4553.990355815729	13397.07300249238
0.3394754356887332	6220.296061979985	2.91614624924988e26	4567.485454605358	13396.31340236368
0.3404827811952279	6213.285364902006	2.9203939435253095e26	4580.979787674926	13395.55273098648
0.3414901267017227	6206.276883605381	2.924654610483617e26	4594.473353949647	13394.790996931933
0.3424974722082174	6199.270586355779	2.9289283072411503e26	4607.966152363336	13394.028208714944
0.3435048177147122	6192.266441524308	2.9332150913118953e26	4621.458181858348	13393.26437478799
0.3445121632212069	6185.264417702595	2.937515020543065e26	4634.949441385517	13392.499503537467
0.3455195087277017	6178.264483730764	2.941828153099858e26	4648.439929904099	13391.733603303152
0.34652685423419644	6171.266608599707	2.9461545475227412e26	4661.929646381722	13390.96668236544
0.3475341997406912	6164.270761429026	2.9504942627419136e26	4675.418589794325	13390.198748942923
0.34854154524718595	6157.276911584507	2.9548473580114474e26	4688.906759126111	13389.429811209717
0.34954889075368073	6150.285028609418	2.9592138929492647e26	4702.3941533694915	13388.659877279742
0.3505562362601755	6143.295082261179	2.9635939275183053e26	4715.88077152503	13387.888955215338
0.35156358176667024	6136.30704239145	2.9679875221023105e26	4729.36661260135	13387.117053019429
0.352570927273165	6129.320879037325	2.9723947374330953e26	4742.851675615141	13386.344178644353
0.35357827277965975	6122.336562438223	2.9768156346031966e26	4756.335959591066	13385.570339990882
0.35458561828615454	6115.354063043002	2.981250275064528e26	4769.819463561708	13384.795544888992
0.35559296379264926	6108.373351397385	2.985698720687425e26	4783.302186567514	13384.01980111459
0.35660030929914405	6101.394398207189	2.9901610337246925e26	4796.784127656742	13383.24311640576
0.3576076548056388	6094.417174416579	2.994637276768198e26	4810.265285885428	13382.465498461952
0.35861500031213356	6087.441651088854	2.999127512828403e26	4823.7456603173405	13381.686954928004
0.3596223458186283	6080.467799393443	3.003631805331838e26	4837.225250023917	13380.907493397852
0.36062969132512307	6073.495590697274	3.008150218063104e26	4850.7040540842245	13380.127121414429
0.3616370368316178	6066.524996553523	3.012682815196052e26	4864.182071584895	13379.34584647733
0.3626443823381126	6059.555988661411	3.0172296613041477e26	4877.659301620106	13378.563676039556
0.3636517278446073	6052.588538787534	3.0217908214147477e26	4891.135743291509	13377.780617498003
0.3646590733511021	6045.622618928969	3.026366360915443e26	4904.611395708187	13376.996678213136
0.3656664188575968	6038.658201238516	3.030956345596975e26	4918.086257986614	13376.2118655037
0.3666737643640916	6031.695257989981	3.035560841658702e26	4931.560329250617	13375.426186631506
0.36768110987058633	6024.733761533899	3.0401799157704923e26	4945.033608631304	13374.63964881062
0.3686884553770811	6017.7736844327665	3.0448136349731146e26	4958.506095267038	13373.852259218822
0.3696958008835759	6010.81499939658	3.04946206672369e26	4971.977788303387	13373.064024991007
0.3707031463900706	6003.857679285707	3.0541252788997864e26	4985.448686893089	13372.27495322193
0.3717104918965654	5996.901697007039	3.0588033398626604e26	4998.9187901959995	13371.48505095277
0.37271783740306014	5989.947025648303	3.0634963183586133e26	5012.388097379047	13370.694325182702
0.3737251829095549	5982.99363847057	3.0682042835560153e26	5025.856607616193	13369.902782876767
0.37473252841604965	5976.041508835839	3.072927305077354e26	5039.324320088391	13369.11043095527
0.37573987392254443	5969.090610192789	3.077665453020866e26	5052.7912339835475	13368.317276292742
0.37674721942903916	5962.140916158614	3.082418797892594e26	5066.257348496478	13367.523325729746
0.37775456493553394	5955.192400459424	3.0871874106503608e26	5079.7226628288445	13366.728586063122
0.37876191044202867	5948.245036994218	3.091971362687272e26	5093.187176189194	13365.9330640523
0.37976925594852345	5941.298799741578	3.096770725870286e26	5106.65088779279	13365.13676641525
0.3807766014550182	5934.35366275176	3.1015855725563e26	5120.11379686166	13364.33969982548
0.38178394696151297	5927.409600271122	3.1064159755170624e26	5133.57590262457	13363.541870926983
0.3827912924680077	5920.466586675193	3.111262007981551e26	5147.037204316954	13362.7432863287
0.3837986379745025	5913.5245963677135	3.116123743705503e26	5160.497701180873	13361.943952591495
0.3848059834809972	5906.583603899757	3.121001256895235e26	5173.957392464971	13361.143876238715
0.385813328987492	5899.6435839575415	3.125894622218281e26	5187.41627742444	13360.343063762311
0.3868206744939867	5892.704511347213	3.130803914816134e26	5200.874355320986	13359.541521619056
0.3878280200004815	5885.766360991117	3.135729210312667e26	5214.331625422841	13358.739256230638
0.3888353655069763	5878.829107832725	3.1406705848768946e26	5227.788087004663	13357.936273973331
0.389842711013471	5871.892726999145	3.145628115119373e26	5241.243739347517	13357.132581200533
0.3908500565199658	5864.957193750041	3.150601878127546e26	5254.698581738852	13356.32818422674
0.3918574020264605	5858.02248335921	3.155591951550092e26	5268.152613472459	13355.523089325372
0.3928647475329553	5851.088571233306	3.160598413519431e26	5281.605833848432	13354.7173027396
0.39387209303945003	5844.155432909505	3.165621342662682e26	5295.058242173136	13353.910830685221
0.3948794385459448	5837.223044039508	3.170660818099605e26	5308.509837759186	13353.10367933581
0.39588678405243954	5830.291380338781	3.175716919492718e26	5321.96061992537	13352.29585478769
0.3968941295589343	5823.360417603148	3.1807897270549624e26	5335.410587996566	13351.487363022152
0.39790147506542906	5816.430131770394	3.1858793214850705e26	5348.859741303692	13350.678210092905
0.39890882057192384	5809.500498853838	3.190985784008577e26	5362.3080791837665	13349.868402028216
0.39991616607841857	5802.571494990353	3.19610919636994e26	5375.755600979869	13349.057944826818
0.40092351158491335	5795.643096310196	3.201249640919275e26	5389.202306041103	13348.246844443498
0.4019308570914081	5788.71527909841	3.2064072005034906e26	5402.64819372255	13347.43510680868
0.40293820259790286	5781.788019729756	3.2115819585153465e26	5416.093263385253	13346.622737823496
0.4039455481043976	5774.861294703555	3.2167739988719814e26	5429.537514396181	13345.809743358683
0.4049528936108924	5767.935080528499	3.22198340610124e26	5442.980946128202	13344.9961292449
0.40596023911738716	5761.0093538079345	3.227210265284375e26	5456.423557960039	13344.181901284475
0.4069675846238819	5754.084091261654	3.232454662044002e26	5469.865349276245	13343.367065253195
0.40797493013037667	5747.1592697110955	3.237716682557964e26	5483.306319467182	13342.55162689903
0.4089822756368714	5740.234866041861	3.242996413590629e26	5496.7464679289815	13341.735591938319
0.4099896211433662	5733.310857153987	3.24829394253326e26	5510.185794063517	13340.918966051793
0.4109969666498609	5726.387220096908	3.253609357312601e26	5523.624297278375	13340.10175489721
0.4120043121563557	5719.463932000664	3.258942746445648e26	5537.061976986827	13339.283964102779
0.4130116576628504	5712.540970078515	3.26429419902011e26	5550.498832607806	13338.465599270405
0.4140190031693452	5705.618311538496	3.269663804792403e26	5563.934863565859	13337.646665964123
0.41502634867583993	5698.695933716108	3.275051654083198e26	5577.370069291128	13336.827169726273
0.4160336941823347	5691.773814022872	3.2804578378189194e26	5590.804449219328	13336.007116071954
0.41704103968882944	5684.851929947714	3.285882447535459e26	5604.238002791715	13335.186510489486
0.4180483851953242	5677.930259083897	3.2913255753622606e26	5617.670729455065	13334.365358446568
0.41905573070181895	5671.008779007512	3.296787314116635e26	5631.102628661631	13333.54366536851
0.42006307620831373	5664.0874674001925	3.302267757220021e26	5644.533699869131	13332.721436661055
0.42107042171480846	5657.166302043433	3.307766998711008e26	5657.963942540713	13331.898677707437
0.42207776722130325	5650.245260794312	3.3132851332422554e26	5671.393356144943	13331.0753938661
0.423085112727798	5643.324321489737	3.318822256184856e26	5684.821940155759	13330.251590459598
0.42409245823429276	5636.403462076832	3.324378463527364e26	5698.2496940524525	13329.427272790452
0.42509980374078754	5629.482660575699	3.329953851906311e26	5711.676617319644	13328.60244613736
0.42610714924728227	5622.561895070276	3.3355485186059035e26	5725.102709447153	13327.777115756162
0.42711449475377705	5615.641143731086	3.3411625616173167e26	5738.527969930499	13326.951286876914
0.4281218402602718	5608.720384762903	3.3467960795313713e26	5751.952398269815	13326.124964704282
0.42912918576676656	5601.79959637436	3.352449171721668e26	5765.3759939709225	13325.298154412283
0.4301365312732613	5594.878756884179	3.358121938187901e26	5778.798756544737	13324.470861157288
0.4311438767797561	5587.95784470414	3.363814479597072e26	5792.220685507323	13323.643090076494
0.4321512222862508	5581.036838273311	3.369526897333648e26	5805.641780379886	13322.814846280415
0.4331585677927456	5574.115716022883	3.3752592935327186e26	5819.062040688822	13321.986134848898
0.4341659132992403	5567.194456506964	3.3810117709855264e26	5832.481465965613	13321.156960848026
0.4351732588057351	5560.273038339517	3.386784433193991e26	5845.900055746834	13320.327329321966
0.4361806043122298	5553.351440202272	3.392577384370495e26	5859.31780957413	13319.497245294418
0.4371879498187246	5546.42964071825	3.3983907295284296e26	5872.734726994188	13318.666713743156
0.43819529532521934	5539.507618661314	3.4042245743563326e26	5886.15080755867	13317.835739548951
0.4392026408317141	5532.585352861717	3.410079025282083e26	5899.566050824134	13317.004327598619
0.44020998633820885	5525.662822203422	3.4159541894550055e26	5912.980456352086	13316.172482808175
0.44121733184470363	5518.740005524167	3.421850174855386e26	5926.394023708969	13315.340210062783
0.4422246773511984	5511.816881767416	3.427767090176003e26	5939.8067524661365	13314.507514231633
0.44323202285769314	5504.893429919574	3.433705044877284e26	5953.218642199838	13313.674400161768
0.4442393683641879	5497.969629026725	3.439664149179724e26	5966.629692491197	13312.840872681812
0.44524671387068265	5491.045458206781	3.44564451406262e26	5980.039902926192	13312.00693659991
0.44625405937717744	5484.120896524852	3.451646251373262e26	5993.449273095624	13311.172596692404
0.44726140488367216	5477.195923134093	3.4576694736964164e26	6006.8578025951	13310.337857720482
0.44826875039016695	5470.270517237771	3.4637142944236206e26	6020.265491025017	13309.502724425774
0.4492760958966617	5463.34465811414	3.469780827721949e26	6033.672337990534	13308.667201533475
0.45028344140315646	5456.418325046149	3.475869188609644e26	6047.078343101566	13307.831293744257
0.4512907869096512	5449.491497312002	3.4819794929507886e26	6060.483505972747	13306.995005733514
0.45229813241614597	5442.564154268995	3.488111857403041e26	6073.88782622341	13306.158342161645
0.4533054779226407	5435.636275312554	3.4942663994641676e26	6087.291303477573	13305.321307669497
0.4543128234291355	5428.707839884047	3.5004432374522355e26	6100.693937363828	13304.483906879763
0.4553201689356302	5421.778827483995	3.506642490580905e26	6114.095727515761	13303.64614439924
0.456327514442125	5414.849217590904	3.5128642788773034e26	6127.496673571114	13302.808024806967
0.4573348599486197	5407.918989700879	3.5191087232966726e26	6140.8967751724895	13301.96955266199
0.4583422054551145	5400.988123402399	3.5253759456120156e26	6154.2960319670465	13301.130732511934
0.45934955096160923	5394.056598321963	3.5316660684719385e26	6167.694443606538	13300.29156888656
0.460356896468104	5387.124394059108	3.537979215475283e26	6181.092009747206	13299.452066290243
0.4613642419745988	5380.191490254694	3.5443155110940426e26	6194.488730049862	13298.612229210472
0.4623715874810935	5373.257866596058	3.5506750806953e26	6207.884604179815	13297.772062118787
0.4633789329875883	5366.32350280466	3.557058050558324e26	6221.279631806878	13296.931569469652
0.46438627849408304	5359.388378666755	3.5634645478512814e26	6234.673812605341	13296.090755704323
0.4653936240005778	5352.452473908272	3.5698947007484964e26	6248.06714625395	13295.249625235932
0.46640096950707255	5345.515768312086	3.576348638339665e26	6261.459632435895	13294.40818246427
0.46740831501356733	5338.578241701792	3.5828264906483026e26	6274.851270838788	13293.566431774248
0.46841566052006206	5331.639873936808	3.589328388644432e26	6288.242061154648	13292.724377534625
0.46942300602655684	5324.700644926258	3.595854464243073e26	6301.6320030798925	13291.882024100403
0.47043035153305157	5317.760534504856	3.6024048504224025e26	6315.021096315308	13291.039375798615
0.47143769703954636	5310.819522580871	3.6089796810834575e26	6328.409340566038	13290.196436946093
0.4724450425460411	5303.8775890886645	3.6155790911286615e26	6341.796735541567	13289.353211844047
0.47345238805253587	5296.934713986527	3.622203216445279e26	6355.183280955652	13288.509704778278
0.4744597335590306	5289.990877275549	3.628852193961815e26	6368.5689765265615	13287.6659200215
0.4754670790655254	5283.046058959384	3.635526161561536e26	6381.953821976551	13286.821861828777
0.4764744245720201	5276.100238995557	3.642225258269537e26	6395.337817032368	13285.977534431995
0.4774817700785149	5269.153397420037	3.648949624083903e26	6408.720961424964	13285.132942055661
0.4784891155850096	5262.205514281442	3.655699400053707e26	6422.103254889536	13284.288088909092
0.4794964610915044	5255.2565696690535	3.6624747282625357e26	6435.484697165499	13283.44297915582
0.4805038065979992	5248.306543667517	3.669275751891431e26	6448.865287996421	13282.59761689087
0.4815111521044939	5241.355416336681	3.676102615245008e26	6462.245027130003	13281.752006246585
0.4825184976109887	5234.403167790955	3.6829554636619294e26	6475.623914318135	13280.90615135889
0.4835258431174834	5227.4497781521595	3.689834443590224e26	6489.001949316862	13280.060056346987
0.4845331886239782	5220.495227586039	3.6967397025561785e26	6502.379131886377	13279.213725319087
0.48554053413047293	5213.539496201969	3.7036713892618796e26	6515.755461790964	13278.367162359616
0.4865478796369677	5206.582564124519	3.710629653545915e26	6529.13093879905	13277.520371539005
0.48755522514346245	5199.624411523131	3.7176146463526214e26	6542.505562683145	13276.673356917461
0.48856257064995723	5192.665018598711	3.724626519756279e26	6555.879333219845	13275.826122543489
0.48956991615645196	5185.70436552483	3.7316654270296435e26	6569.252250189813	13274.978672446812
0.49057726166294674	5178.742432443007	3.738731522659183e26	6582.624313377765	13274.13101063827
0.49158460716944147	5171.779199552875	3.7458249622670326e26	6595.995522572449	13273.283141120804
0.49259195267593625	5164.814647048732	3.752945902683561e26	6609.365877566642	13272.435067881966
0.493599298182431	5157.8487551433045	3.7600945019216946e26	6622.735378157081	13271.586794897206
0.49460664368892576	5150.881504069847	3.7672709192414146e26	6636.104024144671	13270.738326130293
0.4956139891954205	5143.912874006695	3.7744753151404344e26	6649.471815334084	13269.889665524242
0.4966213347019153	5136.942845150005	3.781707851380098e26	6662.83875153408	13269.040817010447
0.49762868020841006	5129.971397721183	3.788968690941952e26	6676.204832557339	13268.191784509901
0.4986360257149048	5122.998511953998	3.7962579980656225e26	6689.570058220489	13267.342571931782
0.49964337122139957	5116.024168090988	3.8035759382669104e26	6702.934428344105	13266.493183173165
0.5006507167278943	5109.04834629114	3.810922678434869e26	6716.297942752658	13265.64362210815
0.501658062234389	5102.071026777434	3.818298386702215e26	6729.660601274529	13264.793892605934
0.5026654077408839	5095.092189760959	3.8257032325303114e26	6743.022403741983	13263.9439985218
0.5036727532473786	5088.111815454625	3.833137386704609e26	6756.383349991159	13263.093943699107
0.5046800987538733	5081.1298840765885	3.8406010213221865e26	6769.743439861984	13262.243731969807
0.505687444260368	5074.146375854765	3.848094309953397e26	6783.102673198623	13261.393367155297
0.5066947897668629	5067.161270980348	3.855617427367484e26	6796.461049848491	13260.542853060972
0.5077021352733576	5060.174549601566	3.863170549899492e26	6809.818569663202	13259.6921934756
0.5087094807798523	5053.186191935531	3.8707538551625905e26	6823.175232498106	13258.841392185273
0.5097168262863471	5046.196178204787	3.8783675221765774e26	6836.53103821237	13257.990452965854
0.5107241717928419	5039.204488537248	3.886011731480406e26	6849.885986668953	13257.139379571046
0.5117315172993366	5032.211103082165	3.893686665009584e26	6863.2400777345565	13256.288175746578
0.5127388628058314	5025.216002003146	3.9013925061430826e26	6876.593311279689	13255.436845229799
0.5137462083123261	5018.21916544427	3.9091294397362125e26	6889.945687178604	13254.585391745639
0.5147535538188209	5011.220573559388	3.9168976521064296e26	6903.297205309304	13253.733819010555
0.5157608993253157	5004.220206510357	3.924697331049261e26	6916.647865553527	13252.88213073214
0.5167682448318104	4997.218044344432	3.932528665992545e26	6929.997667796736	13252.030330594884
0.5177755903383052	4990.2140671774905	3.940391847797492e26	6943.346611928117	13251.178422282612
0.5187829358448	4983.208255085631	3.948287068894182e26	6956.69469784054	13250.32640946521
0.5197902813512947	4976.200588154769	3.956214523262508e26	6970.041925430581	13249.47429580702
0.5207976268577894	4969.191046493543	3.964174406406127e26	6983.388294598501	13248.622084951561
0.5218049723642842	4962.179610088822	3.972166915553082e26	6996.733805248196	13247.76978047813
0.522812317870779	4955.166258986655	3.9801922494525014e26	7010.078457287158	13246.917385985611
0.5238196633772737	4948.150973186133	3.9882506085063756e26	7023.422250626539	13246.064905083887
0.5248270088837684	4941.133732679714	3.99634219473785e26	7036.765185181101	13245.212341372031
0.5258343543902633	4934.114517498241	4.004467211782553e26	7050.107260869237	13244.359698445516
0.526841699896758	4927.093307546953	4.012625865056001e26	7063.448477612961	13243.506979876813
0.5278490454032527	4920.07008275173	4.0208183616177616e26	7076.7888353378585	13242.654189233142
0.5288563909097475	4913.044823028703	4.0290449102469364e26	7090.12833397313	13241.801330072942
0.5298637364162423	4906.0175082616615	4.03730572143368e26	7103.466973451534	13240.948405943342
0.530871081922737	4898.988118339146	4.0456010074025834e26	7116.80475370939	13240.095420385078
0.5318784274292317	4891.956633132565	4.0539309821452506e26	7130.141674686654	13239.2423769297
0.5328857729357265	4884.9230324346945	4.06229586146298e26	7143.477736326729	13238.389279092518
0.5338931184422213	4877.88729602652	4.070695862974459e26	7156.812938576617	13237.536130380811
0.534900463948716	4870.8494036862685	4.079131206080168e26	7170.147281386826	13236.682934295128
0.5359078094552108	4863.809335161568	4.087602112025884e26	7183.480764711397	13235.829694326243
0.5369151549617056	4856.767070207929	4.096108803874588e26	7196.813388507884	13234.976413959737
0.5379225004682003	4849.722588501869	4.1046515066219606e26	7210.145152737333	13234.12309666585
0.5389298459746951	4842.675869672879	4.1132304471898126e26	7223.4760573642925	13233.269745903604
0.5399371914811898	4835.626893361618	4.1218458543673914e26	7236.806102356791	13232.41636512785
0.5409445369876846	4828.575639171255	4.1304979588899244e26	7250.135287686331	13231.562957783734
0.5419518824941794	4821.522086680002	4.139186993394697e26	7263.463613327791	13230.709527308374
0.5429592280006741	4814.466215447959	4.147913192677136e26	7276.791079259856	13229.856077131742
0.5439665735071688	4807.408005000712	4.1566767932237665e26	7290.117685464127	13229.002610675134
0.5449739190136637	4800.34743476356	4.1654780338832734e26	7303.44343192607	13228.149131343176
0.5459812645201584	4793.284484181718	4.174317155350628e26	7316.768318634368	13227.295642538978
0.5469886100266531	4786.2191326731345	4.183194400420096e26	7330.09234558121	13226.442147657792
0.5479959555331478	4779.1513596407685	4.1921100139402445e26	7343.415512762181	13225.58865008925
0.5490033010396427	4772.081144409792	4.2010642429194346e26	7356.73782017628	13224.735153210153
0.5500106465461374	4765.008466231752	4.210057336536106e26	7370.059267825884	13223.881660384766
0.5510179920526321	4757.933304384874	4.219089546054847e26	7383.379855716782	13223.028174977399
0.5520253375591269	4750.85563808408	4.228161124944161e26	7396.699583858138	13222.17470034157
0.5530326830656217	4743.775446530731	4.237272328840242e26	7410.018452262484	13221.321239826422
0.5540400285721164	4736.692708897971	4.24642341559012e26	7423.336460945728	13220.467796774887
0.5550473740786112	4729.607404220772	4.25561464541653e26	7436.653609927142	13219.614374510882
0.556054719585106	4722.519511578724	4.264846280715499e26	7449.9698992293415	13218.76097636124
0.5570620650916007	4715.4290099717355	4.274118586203305e26	7463.2853288782835	13217.907605641356
0.5580694105980955	4708.335878377209	4.283431828920429e26	7476.599898903275	13217.054265661774
0.5590767561045902	4701.240095743566	4.292786278226029e26	7489.913609336937	13216.200959728185
0.560084101611085	4694.141640970218	4.302182205855667e26	7503.226460215243	13215.34769113872
0.5610914471175797	4687.040492842647	4.311619886044739e26	7516.538451577453	13214.49446317747
0.5620987926240745	4679.9366301589625	4.321099595378936e26	7529.849583466147	13213.64127911593
0.5631061381305692	4672.830031667003	4.3306216129132376e26	7543.159855927174	13212.7881421767
0.564113483637064	4665.72067606309	4.340186220178192e26	7556.4692690096335	13211.935055611648
0.5651208291435588	4658.608542012396	4.3497937012042866e26	7569.777822765922	13211.082022677365
0.5661281746500535	4651.493608129126	4.3594443425373815e26	7583.085517251691	13210.22904662284
0.5671355201565482	4644.375852899423	4.369138433403106e26	7596.392352525871	13209.376130681125
0.5681428656630431	4637.255254821139	4.3788762655402875e26	7609.698328650644	13208.523278086126
0.5691502111695378	4630.131792329134	4.388658133324601e26	7623.003445691447	13207.670492063842
0.5701575566760325	4623.005443818703	4.3984843337644846e26	7636.307703716966	13206.81777583558
0.5711649021825274	4615.876187646983	4.4083551665275985e26	7649.611102799132	13205.96513261801
0.5721722476890221	4608.744002034719	4.4182709341187374e26	7662.913643013097	13205.112565612097
0.5731795931955168	4601.608865202863	4.42823194170408e26	7676.215324437246	13204.260078018218
0.5741869387020115	4594.470755306317	4.438238497241225e26	7689.516147153188	13203.407673030211
0.5751942842085064	4587.329650451663	4.448290911478794e26	7702.816111245729	13202.555353836631
0.5762016297150011	4580.185528703486	4.45838949801312e26	7716.115216802938	13201.703123622196
0.5772089752214958	4573.0383680367195	4.46853457327729e26	7729.413463916004	13200.850985561927
0.5782163207279906	4565.888146334061	4.478726456727078e26	7742.710852679369	13199.99894282131
0.5792236662344854	4558.734841457612	4.4889654706731216e26	7756.007383190647	13199.146998564867
0.5802310117409801	4551.5784311976595	4.499251940414806e26	7769.303055550634	13198.295155950716
0.5812383572474749	4544.4188932838515	4.509586194238339e26	7782.597869863293	13197.443418131255
0.5822457027539696	4537.256205389949	4.519968563429543e26	7795.891826235721	13196.591788253818
0.5832530482604644	4530.09034513009	4.53039938261264e26	7809.184924778488	13195.740269461538
0.5842603937669592	4522.921290032472	4.54087898907645e26	7822.477165604803	13194.888864889741
0.5852677392734539	4515.749017516972	4.551407723671884e26	7835.768548831385	13194.03757766356
0.5862750847799486	4508.573504995673	4.5619859302330577e26	7849.059074578017	13193.18641091007
0.5872824302864434	4501.3947297816185	4.572613955875738e26	7862.348742967637	13192.335367747728
0.5882897757929382	4494.212669142642	4.583292150953109e26	7875.637554126308	13191.484451293569
0.5892971212994329	4487.027300303306	4.594020869063696e26	7888.925508183238	13190.633664661571
0.5903044668059277	4479.8386003224305	4.604800467288756e26	7902.212605270776	13189.78301095035
0.5913118123124225	4472.64654622361	4.615631306011522e26	7915.498845524364	13188.932493258439
0.5923191578189172	4465.45111496947	4.626513749033891e26	7928.784229082585	13188.082114681049
0.5933265033254119	4458.252283443435	4.6374481636134476e26	7942.068756087129	13187.231878308337
0.5943338488319068	4451.050028488125	4.6484349204594496e26	7955.352426682807	13186.381787230386
0.5953411943384015	4443.844326819474	4.6594743939004854e26	7968.635241017535	13185.531844527255
0.5963485398448962	4436.635155053805	4.670566961867041e26	7981.917199242319	13184.682053271037
0.597355885351391	4429.422489761733	4.68171300587476e26	7995.198301511267	13183.832416534115
0.5983632308578858	4422.20630743728	4.69291291111931e26	8008.4785479815855	13182.982937385235
0.5993705763643805	4414.98658447878	4.7041670664917495e26	8021.757938813552	13182.133618887488
0.6003779218708752	4407.763297254568	4.7154758646122316e26	8035.036474170557	13181.284464106217
0.60138526737737	4400.536421968185	4.726839701993576e26	8048.314154219049	13180.435476094328
0.6023926128838648	4393.305934755898	4.738258978982062e26	8061.590979128556	13179.586657894843
0.6033999583903595	4386.071811687946	4.749734099807613e26	8074.866949071656	13178.738012518892
0.6044073038968543	4378.834028745224	4.761265472605469e26	8088.14206422393	13177.88954298735
0.605414649403349	4371.59256181709	4.7728535096712474e26	8101.416324764143	13177.04125233423
0.6064219949098438	4364.34738671958	4.78449862703836e26	8114.689730873897	13176.193143591006
0.6074293404163386	4357.098479183599	4.796201245059769e26	8127.9622827380335	13175.345219784796
0.6084366859228333	4349.845814780595	4.8079617882469086e26	8141.233980544356	13174.497483931074
0.6094440314293281	4342.589369017105	4.819780685235096e26	8154.504824483697	13173.64993904512
0.6104513769358229	4335.329117331138	4.831658368920271e26	8167.774814749956	13172.802588141356
0.6114587224423176	4328.065035050675	4.843595276504874e26	8181.043951540057	13171.955434229445
0.6124660679488123	4320.797097415119	4.855591849525441e26	8194.312235053952	13171.108480316
0.6134734134553071	4313.525279607415	4.8676485338596624e26	8207.579665494626	13170.261729408434
0.6144807589618019	4306.249556597464	4.879765780037717e26	8220.846243068088	13169.415184497824
0.6154881044682966	4298.969903326319	4.8919440429702414e26	8234.111967983341	13168.568848580422
0.6164954499747913	4291.686294616983	4.904183782196271e26	8247.376840452433	13167.722724647532
0.6175027954812862	4284.39870519905	4.9164854618661086e26	8260.640860690412	13166.876815688029
0.6185101409877809	4277.107109697054	4.9288495508000284e26	8273.904028915322	13166.031124686982
0.6195174864942756	4269.811482642278	4.941276522577533e26	8287.16634534823	13165.185654628454
0.6205248320007704	4262.51179847245	4.9537668555823325e26	8300.427810213223	13164.340408494867
0.6215321775072652	4255.208031439651	4.96632103316808e26	8313.68842373736	13163.49538925767
0.6225395230137599	4247.900155732109	4.9789395435293204e26	8326.948186150685	13162.650599889066
0.6235468685202546	4240.588145431935	4.991622879885954e26	8340.20709768626	13161.806043359698
0.6245542140267494	4233.2719744986725	5.004371540516061e26	8353.465158580131	13160.961722636632
0.6255615595332442	4225.951616805801	5.017186028799422e26	8366.722369071334	13160.117640687902
0.6265689050397389	4218.627046129213	5.030066853262143e26	8379.978729401886	13159.273800480023
0.6275762505462337	4211.298236014703	5.0430145278877686e26	8393.234239816793	13158.430204964081
0.6285835960527285	4203.965159983259	5.056029571833739e26	8406.488900564036	13157.58685709981
0.6295909415592232	4196.627791408499	5.069112509703762e26	8419.742711894572	13156.743759841873
0.630598287065718	4189.28610355356	5.082263871538873e26	8432.995674062335	13155.900916143026
0.6316056325722127	4181.940069565956	5.095484192902962e26	8446.247787324217	13155.05832895471
0.6326129780787075	4174.589662483668	5.108774015065195e26	8459.499051940044	13154.216001228044
0.6336203235852023	4167.234855176023	5.122133884820252e26	8472.749468172831	13153.373935908028
0.634627669091697	4159.875620385189	5.1355643549106084e26	8485.999036288305	13152.532135936433
0.6356350145981917	4152.511930744929	5.1490659838330214e26	8499.247756555247	13151.690604255748
0.6366423601046866	4145.1437587555565	5.1626393359899256e26	8512.495629245394	13150.8493438065
0.6376497056111813	4137.771076797004	5.1762849817760985e26	8525.742654633454	13150.008357529816
0.638657051117676	4130.393857151303	5.190003497575445e26	8538.988832997095	13149.167648367362
0.6396643966241707	4123.012071860493	5.203795466126906e26	8552.234164616943	13148.327219248109
0.6406717421306656	4115.625692896061	5.2176614762947684e26	8565.47864977658	13147.487073107724
0.6416790876371603	4108.234692084837	5.2316021232565276e26	8578.722288762534	13146.647212879434
0.642686433143655	4100.839041120249	5.2456180086045905e26	8591.965081864288	13145.807641472595
0.6436937786501498	4093.438711555414	5.25970974042001e26	8605.207029374245	13144.9683617863
0.6447011241566446	4086.0336747988326	5.2738779333493976e26	8618.448131587742	13144.129376743715
0.6457084696631393	4078.6239021552215	5.288123208664341e26	8631.688388803066	13143.29068927036
0.6467158151696341	4071.2093646907024	5.302446194504481e26	8644.92780132143	13142.452302280504
0.6477231606761289	4063.7900333623957	5.3168475258253604e26	8658.166369446995	13141.614218692102
0.6487305061826236	4056.365878992525	5.3313278445071755e26	8671.40409348686	13140.776441422997
0.6497378516891184	4048.936872245804	5.345887799466314e26	8684.640973751062	13139.938973388587
0.6507451971956131	4041.502983637396	5.360528046787834e26	8697.877010552585	13139.101817504483
0.6517525427021079	4034.0641835553874	5.375249249681703e26	8711.112204207342	13138.264976688424
0.6527598882086026	4026.6204421874963	5.390052078774565e26	8724.34655503417	13137.428453851146
0.6537672337150974	4019.17172954488	5.4049372122162536e26	8737.580063354855	13136.592251901466
0.6547745792215921	4011.7180155124147	5.419905335596942e26	8750.812729494113	13135.756373751623
0.6557819247280869	4004.2592698074764	5.434957142150065e26	8764.044553779575	13134.920822311073
0.6567892702345817	3996.7954619963402	5.450093332775344e26	8777.275536541789	13134.085600491087
0.6577966157410764	3989.3265614862444	5.465314616601137e26	8790.505678114258	13133.250711203655
0.6588039612475711	3981.852537475118	5.48062171014929e26	8803.734978833543	13132.416157354108
0.659811306754066	3974.3733589992	5.496015338483815e26	8816.963439038927	13131.58194184943
0.6608186522605607	3966.8889949304557	5.511496234722368e26	8830.191059072706	13130.748067597442
0.6618259977670554	3959.399413969348	5.5270651402980064e26	8843.417839280106	13129.914537504506
0.6628333432735501	3951.9045846444374	5.542722805066997e26	8856.643780009275	13129.081354478672
0.663840688780045	3944.404475305372	5.558469987415231e26	8869.868881611297	13128.24852142756
0.6648480342865397	3936.8990541661906	5.5743074543454566e26	8883.09314444018	13127.41604126271
0.6658553797930344	3929.3882891707613	5.5902359818110124e26	8896.316568852868	13126.583916887608
0.6668627252995293	3921.872148111083	5.6062563546409676e26	8909.53915520923	13125.752151208126
0.667870070806024	3914.350598593937	5.6223693666882254e26	8922.760903872055	13124.92074713086
0.6688774163125187	3906.823608040645	5.6385758210165254e26	8935.981815207067	13124.089707564279
0.6698847618190135	3899.2911436855093	5.654876529973442e26	8949.201889582924	13123.259035415795
0.6708921073255083	3891.7531725726008	5.6712723153686044e26	8962.421127371204	13122.428733594948
0.671899452832003	3884.209661569277	5.6877640085457515e26	8975.639528946422	13121.598805013919
0.6729067983384978	3876.660577321138	5.7043524506200874e26	8988.857094686022	13120.769252582098
0.6739141438449925	3869.105886233974	5.7210384927123434e26	9002.073824970385	13119.940079206506
0.6749214893514873	3861.545554553942	5.737822995831261e26	9015.28972018282	13119.111287798736
0.675928834857982	3853.979548316454	5.754706831126513e26	9028.50478070955	13118.282881271012
0.6769361803644768	3846.4078333487737	5.771690880175708e26	9041.719006939766	13117.45486253725
0.6779435258709715	3838.830375274285	5.788776034862568e26	9054.932399265559	13116.627234511898
0.6789508713774663	3831.247139518077	5.805963198039894e26	9068.14495808206	13115.800000113539
0.6799582168839611	3823.6580912820164	5.823253282709517e26	9081.356683787148	13114.97316226038
0.6809655623904558	3816.0631954821356	5.840647213516652e26	9094.567576781792	13114.14672385731
0.6819729078969506	3808.4624168956097	5.858145925831414e26	9107.777637469824	13113.3206877798
0.6829802534034454	3800.8557200513756	5.875750366416383e26	9120.986866257981	13112.49505693271
0.6839875989099401	3793.2430692492135	5.893461493448516e26	9134.195263555946	13111.669834232223
0.6849949444164348	3785.624428587551	5.9112802766974844e26	9147.402829776325	13110.845022596815
0.6860022899229297	3777.999761934466	5.9292076977068506e26	9160.609565334682	13110.020624948134
0.6870096354294244	3770.3690328574635	5.94724475015687e26	9173.815470649504	13109.19664420083
0.6880169809359191	3762.7322047311295	5.9653924398063374e26	9187.020546142234	13108.373083276805
0.6890243264424138	3755.0892406871076	5.9836517847494505e26	9200.224792237244	13107.549945098732
0.6900316719489087	3747.4401036184686	6.0020238156405076e26	9213.428209361868	13106.727232591562
0.6910390174554034	3739.7847561744584	6.020509575826104e26	9226.630797946367	13105.904948682752
0.6920463629618981	3732.123160763823	6.039110121375583e26	9239.832558423917	13105.083096301523
0.6930537084683929	3724.4552795479167	6.057826522404533e26	9253.033491230735	13104.261678380975
0.6940610539748877	3716.7810744279286	6.076659860909199e26	9266.233596806023	13103.44069785415
0.6950683994813824	3709.100507008886	6.095611233543963e26	9279.4328755918	13102.620157653862
0.6960757449878772	3701.4135386644803	6.114681750372712e26	9292.631328033103	13101.800060716532
0.6970830904943719	3693.720130510379	6.1338725354689895e26	9305.828954577939	13100.980409983737
0.6980904360008667	3686.0202433946283	6.1531847270311416e26	9319.025755677263	13100.161208397514
0.6990977815073615	3678.31383789838	6.172619477725221e26	9332.221731785012	13099.342458904579
0.7001051270138562	3670.6008743713137	6.192177954749118e26	9345.416883358086	13098.52416445741
0.701112472520351	3662.881312782402	6.21186134038664e26	9358.611210856354	13097.706328001856
0.7021198180268458	3655.1551128821493	6.231670831980241e26	9371.804714742664	13096.88895249171
0.7031271635333405	3647.4222341315763	6.2516076421533e26	9384.997395482826	13096.072040884847
0.7041345090398352	3639.682635707207	6.271672999255231e26	9398.189253545655	13095.255596140983
0.70514185454633	3631.9362764957837	6.291868147375263e26	9411.380289402936	13094.43962122511
0.7061492000528248	3624.183115111203	6.31219434672589e26	9424.570503529369	13093.624119105907
0.7071565455593195	3616.4231098587165	6.332652873906807e26	9437.7598964027	13092.809092756452
0.7081638910658142	3608.656218696569	6.353245022243725e26	9450.948468503933	13091.994545147121
0.7091712365723091	3600.882399312813	6.373972101973834e26	9464.136220316672	13091.180479257053
0.7101785820788038	3593.1016090819603	6.394835440492862e26	9477.323152327672	13090.366898067989
0.7111859275852985	3585.3138050691527	6.415836382665188e26	9490.5092650267	13089.553804566744
0.7121932730917933	3577.5189440283502	6.436976291143187e26	9503.69455890653	13088.741201744746
0.7132006185982881	3569.7169823910594	6.458256546614987e26	9516.879034462965	13087.929092597498
0.7142079641047828	3561.907876311992	6.479678548017927e26	9530.062692194811	13087.117480130522
0.7152153096112775	3554.091581510563	6.501243713190665e26	9543.245532603903	13086.306367341916
0.7162226551177723	3546.2680534306537	6.522953478894313e26	9556.427556195114	13085.495757242108
0.7172300006242671	3538.437247176833	6.54480930105208e26	9569.608763476328	13084.685652844806
0.7182373461307618	3530.5991175096856	6.566812655498007e26	9582.78915495851	13083.876057169446
0.7192446916372566	3522.7536188534955	6.588965037487304e26	9595.968731155597	13083.066973241543
0.7202520371437514	3514.900705270226	6.611267963362726e26	9609.147492584685	13082.258404090757
0.7212593826502461	3507.0403305200093	6.633722969295495e26	9622.325439765757	13081.450352758226
0.7222667281567409	3499.172447933927	6.656331612795043e26	9635.502573222095	13080.642822282987
0.7232740736632356	3491.297010485812	6.679095472838201e26	9648.678893479853	13079.835815711347
0.7242814191697304	3483.4139707960844	6.702016150056684e26	9661.854401068329	13079.029336097175
0.7252887646762252	3475.523281115838	6.725095267117378e26	9675.029096519886	13078.22338650091
0.7262961101827199	3467.624893323666	6.748334469202731e26	9688.202980369966	13077.417969938995
0.7273034556892146	3459.7187589248892	6.771735424348765e26	9701.376053157002	13076.61308936105
0.7283108011957095	3451.804829064084	6.795299823706384e26	9714.548315422444	13075.8087478251
0.7293181467022042	3443.883054445598	6.819029382305749e26	9727.719767710843	13075.004948395122
0.7303254922086989	3435.953385353984	6.842925839257088e26	9740.890410569828	13074.20169413774
0.7313328377151936	3428.015771701009	6.866990958158753e26	9754.060244550126	13073.398988128827
0.7323401832216885	3420.070162990023	6.891226527503801e26	9767.22927020556	13072.596833450465
0.7333475287281832	3412.116508312402	6.91563436111775e26	9780.397488093062	13071.795233190114
0.7343548742346779	3404.1547563372437	6.940216298930775e26	9793.564898772695	13070.994190441921
0.7353622197411727	3396.1848553106183	6.964974207017451e26	9806.731502807632	13070.193708306258
0.7363695652476675	3388.2067530776258	6.989909978003833e26	9819.89730076416	13069.393789892623
0.7373769107541622	3380.2203970426704	7.01502553182785e26	9833.062293211695	13068.594438316932
0.738384256260657	3372.2257340792403	7.040322816579635e26	9846.226480722817	13067.795656693072
0.7393916017671518	3364.22271069929	7.065803808326505e26	9859.389863873246	13066.997448150018
0.7403989472736465	3356.2112729373125	7.091470511907735e26	9872.552443241846	13066.19981582174
0.7414062927801413	3348.1913663714186	7.117324961429695e26	9885.714219410644	13065.402762849904
0.742413638286636	3340.162936117653	7.143369220824091e26	9898.875192964832	13064.606292383429
0.7434209837931308	3332.1259268208096	7.16960538455569e26	9912.0353644928	13063.810407579178
0.7444283292996255	3324.0802826887507	7.196035577755445e26	9925.194734586104	13063.015111605853
0.7454356748061203	3316.025947361379	7.222661957251939e26	9938.353303839489	13062.220407631823
0.746443020312615	3307.962864017721	7.249486711932762e26	9951.511072850903	13061.426298836333
0.7474503658191098	3299.8909753380444	7.276512063482133e26	9964.668042221505	13060.632788406901
0.7484577113256046	3291.81022351264	7.303740266728352e26	9977.824212555659	13059.839879541001
0.7494650568320993	3283.720550213558	7.331173610498425e26	9990.979584460962	13059.047575444165
0.750472402338594	3275.6218965996527	7.358814418261842e26	10004.134158548251	13058.255879330995
0.7514797478450889	3267.5142033401157	7.386665048550362e26	10017.287935431556	13057.464794428626
0.7524870933515836	3259.397410488482	7.414727895876799e26	10030.440915728288	13056.674323965668
0.7534944388580783	3251.2714575893533	7.443005391471846e26	10043.593100058986	13055.884471183015
0.754501784364573	3243.1362836473295	7.471500003765054e26	10056.744489047505	13055.095239331858
0.7555091298710679	3234.9918271074275	7.500214239204476e26	10069.895083320982	13054.306631672864
0.7565164753775626	3226.83802585455	7.529150642936259e26	10083.044883509834	13053.518651477129
0.7575238208840573	3218.674817205003	7.558311799649902e26	10096.193890247792	13052.731302026308
0.7585311663905522	3210.5021378926576	7.587700334199617e26	10109.34210417189	13051.944586612262
0.7595385118970469	3202.3199241006027	7.617318912474126e26	10122.489525922485	13051.158508540986
0.7605458574035416	3194.1281113580562	7.647170242388454e26	10135.63615614327	13050.373071123886
0.7615532029100364	3185.9266345882015	7.677257074457077e26	10148.781995481273	13049.588277683477
0.7625605484165312	3177.7154281180447	7.707582202753538e26	10161.927044586886	13048.804131555482
0.7635678939230259	3169.494425656399	7.738148465673026e26	10175.071304113855	13048.020636087465
0.7645752394295207	3161.2635602786568	7.768958746991203e26	10188.214774719321	13047.237794639064
0.7655825849360154	3153.022764422982	7.800015976414372e26	10201.357457063792	13046.45561058213
0.7665899304425102	3144.7719698835454	7.831323130927364e26	10214.499351811197	13045.674087301759
0.767597275949005	3136.5111078341724	7.862883235623969e26	10227.64045962889	13044.89322819939
0.7686046214554997	3128.2401086718423	7.894699364521366e26	10240.780781187626	13044.113036679444
0.7696119669619944	3119.958902192532	7.926774641730022e26	10253.920317161599	13043.333516101902
0.7706193124684892	3111.667417493311	7.959112242458284e26	10267.059068228356	13042.554669815143
0.771626657974984	3103.3655829666127	7.991715393909619e26	10280.197035068864	13041.776501249942
0.7726340034814787	3095.053326300435	8.024587376451599e26	10293.334218367558	13040.999013850242
0.7736413489879734	3086.730574460904	8.057731524859371e26	10306.470618812351	13040.22221107317
0.7746486944944683	3078.3972536931865	8.091151229124361e26	10319.60623709464	13039.446096389456
0.775656040000963	3070.0532895395727	8.124849935801347e26	10332.741073909334	13038.6706732871
0.7766633855074577	3061.698606680019	8.15883114926223e26	10345.875129954838	13037.895945257735
0.7776707310139526	3053.3331291040186	8.1930984329228e26	10359.00840593311	13037.121915813623
0.7786780765204473	3044.9567800103473	8.227655410241321e26	10372.140902549632	13036.34858848003
0.779685422026942	3036.5694818130564	8.262505766228378e26	10385.272620513459	13035.575966796867
0.7806927675334367	3028.171156133583	8.297653248636027e26	10398.403560537214	13034.804054319575
0.7817001130399316	3019.761723780191	8.333101669341208e26	10411.533723337108	13034.03285461854
0.7827074585464263	3011.3411047419286	8.368854905711075e26	10424.663109632962	13033.262371280009
0.783714804052921	3002.90921821143	8.404916901921793e26	10437.791720148214	13032.492607909622
0.7847221495594158	2994.4659824496644	8.44129167066263e26	10450.919555609938	13031.723568121426
0.7857294950659106	2986.011314885422	8.477983294467248e26	10464.04661674886	13030.95525554892
0.7867368405724053	2977.5451320760462	8.514995927247236e26	10477.172904299372	13030.187673842656
0.7877441860789001	2969.067349691981	8.552333795801756e26	10490.298418999557	13029.420826670326
0.7887515315853948	2960.5778825047596	8.590001201545624e26	10503.4231615912	13028.654717717638
0.7897588770918896	2952.0766443693924	8.628002522059262e26	10516.547132819807	13027.88935068814
0.7907662225983844	2943.563548210403	8.666342212788693e26	10529.670333434626	13027.124729303818
0.7917735681048791	2935.038506053909	8.705024808661309e26	10542.792764188665	13026.360857309272
0.7927809136113739	2926.501428850487	8.74405492626933e26	10555.914425838702	13025.597738458262
0.7937882591178687	2917.9522266422696	8.783437265493985e26	10569.035319145314	13024.835376529743
0.7947956046243634	2909.390808467938	8.823176611294307e26	10582.155444872898	13024.073775321807
0.7958029501308581	2900.817082363561	8.86327783543181e26	10595.274803789674	13023.312938653062
0.796810295637353	2892.230955330801	8.903745899447093e26	10608.393396667747	13022.552870362098
0.7978176411438477	2883.632333343088	8.944585855372394e26	10621.511224283073	13021.793574309795
0.7988249866503424	2875.021121313165	8.985802848620852e26	10634.628287415519	13021.035054378503
0.7998323321568371	2866.3972231147286	9.027402119949032e26	10647.74458684888	13020.2773144758
0.800839677663332	2857.7605414650907	9.069389007565604e26	10660.860123370872	13019.520358526477
0.8018470231698267	2849.110977972892	9.111768949830336e26	10673.9748977732	13018.7641904785
0.8028543686763214	2840.4484331354292	9.154547487469056e26	10687.088910851553	13018.00881430529
0.8038617141828162	2831.7728063033715	9.197730265486748e26	10700.202163405636	13017.254234004498
0.804869059689311	2823.083995658635	9.241323036286022e26	10713.314656239194	13016.500453598586
0.8058764051958057	2814.381898201224	9.285331661753182e26	10726.426390160026	13015.747477135761
0.8068837507023005	2805.6664097182643	9.329762116071358e26	10739.537365980035	13014.995308689951
0.8078910962087952	2796.9374247744586	9.374620488568622e26	10752.647584515233	13014.243952361609
0.80889844171529	2788.194836731564	9.419912986210389e26	10765.757046585793	13013.49341228291
0.8099057872217847	2779.438537590197	9.465645936649704e26	10778.865753016036	13012.74369259773
0.8109131327282795	2770.6684181128912	9.511825791284158e26	10791.973704634433	13011.994797354173
0.8119204782347743	2761.8843677415566	9.558459128070416e26	10805.080902273554	13011.24673069227
0.812927823741269	2753.0862745821573	9.605552654609269e26	10818.187346770183	13010.499496825261
0.8139351692477638	2744.2740253826896	9.653113211723054e26	10831.293038965372	13009.753099994387
0.8149425147542585	2735.4475055115363	9.701147776039148e26	10844.39797970445	13009.007544469765
0.8159498602607533	2726.6065989311605	9.749663464217243e26	10857.502169837066	13008.262834550818
0.8169572057672481	2717.751188218383	9.798667536014393e26	10870.605610217219	13007.518974570865
0.8179645512737428	2708.881154403699	9.84816739796003e26	10883.708301703282	13006.775968886453
0.8189718967802375	2699.9963770692557	9.898170607314189e26	10896.810245158033	13006.03382188784
0.8199792422867324	2691.0967342942326	9.94868487566137e26	10909.911441448694	13005.292537998226
0.8209865877932271	2682.182102627152	9.99971807291012e26	10923.011891446951	13004.552121673705
0.8219939332997218	2673.252357053114	1.0051278231355414e27	10936.111596029003	13003.812577403758
0.8230012788062165	2664.307370969021	1.0103373549914407e27	10949.210556075579	13003.073909712375
0.8240086243127114	2655.3470161506816	1.0156012398781437e27	10962.308772472003	13002.336123158455
0.8250159698192061	2646.371162737927	1.0209203323393229e27	10975.40624610819	13001.599222337743
0.8260233153257008	2637.379679234005	1.0262955048822961e27	10988.502977878712	13000.863211886348
0.8270306608321956	2628.3724323148986	1.0317276485903474e27	11001.59896868282	13000.128096467795
0.8280380063386904	2619.349286990228	1.0372176734899208e27	11014.694219424493	12999.393880790767
0.8290453518451851	2610.310106487447	1.0427665090812646e27	11027.788731012466	12998.660569601996
0.8300526973516799	2601.25475223225	1.0483751049085105e27	11040.882504360285	12997.928167689328
0.8310600428581747	2592.183083812296	1.0540444310599908e27	11053.975540386335	12997.196679881827
0.8320673883646694	2583.094958947033	1.059775478695272e27	11067.067840013879	12996.46611105123
0.8330747338711642	2573.9902334478084	1.0655692606832494e27	11080.159404171114	12995.736466112989
0.8340820793776589	2564.8687611994847	1.0714268120043927e27	11093.250233791176	12995.007750028335
0.8350894248841537	2555.7303940614283	1.0773491913797658e27	11106.340329812401	12994.279967800547
0.8360967703906484	2546.5749819648527	1.0833374797128994e27	11119.429693177814	12993.553124487249
0.8371041158971432	2537.4023726725627	1.0893927830602817e27	11132.518324836004	12992.827225184785
0.8381114614036379	2528.212411902176	1.0955162321234178e27	11145.606225740426	12992.102275043391
0.8391188069101327	2519.0049432370943	1.1017089831681877e27	11158.693396849827	12991.378279263865
0.8401261524166275	2509.7798080866337	1.1079722187759152e27	11171.779839128225	12990.655243099303
0.8411334979231222	2500.5368456459787	1.1143071485675605e27	11184.865553544945	12989.933171856825
0.8421408434296169	2491.27589284193	1.1207150100606262e27	11197.9505410747	12989.212070897895
0.8431481889361118	2481.9967843108693	1.1271970693468455e27	11211.034802697623	12988.491945641817
0.8441555344426065	2472.6993523805295	1.1337546220239614e27	11224.118339399338	12987.772801569241
0.8451628799491012	2463.383426868906	1.1403889940668916e27	11237.201152171017	12987.054644211656
0.846170225455596	2454.048835210152	1.147101542672577e27	11250.283242009436	12986.337479167181
0.8471775709620908	2444.695402346436	1.1538936572001418e27	11263.364609917047	12985.621312097013
0.8481849164685855	2435.3229506804523	1.160766760096488e27	11276.445256902025	12984.906148726424
0.8491922619750802	2425.9313000267803	1.1677223079801754e27	11289.525183978318	12984.191994731227
0.8501996074815751	2416.520267560236	1.1747617926062729e27	11302.604392165598	12983.478855859126
0.8512069529880698	2407.0896677512806	1.1818867418971813e27	11315.682882489402	12982.766738007811
0.8522142984945645	2397.6393123213106	1.1890987210500903e27	11328.760655981243	12982.05564714399
0.8532216440010593	2388.169010189404	1.1963993338034431e27	11341.837713678697	12981.345589306658
0.8542289895075541	2378.6785674266257	1.2037902235629786e27	11354.91405662541	12980.636570609591
0.8552363350140488	2369.1677871108996	1.2112730744977376e27	11367.989685871342	12979.928597237278
0.8562436805205436	2359.6364693706705	1.2188496130365999e27	11381.064602472605	12979.221675454713
0.8572510260270383	2350.08441128658	1.2265216091579296e27	11394.138807491712	12978.515811607296
0.8582583715335331	2340.5114068406124	1.2342908775362628e27	11407.21230199759	12977.811012123591
0.8592657170400279	2330.9172468329575	1.2421592792756827e27	11420.285087065695	12977.107283516678
0.8602730625465226	2321.3017188296635	1.2501287231752618e27	11433.357163778084	12976.404632388052
0.8612804080530173	2311.6646070920674	1.2582011673375385e27	11446.428533223507	12975.703065429796
0.8622877535595121	2302.0056924871465	1.2663786210466838e27	11459.49919649753	12975.00258942578
0.8632950990660069	2292.3247524843614	1.2746631460021891e27	11472.569154702533	12974.303211260076
0.8643024445725016	2282.6215609629908	1.283056857980053e27	11485.638408947994	12973.604937910597
0.8653097900789963	2272.895888208724	1.2915619292692974e27	11498.706960350366	12972.907776458193
0.8663171355854912	2263.1475008489647	1.3001805900656698e27	11511.774810033332	12972.211734090208
0.8673244810919859	2253.3761617595733	1.3089151304633198e27	11524.841959127854	12971.516818103237
0.8683318265984806	2243.5816299804537	1.317767902579638e27	11537.908408772313	12970.823035906607
0.8693391721049755	2233.7636606391175	1.326741322546891e27	11550.974160112604	12970.13039502587
0.8703465176114702	2223.9220048737025	1.3358378725732688e27	11564.039214302233	12969.43890310805
0.8713538631179649	2214.056409685117	1.3450601043084096e27	11577.103572502574	12968.748567921064
0.8723612086244596	2204.166617955308	1.3544106399349415e27	11590.167235882791	12968.05939736569
0.8733685541309545	2194.252368295032	1.3638921740552276e27	11603.230205620112	12967.371399475553
0.8743758996374492	2184.31339487457	1.3735074786233505e27	11616.29248289991	12966.684582416776
0.8753832451439439	2174.349427447408	1.3832594039170765e27	11629.354068915865	12965.99895450114
0.8763905906504387	2164.3601912113004	1.3931508817323572e27	11642.414964870104	12965.314524188432
0.8773979361569335	2154.3454067002504	1.4031849283919888e27	11655.475171973354	12964.6313000913
0.8784052816634282	2144.304789687347	1.413364647757909e27	11668.534691445091	12963.949290981413
0.879412627169923	2134.2380510807675	1.4236932343865144e27	11681.593524513706	12963.268505795068
0.8804199726764177	2124.144896791156	1.4341739772224868e27	11694.651672416705	12962.588953638608
0.8814273181829125	2114.025027674543	1.4448102624958742e27	11707.709136400834	12961.910643797757
0.8824346636894073	2103.878139397924	1.455605577639549e27	11720.76591772225	12961.23358574347
0.883442009195902	2093.703922212824	1.4665635153883542e27	11733.822017646831	12960.557789131853
0.8844493547023968	2083.502060984558	1.4776877774268875e27	11746.877437450206	12959.883263756406
0.8854567002088916	2073.272235029846	1.488982178623374e27	11759.932178417865	12959.210019436603
0.8864640457153863	2063.014117961792	1.5004506514315907e27	11772.986241845389	12958.538066374238
0.887471391221881	2052.7273775751823	1.5120972504108997e27	11786.039629038754	12957.867415004863
0.8884787367283759	2042.4116757109036	1.5239261570668153e27	11799.09234131457	12957.198075988554
0.8894860822348706	2032.0666681328644	1.5359416847269477e27	11812.144380000289	12956.530060220028
0.8904934277413653	2021.692004364734	1.5481482841612812e27	11825.195746434481	12955.863378836075
0.89150077324786	2011.287327592508	1.5605505483053589e27	11838.24644196703	12955.198043228273
0.8925081187543549	2000.8522745268467	1.5731532190066154e27	11851.29646795947	12954.534065053784
0.8935154642608496	1990.3864751199665	1.585961192227967e27	11864.34582578517	12953.871456237923
0.8945228097673443	1979.8895525624564	1.598979524922953e27	11877.394516829678	12953.210228994614
0.8955301552738391	1969.3611230886063	1.6122134414308654e27	11890.44254249099	12952.550395836215
0.8965375007803339	1958.8007958130568	1.625668340641036e27	11903.48990417987	12951.8919695859
0.8975448462868286	1948.2081725762284	1.6393498031248178e27	11916.536603320155	12951.234963391453
0.8985521917933234	1937.5828477897435	1.6532635985810885e27	11929.582641349063	12950.579390739922
0.8995595372998181	1926.924408215736	1.667415695490138e27	11942.628019717664	12949.925265469366
0.9005668828063129	1916.2324328774532	1.6818122673971902e27	11955.672739891072	12949.272601789768
0.9015742283128076	1905.5064928400134	1.696459703273477e27	11968.716803348927	12948.621414296877
0.9025815738193024	1894.7461510588312	1.711364616613855e27	11981.760211585779	12947.971717991144
0.9035889193257972	1883.950962197673	1.7265338554776376e27	11994.80296611147	12947.323528296427
0.9045962648322919	1873.1204723471649	1.741974513147806e27	12007.84506845169	12946.676861074006
0.9056036103387867	1862.254218982512	1.7576939388869078e27	12020.886520148246	12946.031732651605
0.9066109558452814	1851.3517307241175	1.7736997497449602e27	12033.927322759679	12945.38815984289
0.9076183013517762	1840.4125271606997	1.7899998426223207e27	12046.967477861695	12944.746159971377
0.908625646858271	1829.4361186339079	1.8066024079125753e27	12060.006987047753	12944.105750894045
0.9096329923647657	1818.4220060934467	1.8235159420153e27	12073.045851929533	12943.466951030747
0.9106403378712604	1807.3696808465643	1.840749263547744e27	12086.084074137621	12942.829779388685
0.9116476833777553	1796.2786244101237	1.858311527369962e27	12099.12165532204	12942.194255595348
0.91265502888425	1785.1483083396945	1.8762122406948005e27	12112.158597152857	12941.56039993156
0.9136623743907447	1773.9781940168355	1.8944612807911254e27	12125.194901320989	12940.928233363691
0.9146697198972394	1762.767732346455	1.9130689135980582e27	12138.230569538791	12940.297777574478
0.9156770654037343	1751.5163637325218	1.932045812182528e27	12151.265603540847	12939.669055009881
0.916684410910229	1740.2235178362841	1.951403077438581e27	12164.300005084753	12939.042088888724
0.9176917564167237	1728.8886134158247	1.971152259685057e27	12177.333775951754	12938.416902943873
0.9186991019232185	1717.5110581231636	1.99130538156733e27	12190.366917947484	12937.793521967094
0.9197064474297133	1706.090248327144	2.011874962988897e27	12203.399432903097	12937.171971762182
0.920713792936208	1694.6255689800423	2.0328740463331042e27	12216.431322676217	12936.552279111445
0.9217211384427028	1683.1163934645426	2.0543162238910744e27	12229.462589151946	12935.934471830698
0.9227284839491976	1671.562083426519	2.0762156688569102e27	12242.493234243999	12935.31857882638
0.9237358294556923	1659.9619887055119	2.098587163935222e27	12255.523259895725	12934.70463016199
0.924743174962187	1648.3154472232761	2.1214461373837275e27	12268.552668081413	12934.092657124453
0.9257505204686818	1636.6217847699272	2.1448086958483572e27	12281.581460807503	12933.482692290561
0.9267578659751766	1624.8803150667366	2.16869166448359e27	12294.609640113926	12932.874769611042
0.9277652114816713	1613.0903397041145	2.1931126260194344e27	12307.637208075545	12932.26892449188
0.9287725569881661	1601.2511481166162	2.2180899643411522e27	12320.664166803657	12931.665193883417
0.9297799024946608	1589.3620176078336	2.2436429104030074e27	12333.690518447589	12931.063616376001
0.9307872480011556	1577.4222133958529	2.269791592869286e27	12346.716265196465	12930.464232301434
0.9317945935076504	1565.4309887611835	2.2965570875051596e27	12359.741409280847	12929.867083846513
0.9328019390141451	1553.3875851383307	2.3239614794315905e27	12372.76595297492	12929.272215168186
0.9338092845206398	1541.2912324026122	2.3520279175174515e27	12385.78989859826	12928.679672525586
0.9348166300271347	1529.1411491076265	2.3807806856589007e27	12398.813248518258	12928.089504416024
0.9358239755336294	1516.9365428880005	2.410245267374022e27	12411.836005152309	12927.501761726473
0.9368313210401241	1504.676610750933	2.4404484255226738e27	12424.858170970336	12926.916497886936
0.9378386665466188	1492.3605397892377	2.4714182809592494e27	12437.879748497438	12926.33376905308
0.9388460120531137	1479.9875077683996	2.503184400686433e27	12450.900740316747	12925.753634291166
0.9398533575596084	1467.556683900225	2.535777891688343e27	12463.921149072437	12925.17615578128
0.9408607030661031	1455.0672297616309	2.5692315021427425e27	12476.940977472963	12924.601399037863
0.941868048572598	1442.518300362937	2.603579733867634e27	12489.960228294636	12924.029433148084
0.9428753940790927	1429.9090454234054	2.6388589544188344e27	12502.978904385098	12923.46033103121
0.9438827395855874	1417.2386108117737	2.675107535071938e27	12515.997008667693	12922.894169718871
0.9448900850920822	1404.5061402633917	2.712365981189855e27	12529.014544145422	12922.33103066047
0.945897430598577	1391.7107773369341	2.7506770876644245e27	12542.031513905706	12921.770999935225
0.9469047761050717	1378.8516677089353	2.7900861025103187e27	12555.047921124893	12921.21416809466
0.9479121216115665	1365.9279617923505	2.830640908350059e27	12568.063769073562	12920.660631591752
0.9489194671180612	1352.9388175047093	2.872392204263937e27	12581.079061122151	12920.110492845124
0.949926812624556	1339.8834039191543	2.915393732842002e27	12594.093800747673	12919.563860613202
0.9509341581310508	1326.7609051080424	2.9597025016683993e27	12607.107991540015	12919.020850489826
0.9519415036375455	1313.5705246185403	3.005379038810467e27	12620.12163720921	12918.481585447871
0.9529488491440402	1300.3114905602122	3.0524876663980004e27	12633.134741593094	12917.946196430168
0.953956194650535	1286.9830614365367	3.1010968043562276e27	12646.147308665699	12917.414822996618
0.9549635401570298	1273.5845327821867	3.1512793020079347e27	12659.159342546356	12916.88761402875
0.9559708856635245	1260.115071926753	3.203112801324808e27	12672.170847507494	12916.36472183701
0.9569782311700192	1246.5730841066595	3.256680138879717e27	12685.181827965787	12915.846279045003
0.9579855766765141	1232.9567058600107	3.312069787052881e27	12698.192288470022	12915.33241988313
0.9589929221830088	1219.26400066531	3.369376341464144e27	12711.202233709444	12914.823289028536
0.9600002676895035	1205.4929546773553	3.4287010607787484e27	12724.211668524751	12914.319042651192
0.9610076131959984	1191.6414720205373	3.4901524625126514e27	12737.220597920208	12913.819849584946
0.9620149587024931	1177.707369923567	3.553846987221278e27	12750.229027077097	12913.325892653362
0.9630223042089878	1163.6883734448077	3.619909733393605e27	12763.236961368528	12912.837370165314
0.9640296497154826	1149.58210968441	3.688475278035384e27	12776.24440637587	12912.354497601264
0.9650369952219774	1135.3861015448338	3.75968859257713e27	12789.251367907022	12911.877509527278
0.9660443407284721	1121.0977609944161	3.833706064616592e27	12802.25785201666	12911.40666176916
0.9670516862349668	1106.7143817310946	3.9106966446448187e27	12815.26386502891	12910.942233888967
0.9680590317414616	1092.2331312044535	3.9908431339991085e27	12828.26941356263	12910.484532013375
0.9690663772479564	1077.6510419331883	4.074343633646613e27	12841.274504559782	12910.033892072826
0.9700737227544511	1062.9650020255046	4.161413179026132e27	12854.27914531727	12909.590683521397
0.9710810682609459	1048.1717448209895	4.252285589096916e27	12867.283343522822	12909.155313558409
0.9720884137674406	1033.2678375849057	4.347215563067841e27	12880.287107294937	12908.72823096388
0.9730957592739354	1018.2496690098362	4.4464810688370715e27	12893.29044522812	12908.309933224009
0.9741031047804302	1003.1134355857896	4.5503860434006934e27	12906.293366445077	12907.90097313209
0.9751104502869249	987.8551262893228	4.659263528197538e27	12919.29588065652	12907.501966184636
0.9761177957934196	972.4705061658105	4.7734792175060656e27	12932.297998228423	12907.11359964816
0.9771251412999145	956.9550978018732	4.893435565112538e27	12945.299730259609	12906.736643204038
0.9781324868064092	941.304160862089	5.019576520174766e27	12958.301088670863	12906.371961512159
0.9791398323129039	925.5126692185692	5.15239303278687e27	12971.302086308207	12906.020529094005
0.9801471778193988	909.575285734305	5.292429404960967e27	12984.302737061547	12905.68344805213
0.9811545233258935	893.486333592359	5.440290787230694e27	12997.303056004317	12905.361969243795
0.9821618688323882	877.2397644908863	5.59665190255048e27	13010.303059555405	12905.057517726163
0.9831692143388829	860.82912276285	5.76226733016582e27	13023.302765669416	12904.771723478902
0.9841765598453778	844.2475047174771	5.937983697250374e27	13036.30219406154	12904.506458699347
0.9851839053518725	827.4875126575872	6.124754150389798e27	13049.301366473626	12904.263883338874
0.9861912508583672	810.5412025292391	6.323655651943655e27	13062.300306991248	12904.046501035597
0.987198596364862	793.4000240518906	6.53590977657345e27	13075.299042423803	12903.857228257406
0.9882059418713568	776.0547524178658	6.762907758370226e27	13088.297602760962	12903.699480362642
0.9892132873778515	758.49540866933	7.006241106965454e27	13101.29602172909	12903.577279827052
0.9902206328843463	740.7111683328677	7.267738928829733e27	13114.29433746885	12903.495394105013
0.991227978390841	722.6902549506265	7.549513992645046e27	13127.292593368471	12903.459506869867
0.9922353238973358	704.4198151297871	7.854019945475597e27	13140.290839094741	12903.476442118861
0.9932426694038305	685.8857715679701	8.184122922869653e27	13153.289131880956	12903.55445421333
0.9942500149103253	667.0726485708956	8.543192108214162e27	13166.287538151635	12903.70360788191
0.9952573604168201	647.9633642851156	8.93521501468453e27	13179.286135585502	12903.936282017923
0.9962647059233148	628.5389800052641	9.364946331354779e27	13192.285015772623	12904.267845733611
0.9972720514298096	608.7783966328066	9.838101656838166e27	13205.284287664384	12904.71757758777
0.9982793969363043	588.657982912263	1.036161312912195e28	13218.284082114753	12905.309933597122
0.9992867424427991	568.1511154932292	1.094397134388038e28	13231.284557940106	12906.07632428211
1.0002940879492939	547.2276038549966	1.15956893738257e28	13244.285910123832	12907.057648986818
1.0013014334557886	525.8529620662921	1.2329943097179044e28	13257.288381112336	12908.307980960137
1.0023087789622833	503.98747363059607	1.3163471299642483e28	13270.292276657858	12909.900043012824
1.003316124468778	481.58497211523405	1.4117866971996005e28	13283.297988496788	12911.93354417424
1.0043234699752728	458.59122081330713	1.5221475217082651e28	13296.30602760821	12914.548218879829
1.0053308154817677	434.94171789537415	1.651225588103609e28	13309.317074260138	12917.944878940125
1.0063381609882625	410.55864970742545	1.8042237242653174e28	13322.332055730212	12922.420723404524