0.	10000.	1.98847e26	0.	11947.778103686114
0.0010871632607948392	9971.47807192474	1.9901418068392848e26	12.992264796084786	11953.410306966942
0.0021743265215896784	9943.210753936068	1.9918194662983363e26	25.990546395335276	11958.847530575553
0.0032614897823845176	9915.213092690537	1.9935029271520606e26	38.99463483436317	11964.09348167405
0.004348653043179357	9887.500175071229	1.995192140156886e26	52.00432420279869	11969.151908991096
0.005435816303974196	9860.087093394499	1.9968870577927966e26	65.01941268713063	11974.026600387098
0.006522979564769035	9832.988905043405	1.9985876340696674e26	78.03970261315558	11978.721382817748
0.0076101428255638745	9806.220588382095	2.000293824312401e26	91.06500048825356	11983.240121872097
0.008697306086358714	9779.796998782083	2.0020055850003492e26	104.09511704276008	11987.586719643536
0.009784469347153553	9753.732820043551	2.0037228735883934e26	117.12986726603285	11991.765109103078
0.010871632607948392	9728.042512000826	2.0054456483673132e26	130.16907044005399	11995.779254788184
0.011958795868743231	9702.740254853554	2.007173868331774e26	143.21255017394745	11999.63315080956
0.01304595912953807	9677.839895130333	2.008907493066941e26	156.2601344330928	12003.33081691505
0.01413312239033291	9653.354872300179	2.0106464826484052e26	169.3116555656804	12006.876295223283
0.015220285651127749	9629.298210800429	2.0123907975418585e26	182.36695032200382	12010.273640564195
0.016307448911922588	9605.682420761983	2.0141403985377583e26	195.42585986769552	12013.526922645717
0.017394612172717427	9582.519436678393	2.015895246683229e26	208.48822979992534	12016.640221554657
0.018481775433512267	9559.820563735155	2.0176553032336937e26	221.55391015422128	12019.61762142046
0.019568938694307106	9537.596420491096	2.0194205296136657e26	234.62275540543476	12022.463204800975
0.020656101955101945	9515.856883817698	2.0211908873869436e26	247.69462446413763	12025.181048215167
0.021743265215896784	9494.611034265488	2.0229663382416408e26	260.7693806674228	12027.775216740361
0.022830428476691624	9473.867108837561	2.0247468439826757e26	273.84689176115563	12030.2497576731
0.023917591737486463	9453.632452888292	2.0265323665147335e26	286.927029882606	12032.60869430929
0.025004754998281302	9433.91348102227	2.0283228678784357e26	300.00967152432224	12034.856020212686
0.02609191825907614	9414.71564015214	2.0301183102620028e26	313.0946975004637	12036.995693320523
0.02717908151987098	9396.043378862207	2.0319186560090702e26	326.1819929085341	12039.031630306969
0.02826624478066582	9377.900123383164	2.0337238676595484e26	339.2714470784913	12040.96770031143
0.02935340804146066	9360.288259944457	2.0355339079840622e26	352.3629535178628	12042.807719298995
0.030440571302255498	9343.378663091531	2.0373487355818504e26	365.4564043880422	12044.538271386471
0.03152773456305034	9326.997002248096	2.0391682986001544e26	378.5516831257297	12046.181406426229
0.032614897823845176	9310.942000160989	2.0409925746679352e26	391.6487127966862	12047.76020290577
0.033702061084640016	9295.188081023865	2.04282154748226e26	404.7474260318035	12049.279296298297
0.034789224345434855	9279.712993890924	2.044655203095344e26	417.8477601783074	12050.742747179142
0.035876387606229694	9264.497219979652	2.046493529629494e26	430.94965673161295	12052.154140499944
0.03696355086702453	9249.523512082029	2.048336517019987e26	444.05306086219645	12053.516663337085
0.03805071412781937	9234.776529802308	2.05018415682634e26	457.1579210176829	12054.833166757431
0.03913787738861421	9220.242549111319	2.052036442041724e26	470.2641885855486	12056.106215553184
0.04022504064940905	9205.909226678488	2.0538933669613417e26	483.37181760470025	12057.338128553443
0.04131220391020389	9191.76540780248	2.055754927055931e26	496.48076451655714	12058.531011759289
0.04239936717099873	9177.800967730054	2.0576211188550743e26	509.5909879490649	12059.686785832115
0.04348653043179357	9164.006679694441	2.0594919398649672e26	522.7024485281194	12060.807209086308
0.04457369369258841	9150.374104461023	2.0613673884732806e26	535.8151087117328	12061.893896721407
0.04566085695338325	9136.895496866933	2.0632474638900806e26	548.928932643743	12062.948337242871
0.046748020214178086	9123.563726282628	2.065132166076779e26	562.0438860238296	12063.971906597062
0.047835183474972925	9110.372208952145	2.0670214956871686e26	575.1599359918672	12064.965880129095
0.048922346735767765	9097.314849240376	2.068915454033161e26	588.2770510243465	12065.931442991037
0.050009509996562604	9084.385989440945	2.070814043023545e26	601.3952008412847	12066.869699135292
0.05109667325735744	9071.580365948112	2.0727172651218787e26	614.5143563223604	12067.781679176356
0.05218383651815228	9058.893070602586	2.0746251233271705e26	627.6344894309841	12068.66834730571
0.05327099977894712	9046.319517658536	2.076537621133894e26	640.7555731455146	12069.530607260904
0.05435816303974196	9033.855413954667	2.0784547624932055e26	653.8775813963473	12070.369307670371
0.0554453263005368	9021.496732645619	2.080376551806585e26	667.0004890087426	12071.185246942718
0.05653248956133164	9009.239690420236	2.0823029938729384e26	680.1242716505005	12071.979177414496
0.05761965282212648	8997.080726950911	2.0842340938919518e26	693.2489057842565	12072.751809098423
0.05870681608292132	8985.01648603492	2.086169857435306e26	706.3743686228312	12073.503813087056
0.05979397934371616	8973.043799629646	2.0881102904259138e26	719.5006380889421	12074.235824548454
0.060881142604510996	8961.159673008666	2.0900553991280868e26	732.6276927775587	12074.948445456892
0.061968305865305835	8949.361271570004	2.0920051901109734e26	745.7555119211837	12075.642247060365
0.06305546912610067	8937.64590855784	2.0939596702672076e26	758.8840753576998	12076.317772086475
0.06414263238689552	8926.011034535892	2.0959188467717655e26	772.0133635003666	12076.975536777598
0.06522979564769035	8914.454227492484	2.0978827270828747e26	785.1433573101997	12077.616032722186
0.06631695890848519	8902.973183789518	2.099851318924375e26	798.2740382699809	12078.239728551349
0.06740412216928003	8891.565710370109	2.1018246302844754e26	811.4053883600982	12078.847071157274
0.06849128543007488	8880.229717009997	2.1038026693999963e26	824.5373900356102	12079.43848729164
0.06957844869086971	8868.963209801997	2.105785444735386e26	837.6700262054065	12080.014385014088
0.07066561195166454	8857.764284534238	2.107772965001652e26	850.8032802121692	12080.57515483442
0.07175277521245939	8846.631121353197	2.109765239130721e26	863.9371358141439	12081.121170697297
0.07283993847325423	8835.561979593855	2.1117622762572903e26	877.0715771675416	12081.652790984204
0.07392710173404907	8824.555192637095	2.1137640857402607e26	890.2065888101852	12082.170359458794
0.0750142649948439	8813.609163746878	2.1157706771317047e26	903.3421556460157	12082.674206076108
0.07610142825563875	8802.722361887538	2.1177820601771893e26	916.4782629305072	12083.1646477758
0.07718859151643359	8791.893317769218	2.1197982448374996e26	929.6148962571143	12083.641989237316
0.07827575477722842	8781.120620660171	2.1218192412229115e26	942.7520415440578	12084.10652353059
0.07936291803802326	8770.402914820177	2.1238450596505828e26	955.8896850221308	12084.558532757808
0.0804500812988181	8759.738896650912	2.125875710607946e26	969.0278132231658	12084.998288634446
0.08153724455961295	8749.127311894852	2.1279112047430487e26	982.1664129689964	12085.42605301148
0.08262440782040778	8738.566952856227	2.1299515528892788e26	995.3054713609765	12085.84207833566
0.08371157108120261	8728.056656314679	2.13199676602737e26	1008.4449757698841	12086.246607961848
0.08479873434199746	8717.595300848961	2.1340468553050147e26	1021.5849138265096	12086.639876988282
0.0858858976027923	8707.181804825983	2.1361018320415594e26	1034.7252734129552	12087.022112520819
0.08697306086358714	8696.815124506815	2.1381617076806487e26	1047.8660426539802	12087.393534029292
0.08806022412438197	8686.49425215932	2.140226493834905e26	1061.0072099089862	12087.754353713632
0.08914738738517682	8676.218214166462	2.1422962022663567e26	1074.148763764225	12088.10477685112
0.09023455064597166	8665.986069626586	2.144370844875035e26	1087.2906930255615	12088.445002133767
0.0913217139067665	8655.796908666429	2.1464504337072225e26	1100.432986711341	12088.775221898693
0.09240887716756133	8645.649851073464	2.148534980937964e26	1113.575634045753	12089.095622484188
0.09349604042835617	8635.544044827824	2.150624498905549e26	1126.7186244524523	12089.406384480253
0.09458320368915102	8625.478665077913	2.1527190000496584e26	1139.8619475483797	12089.707682972105
0.09567036694994585	8615.452912426994	2.1548184969804846e26	1153.0055931379343	12089.999687794025
0.09675753021074068	8605.46601248929	2.1569230024021058e26	1166.1495512074223	12090.282563758485
0.09784469347153553	8595.51721421242	2.1590325291802586e26	1179.2938119196706	12090.556470821919
0.09893185673233038	8585.605789350331	2.1611470902901218e26	1192.4383656087928	12090.82156422161
0.10001901999312521	8575.731031173613	2.1632666988397434e26	1205.5832027752795	12091.077994734911
0.10110618325392004	8565.892253563607	2.1653913680676e26	1218.728314081183	12091.325908913013
0.10219334651471489	8556.088790480695	2.167521111318742e26	1231.8736903456852	12091.565449271173
0.10328050977550973	8546.319994691954	2.1696559420868675e26	1245.0193225407543	12091.79675439209
0.10436767303630456	8536.585237540534	2.171795873954101e26	1258.165201786942	12092.019959049714
0.1054548362970994	8526.883907547644	2.17394092066048e26	1271.3113193493502	12092.23519441706
0.10654199955789424	8517.215410514526	2.1760910960234194e26	1284.4576666337748	12092.442588169226
0.10762916281868909	8507.579168047545	2.1782464140193764e26	1297.6042351829747	12092.642264636206
0.10871632607948392	8497.974617693724	2.180406888700136e26	1310.751016673165	12092.834344927105
0.10980348934027875	8488.401211724136	2.1825725342713733e26	1323.8980029103686	12093.018946993638
0.1108906526010736	8478.858417082993	2.184743365018011e26	1337.0451858273593	12093.196185809353
0.11197781586186845	8469.345714403884	2.1869193953746127e26	1350.1925574802553	12093.36617346255
0.11306497912266328	8459.862597857138	2.1891006398532838e26	1363.3401100455242	12093.529019255075
0.11415214238345811	8450.408574343688	2.191287113115016e26	1376.487835816986	12093.684829824486
0.11523930564425296	8440.983163404539	2.193478829893162e26	1389.6357272029675	12093.833709165945
0.1163264689050478	8431.585896345863	2.1956758050739654e26	1402.7837767234844	12093.975758733532
0.11741363216584264	8422.216316383247	2.1978780536101797e26	1415.931977007503	12094.111077544103
0.11850079542663747	8412.873977516214	2.2000855906083876e26	1429.080320790373	12094.239762308194
0.11958795868743231	8403.55844483119	2.2022984312421548e26	1442.228800911342	12094.361907501981
0.12067512194822716	8394.269293582372	2.2045165908329207e26	1455.3774103111557	12094.477605376822
0.12176228520902199	8385.006109365204	2.2067400847760428e26	1468.5261420297252	12094.586946087886
0.12284944846981682	8375.768487185698	2.208968928603342e26	1481.6749892038758	12094.690017749845
0.12393661173061167	8366.556031668973	2.211203137932651e26	1494.8239450651313	12094.786906511108
0.12502377499140652	8357.368356448827	2.213442728502105e26	1507.9730029376055	12094.87769658414
0.12611093825220135	8348.205084029181	2.2156877161527917e26	1521.122156235943	12094.962470314033
0.12719810151299618	8339.06584537121	2.21793811682541e26	1534.271398463336	12095.041308262496
0.12828526477379104	8329.950279601611	2.2201939465850988e26	1547.4207232097513	12095.114289251695
0.12937242803458587	8320.858034017585	2.2224552215757794e26	1560.5701241496008	12095.181490440662
0.1304595912953807	8311.788763452716	2.2247219580819882e26	1573.7195950406342	12095.242987297319
0.13154675455617554	8302.742130464563	2.2269941724536397e26	1586.8691297215744	12095.298853727822
0.13263391781697037	8293.717804615932	2.2292718811833648e26	1600.0187221107115	12095.349162104048
0.13372108107776523	8284.715462719827	2.2315551008386956e26	1613.1683662041726	12095.393983315225
0.13480824433856006	8275.734788263111	2.2338438481258915e26	1626.3180560743626	12095.433386740599
0.1358954075993549	8266.77547154527	2.2361381398142453e26	1639.467785868367	12095.467440337115
0.13698257086014975	8257.837209058827	2.238437992822397e26	1652.6175498063624	12095.496210723211
0.1380697341209446	8248.919703738376	2.2407434241359947e26	1665.7673421802324	12095.519763205664
0.13915689738173942	8240.022664456375	2.2430544508699822e26	1678.9171573522128	12095.538161809041
0.14024406064253425	8231.145806005123	2.2453710902371875e26	1692.0669897533985	12095.551469260556
0.14133122390332908	8222.288849010438	2.247693359541651e26	1705.2168338824067	12095.55974708945
0.14241838716412394	8213.451519362636	2.2500212762237448e26	1718.3666843041515	12095.563055640416
0.14350555042491878	8204.633548648924	2.2523548577869158e26	1731.516535648521	12095.561454126724
0.1445927136857136	8195.834673453088	2.2546941218841336e26	1744.6663826090905	12095.555000594053
0.14567987694650847	8187.0546356599425	2.257039086235216e26	1757.8162199419796	12095.543752012374
0.1467670402073033	8178.293182015842	2.259389768689383e26	1770.9660424647216	12095.527764293716
0.14785420346809813	8169.550064037975	2.261746187196098e26	1784.1158450550151	12095.507092332979
0.14894136672889297	8160.825038111454	2.2641083597905016e26	1797.2656226496558	12095.481789991401
0.1500285299896878	8152.117864946859	2.2664763046510388e26	1810.4153702435335	12095.451910147185
0.15111569325048266	8143.428309905497	2.268850040016922e26	1823.5650828884998	12095.417504734993
0.1522028565112775	8134.756142503331	2.27122958428072e26	1836.714755692252	12095.37862477075
0.15329001977207232	8126.101136602704	2.2736149559079956e26	1849.8643838176404	12095.335320342803
0.15437718303286718	8117.463070221077	2.2760061734660586e26	1863.0139624812387	12095.287640612465
0.15546434629366201	8108.841725190057	2.278403255660558e26	1876.1634869528152	12095.235633903736
0.15655150955445685	8100.236887415049	2.2808062212620513e26	1889.312952554105	12095.179347725445
0.15763867281525168	8091.648346416459	2.2832150891935095e26	1902.4623546580422	12095.118828759569
0.1587258360760465	8083.075895632797	2.2856298784381712e26	1915.6116886879681	12095.05412286597
0.15981299933684137	8074.5193318472675	2.2880506081316226e26	1928.7609501164927	12094.985275138844
0.1609001625976362	8065.978455525198	2.290477297490597e26	1941.9101344650494	12094.912329920993
0.16198732585843104	8057.453070605947	2.292909965826251e26	1955.0592373026784	12094.835330813676
0.1630744891192259	8048.94298421923	2.2953486325977278e26	1968.2082542455205	12094.754320663276
0.16416165238002073	8040.448006966726	2.2977933173265666e26	1981.35718095594	12094.669341628072
0.16524881564081556	8031.96795237852	2.30024403968876e26	1994.5060131416324	12094.580435180507
0.1663359789016104	8023.502637259571	2.3027008194410827e26	2007.6547465551957	12094.48764212334
0.16742314216240523	8015.051881503912	2.305163676438407e26	2020.8033769930232	12094.391002570688
0.16851030542320009	8006.61550776034	2.307632630685596e26	2033.9519002949269	12094.290556008647
0.16959746868399492	7998.193341731121	2.310107702260614e26	2047.1003123432513	12094.186341303825
0.17068463194478975	7989.785211946183	2.312588911357419e26	2060.2486090622056	12094.078396711948
0.1717717952055846	7981.390949593849	2.3150762783011592e26	2073.3967864173746	12093.96675985974
0.17285895846637944	7973.010388666749	2.3175698234956846e26	2086.544840414781	12093.851467793498
0.17394612172717427	7964.643365648313	2.320069567497944e26	2099.6927671005647	12093.7325569826
0.1750332849879691	7956.289719719444	2.3225755309424624e26	2112.840562560083	12093.610063337128
0.17612044824876394	7947.94929262735	2.3250877345758434e26	2125.9882229174555	12093.484022203107
0.1772076115095588	7939.62192839254	2.3276061992889073e26	2139.135744335019	12093.354468403213
0.17829477477035363	7931.307473579797	2.3301309460500014e26	2152.2831230125894	12093.221436245156
0.17938193803114846	7923.005777093103	2.3326619959518214e26	2165.4303551870294	12093.084959519858
0.18046910129194332	7914.716690070355	2.335199370214446e26	2178.577437131701	12092.945071491047
0.18155626455273816	7906.4400659731255	2.3377430901454427e26	2191.724365155759	12092.801804946586
0.182643427813533	7898.175760337114	2.340293177205989e26	2204.8711356038953	12092.655192200442
0.18373059107432782	7889.923631000712	2.3428496529357745e26	2218.0177448555232	12092.505265089962
0.18481775433512265	7881.683537808554	2.345412538998904e26	2231.1641893244855	12092.352054971696
0.1859049175959175	7873.455342684818	2.3479818571990226e26	2244.3104654585163	12092.195592763801
0.18699208085671234	7865.23890959009	2.3505576294257735e26	2257.4565697386456	12092.035908953801
0.18807924411750718	7857.034104513382	2.353139877688429e26	2270.6024986787843	12091.873033583353
0.18916640737830204	7848.840795181273	2.3557286241427527e26	2283.7482488253636	12091.706996254867
0.19025357063909687	7840.658851499248	2.3583238910184218e26	2296.893816756764	12091.537826171918
0.1913407338998917	7832.488144936559	2.360925700710762e26	2310.039199082808	12091.365552138175
0.19242789716068653	7824.3285489401305	2.3635340757090186e26	2323.1843924444515	12091.19020254445
0.19351506042148137	7816.179938776827	2.3661490386062122e26	2336.329393513346	12091.011805361322
0.19460222368227623	7808.042191289985	2.3687706121510178e26	2349.474198991309	12090.830388179527
0.19568938694307106	7799.915185168509	2.3713988191875287e26	2362.618805609878	12090.645978238459
0.1967765502038659	7791.79880073488	2.3740336826850478e26	2375.76321013012	12090.458602392813
0.19786371346466075	7783.692919899055	2.3766752257522303e26	2388.9074093420513	12090.268287137376
0.19895087672545558	7775.597426279412	2.3793234715883978e26	2402.0514000645667	12090.075058621005
0.20003803998625042	7767.512204921352	2.3819784435461018e26	2415.1951791441074	12089.87894265845
0.20112520324704525	7759.437142494394	2.3846401650943878e26	2428.33874345555	12089.679964690822
0.20221236650784008	7751.372127210026	2.3873086598065064e26	2441.4820899011124	12089.478149838465
0.20329952976863494	7743.317048733052	2.389983951399054e26	2454.625215410157	12089.273522897322
0.20438669302942977	7735.271798120087	2.392666063718773e26	2467.7681169388147	12089.066108355519
0.2054738562902246	7727.236268002351	2.3953550207069987e26	2480.910791469493	12088.855930352578
0.20656101955101946	7719.210352217615	2.3980508464769305e26	2494.0532360110246	12088.643012731258
0.2076481828118143	7711.193946091254	2.400753565242039e26	2507.195447597828	12088.427379038436
0.20873534607260913	7703.1869463545245	2.4034632013285338e26	2520.337423289729	12088.209052530834
0.20982250933340396	7695.189250841168	2.4061797792349443e26	2533.4791601717147	12087.988056139417
0.2109096725941988	7687.200758873024	2.408903323560618e26	2546.6206553535358	12087.764412528233
0.21199683585499365	7679.2213710204815	2.4116338590217032e26	2559.761905969394	12087.538144086451
0.21308399911578849	7671.250989029988	2.4143714104907727e26	2572.902909177759	12087.309272921815
0.21417116237658332	7663.289515892199	2.4171160029686803e26	2586.0436621608783	12087.077820853343
0.21525832563737818	7655.336855874973	2.419867661561221e26	2599.184162124675	12086.843809447822
0.216345488898173	7647.392914289812	2.422626411543563e26	2612.324406298336	12086.60726001623
0.21743265215896784	7639.45759768486	2.4253922783083756e26	2625.464391934042	12086.368193603304
0.21851981541976268	7631.530813811405	2.4281652873603747e26	2638.6041163067916	12086.1266309952
0.2196069786805575	7623.612471364856	2.4309454643814706e26	2651.74357671396	12085.882592734315
0.22069414194135237	7615.702480254904	2.4337328351634266e26	2664.8827704752052	12085.636099135367
0.2217813052021472	7607.800751518974	2.436527425617907e26	2678.021694932084	12085.387170256281
0.22286846846294203	7599.907197044883	2.439329261837143e26	2691.160347447826	12085.135825923027
0.2239556317237369	7592.021729973683	2.4421383700210044e26	2704.2987254071263	12084.882085700505
0.22504279498453172	7584.144264459928	2.4449547764949324e26	2717.4368262157855	12084.625968869916
0.22612995824532656	7576.274715561901	2.447778507764769e26	2730.5746473003906	12084.367494486489
0.2272171215061214	7568.4129993405095	2.4506095904461697e26	2743.7121861081846	12084.10668143267
0.22830428476691622	7560.559032886909	2.4534480512868074e26	2756.8494401068233	12083.843548394378
0.22939144802771108	7552.712734132707	2.4562939172149866e26	2769.986406784164	12083.57811385045
0.2304786112885059	7544.874022031662	2.4591472152737796e26	2783.123083648032	12083.31039604084
0.23156577454930075	7537.042816425317	2.4620079726410208e26	2796.259468225973	12083.04041301363
0.2326529378100956	7529.2190381066475	2.4648762166469264e26	2809.39555806505	12082.768182619948
0.23374010107089044	7521.402608647201	2.4677519747884712e26	2822.531350731627	12082.493722513194
0.23482726433168527	7513.593450589562	2.4706352746680025e26	2835.6668438111187	12082.217050130717
0.2359144275924801	7505.791487320781	2.473526144060602e26	2848.802034907857	12081.93818272934
0.23700159085327493	7497.996642997351	2.476424610897735e26	2861.9369216447767	12081.657137379838
0.2380887541140698	7490.208842682077	2.4793307032264903e26	2875.0715016632853	12081.373930967058
0.23917591737486463	7482.428012244693	2.482244449256996e26	2888.2057726230323	12081.08858017658
0.24026308063565946	7474.654078274183	2.48516587737245e26	2901.3397322017227	12080.801101520827
0.24135024389645432	7466.886968273069	2.4880950160720265e26	2914.4733780949196	12080.51151134742
0.24243740715724915	7459.126610514833	2.4910318940089252e26	2927.6067080158614	12080.219825819902
0.24352457041804398	7451.372933864942	2.493976540024081e26	2940.7397196952634	12079.9260609158
0.24461173367883882	7443.625868094846	2.4969289830774396e26	2953.8724108811202	12079.630232457323
0.24569889693963365	7435.885343726823	2.4998892522761823e26	2967.0047793385393	12079.332356110544
0.2467860602004285	7428.151291893786	2.5028573769220914e26	2980.13682284956	12079.032447358002
0.24787322346122334	7420.423644547019	2.5058333864459553e26	2993.2685392129765	12078.730521524294
0.24896038672201817	7412.702334327443	2.5088173104197773e26	3006.3999262441594	12078.426593780743
0.25004754998281303	7404.987294484554	2.5118091786102867e26	3019.5309817748816	12078.12067915031
0.25113471324360787	7397.278459001255	2.5148090209286538e26	3032.6617036531516	12077.812792484121
0.2522218765044027	7389.575762620693	2.5178168674225463e26	3045.792089743055	12077.502948490861
0.25330903976519753	7381.879140616533	2.5208327483293162e26	3058.9221379245946	12077.19116172925
0.25439620302599236	7374.188528905739	2.523856694049045e26	3072.0518460935177	12076.877446624654
0.2554833662867872	7366.503864152815	2.5268887351158153e26	3085.1812121611533	12076.561817434353
0.2565705295475821	7358.825083616496	2.5299289022451293e26	3098.3102340542378	12076.24428820969
0.2576576928083769	7351.152125151764	2.532977226333605e26	3111.4389097146977	12075.924872855578
0.25874485606917175	7343.484927251964	2.536033738421388e26	3124.567237099521	12075.603585202962
0.2598320193299666	7335.823428987741	2.5390984697106694e26	3137.6952141806623	12075.28043892855
0.2609191825907614	7328.167570056246	2.542171451571523e26	3150.822838944875	12074.955447586271
0.26200634585155624	7320.517290637997	2.5452527155746412e26	3163.950109393579	12074.6286245956
0.2630935091123511	7312.872531598883	2.5483422934249044e26	3177.0770235427103	12074.299983255803
0.2641806723731459	7305.233234389792	2.5514402169951972e26	3190.2035794225917	12073.969536717519
0.26526783563394074	7297.59934084985	2.5545465183687342e26	3203.329775077775	12073.637298007643
0.26635499889473563	7289.970793490855	2.5576612297713636e26	3216.4556085669074	12073.303280036864
0.26744216215553046	7282.347535398134	2.5607843835900448e26	3229.5810779625986	12072.967495596402
0.2685293254163253	7274.729510082633	2.5639160124250597e26	3242.706181351292	12072.629957334535
0.2696164886771201	7267.116661649857	2.5670561490346967e26	3255.830916833135	12072.290677792227
0.27070365193791496	7259.508934736454	2.5702048263326686e26	3268.9552825218398	12071.949669397438
0.2717908151987098	7251.906274410202	2.5733620774424328e26	3282.0792765445553	12071.606944457764
0.2728779784595046	7244.30862626075	2.5765279356651803e26	3295.202897041745	12071.262515153625
0.2739651417202995	7236.715936427908	2.5797024344671754e26	3308.3261421670636	12070.916393563324
0.27505230498109434	7229.128151534774	2.5828856074885553e26	3321.449010087234	12070.568591658515
0.2761394682418892	7221.545218633195	2.586077488565483e26	3334.5714989819503	12070.219121295964
0.277226631502684	7213.967085229995	2.5892781117316686e26	3347.693607043641	12069.867994212698
0.27831379476347884	7206.393699397534	2.5924875111714124e26	3360.8153324776576	12069.515222051077
0.27940095802427367	7198.825009542509	2.595705721293281e26	3373.9366735017184	12069.160816347556
0.2804881212850685	7191.26096457879	2.598932776678451e26	3387.0576283461355	12068.804788533602
0.28157528454586334	7183.70151388572	2.6021687120899245e26	3400.1781952535725	12068.447149930353
0.28266244780665817	7176.146607334811	2.605413562467053e26	3413.2983724789606	12068.087911767472
0.28374961106745306	7168.596195105413	2.6086673629719165e26	3426.4181582893775	12067.727085174456
0.2848367743282479	7161.05022783135	2.6119301489516644e26	3439.537550963937	12067.364681179864
0.2859239375890427	7153.508656654443	2.615201955919932e26	3452.656548793692	12067.000710711858
0.28701110084983755	7145.971433072869	2.6184828196123453e26	3465.7751500815334	12066.635184609273
0.2880982641106324	7138.438508953324	2.6217727759671586e26	3478.893353142087	12066.268113612734
0.2891854273714272	7130.909836614687	2.6250718611006536e26	3492.011156301568	12065.899508316246
0.29027259063222205	7123.38536882185	2.6283801113209642e26	3505.128557897656	12065.529379227572
0.29135975389301694	7115.865058687122	2.631697563146797e26	3518.245556279427	12065.157736785897
0.29244691715381177	7108.348859657493	2.6350242533196986e26	3531.3621498072453	12064.784591358128
0.2935340804146066	7100.8367256533975	2.638360218750756e26	3544.4783368527164	12064.409953220367
0.29462124367540143	7093.328610930153	2.6417054965538654e26	3557.5941157985735	12064.033832550655
0.29570840693619627	7085.824470050807	2.6450601240858197e26	3570.7094850385624	12063.656239443599
0.2967955701969911	7078.324258008416	2.6484241388828987e26	3583.8244429773586	12063.2771839156
0.29788273345778593	7070.827930194646	2.6517975786740446e26	3596.9389880304757	12062.89667589931
0.29896989671858076	7063.335442280174	2.6551804814281923e26	3610.053118624173	12062.514725230592
0.3000570599793756	7055.84675029073	2.6585728853235224e26	3623.1668331953624	12062.131341669963
0.3011442232401705	7048.361810676034	2.6619748287238696e26	3636.280130191527	12061.746534904101
0.3022313865009653	7040.880580192578	2.665386350216947e26	3649.393008070632	12061.36031453875
0.30331854976176015	7033.403015837805	2.6688074886320224e26	3662.505465301038	12060.972690084323
0.304405713022555	7025.929075037724	2.672238282989144e26	3675.6175003614208	12060.583670985185
0.3054928762833498	7018.458715536147	2.6756787725268377e26	3688.7291117406794	12060.193266610393
0.30658003954414464	7010.991895432756	2.6791289966898714e26	3701.8402979378543	12059.801486258599
0.3076672028049395	7003.528573059874	2.6825889951798273e26	3714.951057462045	12059.4083391351
0.30875436606573436	6996.068707119747	2.686058807904448e26	3728.061388832325	12059.013834381523
0.3098415293265292	6988.612256648086	2.6895384749738172e26	3741.171290577668	12058.617981068586
0.31092869258732403	6981.159180929438	2.693028036745182e26	3754.2807612368642	12058.220788199375
0.31201585584811886	6973.7094395373	2.696527533816089e26	3767.389799358441	12057.822264687895
0.3131030191089137	6966.262992410135	2.7000370069819624e26	3780.4984035005878	12057.42241938982
0.3141901823697085	6958.819799779775	2.703556497269152e26	3793.6065722310955	12057.02126109203
0.31527734563050336	6951.379822085667	2.7070860459705793e26	3806.7143041272707	12056.618798515445
0.3163645088912982	6943.943020115762	2.7106256945871707e26	3819.8215977758546	12056.21504030286
0.317451672152093	6936.509354956204	2.7141754848539807e26	3832.928451772956	12055.809995035876
0.3185388354128879	6929.078787968941	2.7177354587271324e26	3846.0348647239457	12055.403671231705
0.31962599867368274	6921.651280745462	2.7213056584312827e26	3859.1408352435506	12054.996077345402
0.3207131619344776	6914.226795138411	2.7248861264271076e26	3872.246361955351	12054.587221762686
0.3218003251952724	6906.805293331258	2.7284769054008338e26	3885.351443492325	12054.177112780659
0.32288748845606724	6899.386737788183	2.7320780382762052e26	3898.4560784963764	12053.765758630212
0.32397465171686207	6891.971091184554	2.7356895682345956e26	3911.5602656181322	12053.353167483432
0.3250618149776569	6884.558316418948	2.7393115387174728e26	3924.66400351714	12052.939347468426
0.3261489782384518	6877.148376695451	2.7429439933942526e26	3937.767290861962	12052.52430664575
0.3272361414992466	6869.741235500645	2.746586976176153e26	3950.8701263297303	12052.108053022172
0.32832330476004146	6862.336856537578	2.7502405312330396e26	3963.9725086061076	12051.690594544352
0.3294104680208363	6854.935203703732	2.753904703011841e26	3977.07443638559	12051.271939101543
0.3304976312816311	6847.536241229671	2.7575795361790144e26	3990.175908371256	12050.852094517291
0.33158479454242595	6840.139933515653	2.7612650756756257e26	4003.2769232743995	12050.43106856028
0.3326719578032208	6832.746245186925	2.7649613667141216e26	4016.37747981491	12050.00886894215
0.3337591210640156	6825.355141150976	2.7686684547474402e26	4029.477576720989	12049.585503326736
0.33484628432481045	6817.96658654956	2.7723863854892527e26	4042.577212729145	12049.160979312404
0.33593344758560534	6810.580546737018	2.776115204908641e26	4055.676386584126	12048.735304444224
0.33702061084640017	6803.196987234186	2.7798549592787317e26	4068.7750970388474	12048.308486211628
0.338107774107195	6795.815873835115	2.7836056951145297e26	4081.873342854339	12047.88053205658
0.33919493736798983	6788.437172585916	2.787367459184446e26	4094.971122799686	12047.451449367949
0.34028210062878467	6781.060849691131	2.7911402985545814e26	4108.0684356519705	12047.021245473385
0.3413692638895795	6773.686871555217	2.7949242605702126e26	4121.165280196217	12046.589927652294
0.34245642715037433	6766.315204833336	2.7987193928329772e26	4134.261655225333	12046.157503135739
0.3435435904111692	6758.9458163961235	2.8025257432206183e26	4147.35755954007	12045.72397911105
0.34463075367196405	6751.578673343703	2.8063433598824898e26	4160.452991948974	12045.289362703776
0.3457179169327589	6744.213742860626	2.810172291287053e26	4173.547951268297	12044.853660989453
0.3468050801935537	6736.850992409978	2.814012586160182e26	4186.642436321964	12044.416880999954
0.34789224345434855	6729.49038965395	2.8178642935113253e26	4199.736445941514	12043.97902972234
0.3489794067151434	6722.131902473076	2.8217274626253203e26	4212.829978966056	12043.54011409399
0.3500665699759382	6714.775498882205	2.825602143104213e26	4225.92303424221	12043.100140998355
0.35115373323673305	6707.421147090054	2.8294883848396816e26	4239.015610624061	12042.659117275898
0.3522408964975279	6700.068815560525	2.833386237989158e26	4252.107706973104	12042.217049725528
0.35332805975832277	6692.718472901544	2.8372957530209327e26	4265.199322158205	12041.77394510396
0.3544152230191176	6685.370087834054	2.841216980724861e26	4278.290455055537	12041.329810109766
0.35550238627991243	6678.023629341401	2.84514997216428e26	4291.381104548535	12040.884651383658
0.35658954954070726	6670.679066584461	2.8490947787051883e26	4304.4712695278295	12040.43847551924
0.3576767128015021	6663.336368917722	2.8530514520062536e26	4317.560948891186	12039.991289077876
0.3587638760622969	6655.995505786444	2.8570200440736454e26	4330.650141543504	12039.543098582524
0.35985103932309176	6648.6564468536935	2.861000607198732e26	4343.738846396738	12039.093910508976
0.36093820258388665	6641.319161959447	2.8649931939802592e26	4356.827062369861	12038.643731294762
0.3620253658446815	6633.983621139984	2.8689978573206572e26	4369.914788388818	12038.192567337515
0.3631125291054763	6626.649794559027	2.8730146504512766e26	4383.002023386486	12037.740424994909
0.36419969236627114	6619.317652486905	2.8770436269412032e26	4396.088766302625	12037.28731057359
0.365286855627066	6611.987165440674	2.881084840648517e26	4409.175016083844	12036.833230345177
0.3663740188878608	6604.658304097215	2.885138345750312e26	4422.260771683554	12036.378190543024
0.36746118214865564	6597.331039216517	2.889204196786528e26	4435.346032061915	12035.922197356424
0.3685483454094505	6590.005341753653	2.893282448604177e26	4448.430796185794	12035.465256942567
0.3696355086702453	6582.681182825237	2.8973731563756567e26	4461.51506302872	12035.007375410269
0.3707226719310402	6575.358533718759	2.9014763755951976e26	4474.598831570846	12034.548558835504
0.371809835191835	6568.0373658488315	2.905592162103187e26	4487.6821007989065	12034.088813255254
0.37289699845262986	6560.717650731797	2.9097205721007887e26	4500.764869706177	12033.628144666924
0.3739841617134247	6553.399360084349	2.9138616621019495e26	4513.847137292452	12033.166559036652
0.3750713249742195	6546.082465759087	2.9180154889667724e26	4526.928902563991	12032.70406228525
0.37615848823501435	6538.76693977556	2.9221821098869912e26	4540.0101645334635	12032.240660302858
0.3772456514958092	6531.452754248641	2.9263615824305776e26	4553.090922219921	12031.776358940982
0.3783328147566041	6524.139881421078	2.9305539645128976e26	4566.171174648749	12031.311164016124
0.3794199780173989	6516.8282937100375	2.9347593143767686e26	4579.250920851629	12030.84508131282
0.38050714127819374	6509.517963677287	2.938977690625262e26	4592.330159866528	12030.378116575277
0.38159430453898857	6502.208863947041	2.9432091522551205e26	4605.408890737653	12029.91027551219
0.3826814677997834	6494.900967326976	2.9474537585964335e26	4618.487112515389	12029.441563801634
0.38376863106057824	6487.594246752204	2.9517115693436294e26	4631.564824256275	12028.971987089057
0.38485579432137307	6480.288675309031	2.9559826445443977e26	4644.642025022963	12028.50155098871
0.3859429575821679	6472.984226178037	2.9602670446329194e26	4657.718713884182	12028.03026107416
0.38703012084296273	6465.68087263333	2.964564830431238e26	4670.794889914695	12027.558122887918
0.3881172841037576	6458.378588121201	2.9688760631120014e26	4683.870552195305	12027.085141942598
0.38920444736455245	6451.077346203059	2.9732008042300376e26	4696.9456998127935	12026.611323713478
0.3902916106253473	6443.777120588907	2.9775391157073403e26	4710.0203318598515	12026.136673628202
0.3913787738861421	6436.477885053767	2.981891059875917e26	4723.094447435051	12025.661197090993
0.39246593714693695	6429.179613486528	2.986256699453766e26	4736.168045642814	12025.184899480273
0.3935531004077318	6421.88227993784	2.99063609752299e26	4749.241125593399	12024.707786147348
0.3946402636685266	6414.58585857275	2.995029317559957e26	4762.313686402895	12024.229862412772
0.3957274269293215	6407.290323603252	2.9994364234732086e26	4775.385727193152	12023.751133566137
0.39681459019011633	6399.9956493941545	3.0038574795457827e26	4788.457247091743	12023.271604861833
0.39790175345091117	6392.7018104243	3.0082925504590156e26	4801.528245231933	12022.791281528294
0.398988916711706	6385.408781294629	3.0127417012901015e26	4814.598720752648	12022.310168765604
0.40007607997250083	6378.1165367074045	3.017204997527013e26	4827.668672798444	12021.82827174441
0.40116324323329566	6370.825051415347	3.0216825051030565e26	4840.738100519523	12021.345595605262
0.4022504064940905	6363.534300327717	3.02617429033572e26	4853.8070030716535	12020.862145459809
0.40333756975488533	6356.244258474354	3.0306804199480445e26	4866.875379616132	12020.377926392215
0.40442473301568016	6348.954900948831	3.0352009611039167e26	4879.943229319749	12019.892943457546
0.40551189627647505	6341.6662029242125	3.039735981402143e26	4893.01055135477	12019.407201681854
0.4065990595372699	6334.37813971043	3.0442855488501615e26	4906.077344898944	12018.920706067016
0.4076862227980647	6327.090686709088	3.0488497318901306e26	4919.143609135452	12018.433461588593
0.40877338605885954	6319.803819443259	3.0534285993818307e26	4932.209343252854	12017.94547319194
0.4098605493196544	6312.517513487518	3.0580222206463787e26	4945.274546445053	12017.456745795605
0.4109477125804492	6305.231744497799	3.062630665451598e26	4958.339217911274	12016.967284291026
0.41203487584124404	6297.946488259362	3.0672540039902463e26	4971.403356856074	12016.477093546158
0.41312203910203893	6290.661720642444	3.0718923069087144e26	4984.466962489308	12015.986178404779
0.41420920236283376	6283.37741763034	3.0765456452893445e26	4997.530034026063	12015.494543683599
0.4152963656236286	6276.0935552481005	3.0812140906971758e26	5010.5925706866465	12015.002194170323
0.4163835288844234	6268.810109603778	3.0858977151544445e26	5023.654571696518	12014.509134628628
0.41747069214521826	6261.527056933043	3.0905965911240793e26	5036.716036286341	12014.015369800289
0.4185578554060131	6254.244373564443	3.095310791533801e26	5049.776963691953	12013.520904403198
0.4196450186668079	6246.962035855639	3.100040389811825e26	5062.837353154284	12013.025743129627
0.42073218192760276	6239.680020262902	3.104785459847446e26	5075.897203919323	12012.529890644168
0.4218193451883976	6232.3983033420345	3.109546075994402e26	5088.956515238105	12012.033351591439
0.4229065084491925	6225.116861730104	3.114322313092525e26	5102.015286366745	12011.536130586392
0.4239936717099873	6217.835672167944	3.1191142464545875e26	5115.073516566377	12011.038232215253
0.42508083497078214	6210.554711420926	3.123921951912592e26	5128.1312051030745	12010.539661036884
0.42616799823157697	6203.273956338474	3.1287455057828436e26	5141.188351247836	12010.040421600568
0.4272551614923718	6195.993383869069	3.1335849848627485e26	5154.24495427659	12009.540518428294
0.42834232475316664	6188.712971033772	3.138440466458817e26	5167.301013470225	12009.039956021199
0.42942948801396147	6181.432694947175	3.143312028368329e26	5180.356528114501	12008.538738859548
0.43051665127475636	6174.15253274288	3.148199748925325e26	5193.411497500023	12008.036871397733
0.4316038145355512	6166.872461633104	3.153103706971092e26	5206.465920922171	12007.534358068682
0.432690977796346	6159.592458951022	3.158023981846458e26	5219.51979768119	12007.031203288696
0.43377814105714085	6152.312502091658	3.162960653413166e26	5232.573127082147	12006.527411448811
0.4348653043179357	6145.032568473412	3.167913802085127e26	5245.625908434834	12006.022986915952
0.4359524675787305	6137.752635588686	3.172883508797307e26	5258.678141053737	12005.51793403703
0.43703963083952535	6130.472681020394	3.177869855005859e26	5271.729824258076	12005.012257139664
0.4381267941003202	6123.192682412226	3.182872922716656e26	5284.780957371833	12004.505960530361
0.439213957361115	6115.912617493367	3.187892794461298e26	5297.831539723626	12003.999048497304
0.4403011206219099	6108.632464021578	3.192929553336469e26	5310.881570646677	12003.491525305732
0.44138828388270474	6101.3521997987355	3.197983283001872e26	5323.93104947883	12002.98339519699
0.44247544714349957	6094.071802726137	3.2030540676584536e26	5336.979975562605	12002.47466239661
0.4435626104042944	6086.791250748732	3.208141992072664e26	5350.028348245091	12001.96533110916
0.44464977366508923	6079.510521900877	3.2132471415612575e26	5363.076166877896	12001.455405521741
0.44573693692588406	6072.229594264776	3.218369602015084e26	5376.123430817119	12000.944889801309
0.4468241001866789	6064.948445933348	3.223509459942377e26	5389.17013942352	12000.433788093656
0.4479112634474738	6057.667055096219	3.2286668024039995e26	5402.2162920623205	11999.922104526147
0.4489984267082686	6050.385400006053	3.233841717016953e26	5415.261888103052	11999.409843207663
0.45008558996906345	6043.103458973675	3.239034292010545e26	5428.306926919891	11998.897008229387
0.4511727532298583	6035.821210312423	3.244244616242236e26	5441.351407891462	11998.383603660466
0.4522599164906531	6028.5386324114315	3.249472779134088e26	5454.39533040062	11997.869633553351
0.45334707975144795	6021.255703747029	3.254718870714352e26	5467.438693834748	11997.355101944813
0.4544342430122428	6013.972402841273	3.2599829816277885e26	5480.481497585682	11996.840012854485
0.4555214062730376	6006.68870823791	3.265265203127592e26	5493.523741049427	11996.324370280723
0.45660856953383244	5999.404598511511	3.270565627109817e26	5506.565423626402	11995.808178201883
0.45769573279462733	5992.120052317627	3.275884346093851e26	5519.606544721464	11995.291440561166
0.45878289605542216	5984.835048364148	3.281221453208346e26	5532.647103743572	11994.774161289208
0.459870059316217	5977.549565413724	3.286577042215365e26	5545.6871001059535	11994.256344311076
0.4609572225770118	5970.263582273543	3.291951207537603e26	5558.7265332262805	11993.737993536957
0.46204438583780666	5962.977077757557	3.297344044246628e26	5571.765402526309	11993.219112857169
0.4631315490986015	5955.6900307202895	3.302755648061874e26	5584.803707431961	11992.699706145699
0.4642187123593963	5948.402420109356	3.308186115371381e26	5597.841447373571	11992.179777260808
0.4653058756201912	5941.1142249077075	3.313635543204922e26	5610.878621785532	11991.659330045126
0.46639303888098604	5933.82542412436	3.31910402925368e26	5623.915230106305	11991.138368323926
0.4674802021417809	5926.53599677625	3.3245916719447775e26	5636.951271778711	11990.616895903957
0.4685673654025757	5919.2459219462135	3.330098570351496e26	5649.986746249622	11990.09491657778
0.46965452866337054	5911.955178772158	3.335624824202972e26	5663.021652969887	11989.572434123229
0.4707416919241654	5904.663746448478	3.341170533950305e26	5676.055991394647	11989.049452304003
0.4718288551849602	5897.371604152512	3.3467358007710766e26	5689.089760983096	11988.525974864877
0.47291601844575504	5890.078731103315	3.352320726513042e26	5702.12296119833	11988.002005533546
0.47400318170654987	5882.785106575977	3.357925413746995e26	5715.155591507643	11987.477548024917
0.47509034496734476	5875.490709888931	3.363549965774339e26	5728.187651382395	11986.95260603949
0.4761775082281396	5868.195520399358	3.3691944865814336e26	5741.219140297791	11986.42718326323
0.4772646714889344	5860.899517495105	3.3748590808995054e26	5754.250057733124	11985.901283366984
0.47835183474972925	5853.602680557668	3.380543854249402e26	5767.280403171783	11985.37491000409
0.4794389980105241	5846.304989014502	3.386248912842129e26	5780.310176100915	11984.848066814635
0.4805261612713189	5839.006422343133	3.3919743636392374e26	5793.339376011701	11984.32075742627
0.48161332453211375	5831.706960074102	3.397720314379537e26	5806.368002399382	11983.792985452961
0.48270048779290864	5824.406581730998	3.403486873545919e26	5819.396054762916	11983.26475449186
0.48378765105370347	5817.105266842772	3.409274150416271e26	5832.423532605235	11982.73606812499
0.4848748143144983	5809.802994996911	3.41508225505045e26	5845.450435433296	11982.206929922766
0.48596197757529314	5802.499745811493	3.420911298255909e26	5858.476762757727	11981.677343442258
0.48704914083608797	5795.195498939409	3.4267613916388344e26	5871.502514093074	11981.147312227697
0.4881363040968828	5787.890234060257	3.4326326476249654e26	5884.527688957874	11980.616839810036
0.48922346735767763	5780.583930848279	3.438525179425408e26	5897.552286874298	11980.08592970485
0.49031063061847246	5773.276568989746	3.4444391010811234e26	5910.576307368381	11979.554585413913
0.4913977938792673	5765.968128241498	3.45037452746273e26	5923.599749970103	11979.022810430219
0.4924849571400622	5758.658588377605	3.456331574222746e26	5936.622614213049	11978.490608231807
0.493572120400857	5751.34792918521	3.4623103578549286e26	5949.644899634605	11977.957982284403
0.49465928366165185	5744.036130433115	3.468310995762818e26	5962.666605776084	11977.424936038464
0.4957464469224467	5736.723171942254	3.474333606140189e26	5975.687732182356	11976.891472934374
0.4968336101832415	5729.409033571266	3.480378308027926e26	5988.7082784020395	11976.357596401676
0.49792077344403635	5722.093695188411	3.486445221366756e26	6001.728243987648	11975.823309857218
0.4990079367048312	5714.777136664737	3.492534466950605e26	6014.74762849522	11975.288616704865
0.5000950999656261	5707.4593378821	3.49864616646218e26	6027.766431484497	11974.753520336275
0.5011822632264209	5700.140278756317	3.5047804424954224e26	6040.784652519071	11974.218024132728
0.5022694264872157	5692.819939209952	3.510937418503635e26	6053.802291166029	11973.682131463564
0.5033565897480106	5685.498299186163	3.5171172188377175e26	6066.819346996118	11973.145845687462
0.5044437530088054	5678.175338670863	3.523319968797684e26	6079.835819583903	11972.609170153914
0.5055309162696002	5670.85103762802	3.529545794588486e26	6092.85170850741	11972.072108190714
0.5066180795303951	5663.525376028107	3.535794823345529e26	6105.867013348233	11971.534663026856
0.5077052427911899	5656.198333894676	3.542067183169051e26	6118.881733691648	11970.996837922581
0.5087924060519847	5648.869891258277	3.548363003060773e26	6131.895869126342	11970.45863616432
0.5098795693127796	5641.540028150501	3.554682412972098e26	6144.909419244533	11969.92006102961
0.5109667325735744	5634.208724576126	3.561025543901057e26	6157.9223836421925	11969.381115780856
0.5120538958343692	5626.875960568735	3.5673925277599766e26	6170.934761918677	11968.84180367072
0.5131410590951642	5619.541716179959	3.573783497424864e26	6183.946553676838	11968.30212794137
0.514228222355959	5612.205971477708	3.580198586823036e26	6196.95775852323	11967.762091824525
0.5153153856167538	5604.868706536313	3.5866379308311846e26	6209.968376067773	11967.221698541085
0.5164025488775487	5597.5299014305865	3.593101665324598e26	6222.978405923829	11966.680951300503
0.5174897121383435	5590.189536222437	3.5995899272871124e26	6235.987847708446	11966.139853300894
0.5185768753991383	5582.847590993914	3.606102854671159e26	6248.996701041995	11965.598407729638
0.5196640386599332	5575.504045834086	3.612640586442486e26	6262.004965548249	11965.056617764469
0.520751201920728	5568.158880829929	3.6192032626814804e26	6275.012640854632	11964.514486572154
0.5218383651815228	5560.812076094566	3.625791024478293e26	6288.01972659187	11963.972017311065
0.5229255284423177	5553.463611735331	3.632404013974313e26	6301.026222394048	11963.429213128751
0.5240126917031125	5546.113467815598	3.639042374481804e26	6314.032127898866	11962.886077159268
0.5250998549639073	5538.761624441067	3.645706250342529e26	6327.0374427473025	11962.342612529876
0.5261870182247022	5531.4080617296595	3.6523957869607995e26	6340.042166583653	11961.798822358816
0.527274181485497	5524.052759794133	3.659111130913237e26	6353.046299055796	11961.254709754217
0.5283613447462918	5516.695698714028	3.665852429888518e26	6366.049839814868	11960.710277812215
0.5294485080070866	5509.336858568594	3.672619832676915e26	6379.052788515282	11960.16552961946
0.5305356712678815	5501.976219468592	3.679413489259609e26	6392.055144814999	11959.620468255727
0.5316228345286764	5494.613761500299	3.686233550742696e26	6405.056908375214	11959.075096789926
0.5327099977894713	5487.249464754558	3.69308016935582e26	6418.058078860361	11958.529418282273
0.5337971610502661	5479.883309341307	3.699953498571728e26	6431.058655938413	11957.983435785685
0.5348843243110609	5472.515275318283	3.70685369302278e26	6444.0586392804835	11957.437152340619
0.5359714875718558	5465.1453427399065	3.713780908555199e26	6457.058028561047	11956.890570978676
0.5370586508326506	5457.7734916765585	3.7207353022025124e26	6470.056823457847	11956.343694724428
0.5381458140934454	5450.399702200143	3.7277170322308505e26	6483.055023651938	11955.796526594762
0.5392329773542403	5443.023954379761	3.7347262581275215e26	6496.052628827655	11955.2490695976
0.5403201406150351	5435.6462282362645	3.7417631406605716e26	6509.049638672583	11954.701326729908
0.5414073038758299	5428.266503792893	3.7488278418421704e26	6522.046052877552	11954.15330098098
0.5424944671366247	5420.884761076716	3.755920524938915e26	6535.041871136631	11953.604995332993
0.5435816303974196	5413.500980096699	3.763041354511587e26	6548.037093147143	11953.056412759473
0.5446687936582144	5406.115140849872	3.7701904964109834e26	6561.031718609632	11952.507556225692
0.5457559569190092	5398.727223346966	3.7773681178222705e26	6574.025747227947	11951.958428690965
0.5468431201798041	5391.337207564815	3.7845743871906936e26	6587.019178708971	11951.409033105285
0.547930283440599	5383.945073435109	3.7918094743698824e26	6600.0120127629125	11950.859372408455
0.5490174467013939	5376.550800906903	3.799073550528039e26	6613.00424910316	11950.309449535063
0.5501046099621887	5369.154369921635	3.8063667881973864e26	6625.995887446285	11949.75926741276
0.5511917732229835	5361.755760414584	3.813689361266008e26	6638.986927512029	11949.208828962492
0.5522789364837783	5354.354952281928	3.821041445025382e26	6651.977369023293	11948.658137096325
0.5533660997445732	5346.951925384893	3.828423216189161e26	6664.967211706142	11948.107194721872
0.554453263005368	5339.546659601492	3.835834852868754e26	6677.956455289802	11947.556004683911
0.5555404262661628	5332.13913479444	3.843276534611216e26	6690.9450995065645	11947.004569802506
0.5566275895269577	5324.729330821514	3.850748442386495e26	6703.933144091791	11946.452892935004
0.5577147527877525	5317.317227491917	3.858250758647413e26	6716.920588783957	11945.900976945537
0.5588019160485473	5309.902804572389	3.8657836673180584e26	6729.907433324614	11945.348824686724
0.5598890793093422	5302.486041831898	3.8733473538280865e26	6742.893677458497	11944.796439005488
0.560976242570137	5295.066919023034	3.8809420050976674e26	6755.879320933388	11944.243822741757
0.5620634058309318	5287.645415875448	3.888567809539182e26	6768.864363500101	11943.690978728086
0.5631505690917267	5280.2215120920755	3.8962249571200535e26	6781.848804912574	11943.13790978953
0.5642377323525215	5272.795187360265	3.9039136393689155e26	6794.832644927858	11942.58461874467
0.5653248956133163	5265.366421323605	3.9116340493754937e26	6807.815883305992	11942.03110840346
0.5664120588741113	5257.935193600084	3.919386381814067e26	6820.798519810068	11941.477381568873
0.5674992221349061	5250.501483794095	3.9271708329475385e26	6833.780554206243	11940.923441037974
0.5685863853957009	5243.065271474581	3.93498760067246e26	6846.761986263739	11940.369289600236
0.5696735486564958	5235.62653621058	3.9428368844903515e26	6859.742815754783	11939.814930040462
0.5707607119172906	5228.185257519153	3.95071888556108e26	6872.723042454602	11939.26036513498
0.5718478751780854	5220.741414866702	3.9586338067270074e26	6885.702666141443	11938.70559765185
0.5729350384388803	5213.294987717937	3.9665818525087055e26	6898.681686596595	11938.150630354698
0.5740222016996751	5205.845955495731	3.9745632291279215e26	6911.66010360434	11937.595465999953
0.5751093649604699	5198.394297615097	3.982578144497649e26	6924.637916951931	11937.040107339246
0.5761965282212648	5190.93999345057	3.9906268082697335e26	6937.615126429599	11936.484557117295
0.5772836914820596	5183.483022305594	3.99870943189684e26	6950.59173183058	11935.928818069811
0.5783708547428544	5176.023363478591	4.006826228573727e26	6963.567732951083	11935.372892928437
0.5794580180036493	5168.56099624088	4.0149774132907e26	6976.54312959028	11934.816784419227
0.5805451812644441	5161.095899823648	4.0231632028444246e26	6989.517921550299	11934.260495261868
0.5816323445252389	5153.628053434883	4.031383815843047e26	7002.492108636219	11933.704028171253
0.5827195077860339	5146.157436233388	4.0396394727553934e26	7015.465690656064	11933.147385855164
0.5838066710468287	5138.684027313634	4.047930395944823e26	7028.438667420797	11932.590571013945
0.5848938343076235	5131.207805757371	4.0562568096423057e26	7041.4110387443325	11932.033586343958
0.5859809975684184	5123.728750614435	4.06461893999149e26	7054.382804443508	11931.476434536544
0.5870681608292132	5116.246840889226	4.073017015058794e26	7067.353964338079	11930.919118277112
0.588155324090008	5108.762055556904	4.08145126484108e26	7080.32451825071	11930.361640246721
0.5892424873508029	5101.274373539708	4.089921921312327e26	7093.294466006975	11929.804003119662
0.5903296506115977	5093.783773689149	4.098429218475286e26	7106.263807435362	11929.24620956324
0.5914168138723925	5086.290234855856	4.106973392318693e26	7119.2325423672655	11928.68826224256
0.5925039771331874	5078.793735830752	4.1155546808685155e26	7132.2006706369675	11928.130163816473
0.5935911403939822	5071.294255357069	4.1241733242014684e26	7145.1681920816345	11927.571916938483
0.594678303654777	5063.791772152541	4.1328295644545445e26	7158.135106541311	11927.013524258846
0.5957654669155719	5056.286264885842	4.1415236458721043e26	7171.101413858915	11926.454988422684
0.5968526301763667	5048.777712141132	4.150255814863726e26	7184.0671138802545	11925.896312067438
0.5979397934371615	5041.266092487088	4.15902631995209e26	7197.032206453995	11925.337497828412
0.5990269566979564	5033.751384436385	4.1678354118357686e26	7209.996691431667	11924.77854833579
0.6001141199587512	5026.23356644968	4.1766833434034066e26	7222.960568667659	11924.21946621516
0.6012012832195461	5018.712616963468	4.185570369739084e26	7235.9238380192055	11923.660254091708
0.602288446480341	5011.188514350867	4.1944967482092874e26	7248.886499346377	11923.100914530274
0.6033756097411358	5003.661236918689	4.2034627384168226e26	7261.848552511991	11922.541450085017
0.6044627730019306	4996.1307629305475	4.2124686022947596e26	7274.809997381713	11921.981863346156
0.6055499362627255	4988.597070600057	4.221514604077959e26	7287.770833824011	11921.422156906376
0.6066370995235203	4981.060138082134	4.23060101030443e26	7300.731061710121	11920.86233335257
0.6077242627843151	4973.519943476446	4.239728089893612e26	7313.690680914119	11920.302395266117
0.60881142604511	4965.976464849337	4.248896114192681e26	7326.649691312929	11919.742345225824
0.6098985893059048	4958.429680168982	4.258105356972159e26	7339.608092786238	11919.182185802843
0.6109857525666996	4950.879567353311	4.267356094411182e26	7352.565885216484	11918.621919564237
0.6120729158274945	4943.32610428628	4.276648605185175e26	7365.523068488945	11918.061549074517
0.6131600790882893	4935.769268771969	4.285983170506849e26	7378.4796424917095	11917.501076892298
0.6142472423490841	4928.20903857849	4.295360074066386e26	7391.435607115602	11916.940505573548
0.615334405609879	4920.645391404125	4.304779602103872e26	7404.3909622542005	11916.379837669416
0.6164215688706738	4913.078304850555	4.314242043523063e26	7417.345707803901	11915.819075724074
0.6175087321314687	4905.507756484313	4.323747689801776e26	7430.299843663848	11915.258222279825
0.6185958953922636	4897.9337238142425	4.33329683507354e26	7443.25336973595	11914.697279875356
0.6196830586530584	4890.356184277523	4.3428897761485086e26	7456.206285924871	11914.136251044798
0.6207702219138532	4882.775115246904	4.352526812538419e26	7469.158592138021	11913.575138317932
0.6218573851746481	4875.1904940355535	4.362208246509257e26	7482.1102882855885	11913.013944221597
0.6229445484354429	4867.602297882128	4.3719343830570175e26	7495.061374280448	11912.452671278028
0.6240317116962377	4860.0105039404525	4.3817055300446596e26	7508.011850038252	11911.891322004589
0.6251188749570326	4852.415089307413	4.3915219981602646e26	7520.96171547741	11911.329898915932
0.6262060382178274	4844.816031017483	4.4013841009448385e26	7533.910970519039	11910.76840452353
0.6272932014786222	4837.213306038663	4.411292154805406e26	7546.859615086965	11910.206841335637
0.628380364739417	4829.606891260848	4.42124647909253e26	7559.8076491077445	11909.645211856783
0.6294675280002119	4821.99676348087	4.431247396206224e26	7572.755072510693	11909.083518586418
0.6305546912610067	4814.382899436906	4.4412952315051084e26	7585.701885227824	11908.521764021578
0.6316418545218015	4806.765275789184	4.451390313361434e26	7598.648087193841	11907.959950655668
0.6327290177825964	4799.143869122755	4.461532973212503e26	7611.593678346155	11907.398080979208
0.6338161810433912	4791.518655955369	4.471723545649682e26	7624.538658624915	11906.836157480242
0.634903344304186	4783.889612726107	4.481962368393109e26	7637.483027972977	11906.274182643565
0.635990507564981	4776.256715779353	4.4922497823548144e26	7650.426786335869	11905.71215894995
0.6370776708257758	4768.619941375621	4.502586131649327e26	7663.369933661798	11905.150088877068
0.6381648340865707	4760.979265703652	4.512971763663562e26	7676.312469901694	11904.587974900016
0.6392519973473655	4753.334664876211	4.5234070291122706e26	7689.254395009193	11904.025819491486
0.6403391606081603	4745.686114912994	4.533892282020495e26	7702.195708940593	11903.463625120801
0.6414263238689552	4738.033591762541	4.544427879751303e26	7715.136411654861	11902.901394255698
0.64251348712975	4730.377071291002	4.555014183113665e26	7728.076503113661	11902.339129361417
0.6436006503905448	4722.716529234621	4.565651556424674e26	7741.015983281341	11901.77683289769
0.6446878136513396	4715.051941283693	4.576340367460206e26	7753.95485212492	11901.21450732512
0.6457749769121345	4707.383283027202	4.587080987543738e26	7766.893109614084	11900.652155100237
0.6468621401729293	4699.710529964277	4.5978737915832986e26	7779.830755721195	11900.089778677604
0.6479493034337241	4692.0336574989515	4.6087191580987585e26	7792.767790421268	11899.527380511072
0.649036466694519	4684.352640970927	4.61961746933459e26	7805.704213692018	11898.964963017535
0.6501236299553138	4676.667455621587	4.630569111147146e26	7818.640025513702	11898.402528597631
0.6512107932161086	4668.978076545638	4.641574473297503e26	7831.575225869244	11897.840079680696
0.6522979564769036	4661.284478797282	4.652633949261075e26	7844.50981474421	11897.277618702088
0.6533851197376984	4653.586637310361	4.663747936399534e26	7857.443792126809	11896.715148092451
0.6544722829984932	4645.884526919146	4.67491683596956e26	7870.377158007894	11896.152670279913
0.6555594462592881	4638.1781223846765	4.686141053155712e26	7883.309912380952	11895.590187692216
0.6566466095200829	4630.467398343826	4.697420997174028e26	7896.242055242108	11895.027702752997
0.6577337727808777	4622.752329311558	4.708757081303576e26	7909.173586590122	11894.465217882513
0.6588209360416726	4615.032889731975	4.72014972288403e26	7922.104506426382	11893.902735499974
0.6599080993024674	4607.30905394094	4.731599343423862e26	7935.034814754905	11893.340258022721
0.6609952625632622	4599.5807961604805	4.743106368630262e26	7947.964511582339	11892.777787865347
0.6620824258240571	4591.848090509258	4.754671228414979e26	7960.893596917925	11892.215327440625
0.6631695890848519	4584.1109110161115	4.7662943571705884e26	7973.822070773642	11891.652879161007
0.6642567523456467	4576.3692315854505	4.7779761933987485e26	7986.749933163921	11891.090445434837
0.6653439156064416	4568.6230259791855	4.789717180171154e26	7999.677184105893	11890.528028666755
0.6664310788672364	4560.872267884396	4.801517765130644e26	8012.603823619376	11889.96563126212
0.6675182421280312	4553.116930876505	4.8133784001755445e26	8025.5298517266465	11889.403255624733
0.6686054053888261	4545.356988405163	4.82529954196365e26	8038.455268452688	11888.840904156375
0.6696925686496209	4537.5924138170685	4.837281651877685e26	8051.380073825148	11888.278579256794
0.6707797319104158	4529.823180336741	4.849325195736326e26	8064.304267874129	11887.716283324344
0.6718668951712107	4522.0492610427855	4.8614306443700515e26	8077.227850632452	11887.154018753849
0.6729540584320055	4514.270628922443	4.873598473450429e26	8090.150822135572	11886.591787941068
0.6740412216928003	4506.4872568450855	4.885829163249863e26	8103.073182421399	11886.029593280256
0.6751283849535952	4498.699117537536	4.898123199261126e26	8115.994931530579	11885.467437162379
0.67621554821439	4490.906183623613	4.910481071977398e26	8128.916069506362	11884.905321978982
0.6773027114751848	4483.108427600379	4.9229032767010326e26	8141.836596394452	11884.343250120532
0.6783898747359797	4475.305821803324	4.935390314221378e26	8154.756512243309	11883.78122397389
0.6794770379967745	4467.498338465576	4.947942690457862e26	8167.675817103959	11883.219245925864
0.6805642012575693	4459.685949698984	4.96056091633603e26	8180.5945110298935	11882.657318363326
0.6816513645183642	4451.868627467102	4.9732455084861264e26	8193.512594077367	11882.095443671009
0.682738527779159	4444.046343606822	4.985996988851803e26	8206.430066305174	11881.53362423376
0.6838256910399538	4436.219069830079	4.998815884611139e26	8219.346927774588	11880.971862434919
0.6849128543007487	4428.3867777114765	5.011702728866981e26	8232.263178549649	11880.410160657695
0.6860000175615435	4420.549438668637	5.0246580602402026e26	8245.178818696912	11879.84852128329
0.6870871808223384	4412.707023981487	5.0376824228492844e26	8258.093848285422	11879.286946692802
0.6881743440831333	4404.859504807291	5.050776366956719e26	8271.008267386993	11878.725439266898
0.6892615073439281	4397.00685214919	5.063940448495363e26	8283.92207607593	11878.164001385581
0.6903486706047229	4389.149036870218	5.0771752291556e26	8296.835274429057	11877.602635429079
0.6914358338655178	4381.2860296969075	5.090481277038718e26	8309.747862525952	11877.041343777682
0.6925229971263126	4373.417801190638	5.103859166120672e26	8322.659840448667	11876.480128809697
0.6936101603871074	4365.544321757491	5.117309476443839e26	8335.571208281797	11875.918992903345
0.6946973236479023	4357.665561671611	5.130832794684503e26	8348.481966112673	11875.357938417357
0.6957844869086971	4349.781491058122	5.144429713574403e26	8361.392114031047	11874.79696767611
0.6968716501694919	4341.892079888935	5.158100832211721e26	8374.301652129183	11874.23608304712
0.6979588134302868	4333.997297960431	5.171846756610958e26	8387.210580502082	11873.675286898944
0.6990459766910816	4326.097114929927	5.185668099035397e26	8400.118899247182	11873.114581600896
0.7001331399518764	4318.191500299123	5.19956547844077e26	8413.026608464494	11872.553969521401
0.7012203032126713	4310.280423369831	5.21353952099733e26	8425.933708256742	11871.993453026556
0.7023074664734661	4302.363853304192	5.2275908593465604e26	8438.840198729073	11871.433034484176
0.7033946297342609	4294.441759111032	5.241720133153625e26	8451.746079989232	11870.872716261527
0.7044817929950558	4286.514109612308	5.255927989520462e26	8464.65135214766	11870.312500724862
0.7055689562558507	4278.5808734799	5.2702150822833994e26	8477.556015317215	11869.752390242473
0.7066561195166455	4270.642019215658	5.284582072689547e26	8490.460069613375	11869.192387181203
0.7077432827774404	4262.69751511475	5.2990296297021784e26	8503.363515154297	11868.632493906212
0.7088304460382352	4254.747329317519	5.3135584292944124e26	8516.266352060544	11868.072712784593
0.70991760929903	4246.791429797687	5.3281691552215454e26	8529.168580455334	11867.513046183465
0.7110047725598249	4238.829784333213	5.342862499183668e26	8542.070200464534	11866.953496469092
0.7120919358206197	4230.862360534293	5.35763916020302e26	8554.971212216418	11866.394066009705
0.7131790990814145	4222.889125823175	5.3724998455165746e26	8567.871615841941	11865.834757172395
0.7142662623422094	4214.9100474414245	5.3874452705333445e26	8580.77141147468	11865.275572325276
0.7153534256030042	4206.925092444425	5.402476158331678e26	8593.670599250629	11864.716513837813
0.716440588863799	4198.93422766907	5.41759324067211e26	8606.56917930848	11864.157584076569
0.7175277521245939	4190.937419782603	5.4327972577296736e26	8619.467151789526	11863.598785410799
0.7186149153853887	4182.934635268976	5.4480889576836785e26	8632.36451683748	11863.040120212117
0.7197020786461835	4174.925840398839	5.463469097812731e26	8645.26127459878	11862.481590849637
0.7207892419069784	4166.911001256556	5.478938444112399e26	8658.157425222436	11861.92319969561
0.7218764051677733	4158.8900837283845	5.4944977709774495e26	8671.052968859896	11861.364949123039
0.7229635684285681	4150.863053461158	5.510147862388595e26	8683.947905665344	11860.80684150261
0.724050731689363	4142.829875925502	5.525889511321521e26	8696.842235795513	11860.248879209012
0.7251378949501578	4134.790516396715	5.54172351954889e26	8709.735959409596	11859.69106461804
0.7262250582109526	4126.744939912528	5.557650698870379e26	8722.62907666953	11859.133400104858
0.7273122214717475	4118.693111308561	5.573671870424675e26	8735.521587739786	11858.575888047357
0.7283993847325423	4110.634995217813	5.5897878645961506e26	8748.413492787307	11858.018530824233
0.7294865479933371	4102.570556047568	5.605999522244342e26	8761.304791981802	11857.461330816039
0.730573711254132	4094.4997579708715	5.62230769394537e26	8774.195485495487	11856.904290403401
0.7316608745149268	4086.4225649411683	5.638713240026745e26	8787.085573503075	11856.347411968416
0.7327480377757216	4078.338940693091	5.655217031745973e26	8799.975056182047	11855.790697896275
0.7338352010365164	4070.248848732385	5.671819950409788e26	8812.863933712382	11855.23415057224
0.7349223642973113	4062.1522523384606	5.688522887600578e26	8825.75220627658	11854.67777238492
0.7360095275581061	4054.049114544471	5.705326746229616e26	8838.639874059883	11854.121565723395
0.737096690818901	4045.9393981625326	5.722232439770648e26	8851.526937250052	11853.565532979675
0.7381838540796958	4037.823065761187	5.7392408932248866e26	8864.413396037562	11853.009676549056
0.7392710173404906	4029.70007967322	5.7563530418537985e26	8877.299250615242	11852.453998802177
0.7403581806012856	4021.5704019630057	5.77356983293659e26	8890.184501178655	11851.898502093054
0.7414453438620804	4013.4339944604576	5.790892225849946e26	8903.069147926033	11851.343188809904
0.7425325071228752	4005.2908187713697	5.8083211903212646e26	8915.953191057893	11850.78806134801
0.74361967038367	3997.140836197546	5.825857709623087e26	8928.836630777738	11850.23312210034
0.7447068336444649	3988.9840078245297	5.843502777951458e26	8941.7194672914	11849.678373464634
0.7457939969052597	3980.8202944791183	5.8612574021179535e26	8954.601700807389	11849.123817840948
0.7468811601660545	3972.6496566817123	5.879122602124072e26	8967.483331536961	11848.569457627696
0.7479683234268494	3964.4720547195325	5.897099409213414e26	8980.36435969369	11848.015295228533
0.7490554866876442	3956.287448600615	5.915188869223236e26	8993.244785494111	11847.461333047506
0.750142649948439	3948.0957980756643	5.933392039723551e26	9006.1246091571	11846.907573493152
0.7512298132092339	3939.8970626033292	5.9517099920794876e26	9019.003830904254	11846.35401897379
0.7523169764700287	3931.6912013695382	5.9701438116950506e26	9031.882450959893	11845.80067190206
0.7534041397308235	3923.47817330391	5.988694596227016e26	9044.760469550685	11845.247534693182
0.7544913029916184	3915.257936986383	6.0073634591994916e26	9057.637886906277	11844.694609762335
0.7555784662524132	3907.030450752769	6.026151526687545e26	9070.51470325865	11844.14189952849
0.7566656295132081	3898.795672641684	6.045059939824969e26	9083.390918842548	11843.589406414781
0.757752792774003	3890.5535603801545	6.0640898548119056e26	9096.26653389542	11843.037132844527
0.7588399560347978	3882.3040714270683	6.083242441209599e26	9109.141548657099	11842.485081247432
0.7599271192955926	3874.0471629005465	6.102518885610912e26	9122.015963370395	11841.93325405216
0.7610142825563875	3865.7827916535502	6.121920387854755e26	9134.889778280405	11841.381653694853
0.7621014458171823	3857.51091416691	6.1414481664435586e26	9147.762993635399	11840.830282608988
0.7631886090779771	3849.2314866843303	6.161103451511506e26	9160.635609685585	11840.2791432378
0.764275772338772	3840.9444650525807	6.180887492672348e26	9173.50762668439	11839.728238021651
0.7653629355995668	3832.649804834613	6.200801554693731e26	9186.3790448877	11839.177569407522
0.7664500988603616	3824.3474612843993	6.220846918338468e26	9199.249864553974	11838.627139846423
0.7675372621211565	3816.0373892768534	6.241024883030184e26	9212.120085944602	11838.076951790377
0.7686244253819513	3807.7195434031623	6.261336763078542e26	9224.989709323292	11837.527007697876
0.7697115886427461	3799.393877886398	6.281783892272916e26	9237.858734956744	11836.977310029448
0.770798751903541	3791.0603466100797	6.302367621175018e26	9250.727163114168	11836.427861249927
0.7718859151643358	3782.7189031105536	6.323089317991496e26	9263.59499406741	11835.87866382767
0.7729730784251306	3774.3695005534532	6.343950370949667e26	9276.462228091239	11835.329720234557
0.7740602416859255	3766.0120917932227	6.364952184499151e26	9289.328865462767	11834.781032948667
0.7751474049467204	3757.646629278249	6.386096184416197e26	9302.194906462139	11834.232604450388
0.7762345682075152	3749.273065123642	6.407383814409821e26	9315.060351371998	11833.684437225875
0.7773217314683101	3740.89135107922	6.428816537621772e26	9327.925200477683	11833.136533766357
0.7784088947291049	3732.5014384662336	6.45039583885074e26	9340.789454067459	11832.588896564483
0.7794960579898997	3724.1032782790703	6.472123220588869e26	9353.653112431954	11832.04152812038
0.7805832212506946	3715.6968210971622	6.494000208600043e26	9366.516175864874	11831.49443093792
0.7816703845114894	3707.2820171356675	6.516028347962582e26	9379.37864466242	11830.94760752476
0.7827575477722842	3698.8588162135507	6.538209205219909e26	9392.240519123534	11830.401060354061
0.7838447110330791	3690.4271677233614	6.56054437019423e26	9405.101799550022	11829.85479191525
0.7849318742938739	3681.9870207089575	6.583035451810888e26	9417.96248624605	11829.308804726663
0.7860190375546687	3673.5383237290866	6.605684085759671e26	9430.822579519045	11828.763101306231
0.7871062008154636	3665.081025000126	6.628491926183183e26	9443.682079678636	11828.217684181354
0.7881933640762584	3656.6150722567536	6.651460653240347e26	9456.54098703753	11827.672555880239
0.7892805273370532	3648.140412829822	6.674591970647046e26	9469.399301911162	11827.127718937918
0.7903676905978481	3639.6569936425844	6.697887604794313e26	9482.257024617566	11826.583175895928
0.791454853858643	3631.1647611460967	6.721349308027926e26	9495.114155477695	11826.038929298727
0.7925420171194378	3622.6636613595533	6.744978857631822e26	9507.970694815263	11825.494981697335
0.7936291803802327	3614.1536398797384	6.768778054912893e26	9520.826642956616	11824.951335649517
0.7947163436410275	3605.634641818422	6.792748728721708e26	9533.68200023105	11824.407993716726
0.7958035069018223	3597.106611823479	6.81689273392635e26	9546.536766970614	11823.864958466205
0.7968906701626172	3588.5694940965363	6.841211950938713e26	9559.390943510012	11823.322232472286
0.797977833423412	3580.0232323436016	6.865708289341769e26	9572.244530186952	11822.77981831351
0.7990649966842068	3571.4677698038367	6.890383685805988e26	9585.097527341857	11822.237718575734
0.8001521599450017	3562.9030492495353	6.915240104221331e26	9597.949935317869	11821.69593585218
0.8012393232057965	3554.329012922209	6.940279539242891e26	9610.80175446113	11821.154472739583
0.8023264864665913	3545.745602587365	6.965504014129548e26	9623.652985120536	11820.613331842824
0.8034136497273862	3537.152759522379	6.990915581166517e26	9636.503627647737	11820.0725157749
0.804500812988181	3528.5504244465355	7.016516324688796e26	9649.353682397363	11819.532027152041
0.8055879762489758	3519.9385375835827	7.042308358981781e26	9662.203149726793	11818.991868599122
0.8066751395097707	3511.3170386405845	7.068293829898688e26	9675.052029996266	11818.452042748688
0.8077623027705655	3502.685866769844	7.094474916664137e26	9687.90032356898	11817.912552239364
0.8088494660313603	3494.044960592181	7.120853830541291e26	9700.748030810937	11817.37339971722
0.8099366292921553	3485.394258193069	7.14743281555748e26	9713.595152090964	11816.834587836878
0.8110237925529501	3476.7336970933634	7.174214151147157e26	9726.441687780889	11816.29611926015
0.8121109558137449	3468.0632142265913	7.201200151294894e26	9739.287638255417	11815.757996655111
0.8131981190745398	3459.3827459748245	7.22839316431745e26	9752.133003892068	11815.220222699056
0.8142852823353346	3450.692228146302	7.255795575376151e26	9764.977785071349	11814.682800077522
0.8153724455961294	3441.991595941068	7.283409807082627e26	9777.821982176734	11814.14573148346
0.8164596088569243	3433.280783980321	7.311238318395891e26	9790.665595594543	11813.609019619033
0.8175467721177191	3424.559726288657	7.339283605890278e26	9803.508625713994	11813.07266719597
0.8186339353785139	3415.828356227143	7.367548208650645e26	9816.351072927522	11812.53667693126
0.8197210986393088	3407.0866066147237	7.396034700453099e26	9829.192937630149	11812.001051555988
0.8208082619001036	3398.3344095766347	7.424745699746131e26	9842.034220220175	11811.46579380668
0.8218954251608984	3389.5716966184186	7.453683864205496e26	9854.874921098728	11810.93090643043
0.8229825884216933	3380.798398596165	7.482851893616813e26	9867.71504066992	11810.396392183442
0.8240697516824881	3372.0144457107226	7.512252531428951e26	9880.554579340913	11809.862253783165
0.8251569149432829	3363.219767491178	7.541888565346525e26	9893.393537521832	11809.328493966677
0.8262440782040779	3354.414292797077	7.571762826769523e26	9906.23191562574	11808.795115509689
0.8273312414648727	3345.597949797431	7.601878192411024e26	9919.069714068708	11808.26212119744
0.8284184047256675	3336.7706659528694	7.632237586972625e26	9931.906933269935	11807.729513824199
0.8295055679864624	3327.932368030496	7.662843982000244e26	9944.743573651624	11807.197296195185
0.8305927312472572	3319.082982090194	7.693700396224094e26	9957.57963563895	11806.665471126356
0.831679894508052	3310.2224334175166	7.72480989969204e26	9970.415119660274	11806.134041441308
0.8327670577688469	3301.3506465768087	7.756175612995863e26	9983.250026147036	11805.603009975266
0.8338542210296417	3292.4675454266026	7.787800705296271e26	9996.084355533596	11805.072379576806
0.8349413842904365	3283.5730530096266	7.819688401337455e26	10008.918108257589	11804.542153102493
0.8360285475512313	3274.6670916153676	7.851841978801056e26	10021.751284759723	11804.012333420966
0.8371157108120262	3265.749582758587	7.884264769573257e26	10034.5838854838	11803.482923413101
0.838202874072821	3256.820447157533	7.916960161104818e26	10047.415910876744	11802.953925971315
0.8392900373336158	3247.8796046947396	7.949931598960405e26	10060.247361388678	11802.425343998373
0.8403772005944107	3238.9269744504963	7.983182586999002e26	10073.078237472891	11801.897180410155
0.8414643638552055	3229.9624746734326	8.016716688052883e26	10085.90853958582	11801.36943813514
0.8425515271160003	3220.9860227708286	8.050537525258242e26	10098.738268187062	11800.842120114665
0.8436386903767952	3211.9975352869956	8.08464878471938e26	10111.56742373947	11800.315229302656
0.8447258536375901	3202.9969278809667	8.119054216335379e26	10124.396006709132	11799.788768665589
0.845813016898385	3193.9841153387706	8.153757634218898e26	10137.224017565328	11799.26274118403
0.8469001801591798	3184.9590115621827	8.188762918057168e26	10150.051456780566	11798.737149853143
0.8479873434199746	3175.921529532753	8.224074015865959e26	10162.878324830646	11798.211997681887
0.8490745066807694	3166.871581269269	8.259694945575509e26	10175.704622194684	11797.687287691315
0.8501616699415643	3157.809077874596	8.295629795123798e26	10188.530349355051	11797.163022918769
0.8512488332023591	3148.73392950981	8.331882723935387e26	10201.355506797403	11796.639206417489
0.8523359964631539	3139.646045351982	8.368457965684794e26	10214.180095010735	11796.115841255243
0.8534231597239488	3130.545333575283	8.405359830551922e26	10227.004114487441	11795.592930514655
0.8545103229847436	3121.431701362219	8.442592705314046e26	10239.827565723239	11795.070477295003
0.8555974862455384	3112.305054892945	8.480161054825239e26	10252.650449217197	11794.54848471297
0.8566846495063333	3103.165299311048	8.518069424679252e26	10265.472765471783	11794.026955901825
0.8577718127671281	3094.012338665672	8.556322444431714e26	10278.294514992936	11793.505894009735
0.8588589760279229	3084.846075963391	8.594924827503262e26	10291.115698290007	11792.985302203999
0.8599461392887178	3075.6664131351104	8.633881372772859e26	10303.93631587577	11792.465183670261
0.8610333025495127	3066.4732510062286	8.673196967151051e26	10316.756368266455	11791.945541612813
0.8621204658103075	3057.266489262854	8.712876589489773e26	10329.57585598185	11791.426379253699
0.8632076290711024	3048.046026455025	8.752925310842077e26	10342.394779545246	11790.90769983462
0.8642947923318972	3038.811759981893	8.793348295933663e26	10355.213139483434	11790.389506617634
0.865381955592692	3029.5635860722077	8.83415080567926e26	10368.030936326746	11789.871802885571
0.8664691188534869	3020.30139974517	8.875338201733667e26	10380.848170609144	11789.35459194143
0.8675562821142817	3011.0250947791687	8.91691594739036e26	10393.664842868202	11788.837877109623
0.8686434453750765	3001.7345637448425	8.95888960875819e26	10406.480953645052	11788.321661664122
0.8697306086358714	2992.429697975704	9.00126485735599e26	10419.296503484346	11787.805948834695
0.8708177718966662	2983.1103874923233	9.04404747514555e26	10432.111492934304	11787.290741978186
0.871904935157461	2973.7765210023554	9.087243356192096e26	10444.925922546883	11786.776044476259
0.8729920984182559	2964.427985902828	9.130858507717996e26	10457.739792877683	11786.26185973233
0.8740792616790507	2955.0646682610104	9.174899052798532e26	10470.553104485976	11785.74819117285
0.8751664249398455	2945.686452761537	9.219371235556657e26	10483.365857934812	11785.235042246057
0.8762535882006404	2936.293222662061	9.264281424213076e26	10496.178053791042	11784.722416421218
0.8773407514614352	2926.8848598268482	9.309636111690619e26	10508.989692625257	11784.210317192386
0.87842791472223	2917.461244694772	9.355441918550041e26	10521.800775011834	11783.698748078255
0.879515077983025	2908.0222562231925	9.401705598277426e26	10534.611301529001	11783.187712621579
0.8806022412438198	2898.567771857585	9.448434041693519e26	10547.421272758911	11782.677214388968
0.8816894045046146	2889.097667534487	9.495634277507306e26	10560.230689287573	11782.167256973176
0.8827765677654095	2879.611817659075	9.543313475396062e26	10573.03955170488	11781.657843994153
0.8838637310262043	2870.1100950623018	9.591478951198946e26	10585.847860604676	11781.148979098452
0.8849508942869991	2860.5923709451063	9.640138173648662e26	10598.655616584867	11780.640665958705
0.886038057547794	2851.0585148960954	9.689298761761139e26	10611.462820247283	11780.132908276706
0.8871252208085888	2841.5083948320353	9.738968493750471e26	10624.269472197828	11779.625709782329
0.8882123840693836	2831.9418769866584	9.789155309178359e26	10637.07557304647	11779.11907423519
0.8892995473301785	2822.358825872631	9.839867313546525e26	10649.881123407282	11778.613005425244
0.8903867105909733	2812.7591042482763	9.891112782630218e26	10662.686123898475	11778.107507173248
0.8914738738517681	2803.1425730849846	9.942900166979413e26	10675.490575142428	11777.602583331614
0.892561037112563	2793.5090915416145	9.995238096554768e26	10688.294477765727	11777.098237785296
0.8936482003733578	2783.8585169271837	1.0048135385525815e27	10701.097832399197	11776.594474452826
0.8947353636341526	2774.190704663803	1.0101601037283282e27	10713.900639677948	11776.09129728681
0.8958225268949476	2764.505508236432	1.0155644249608233e27	10726.702900241404	11775.58871027391
0.8969096901557424	2754.802779191732	1.021027441970039e27	10739.504614733341	11775.086717437976
0.8979968534165372	2745.082367072807	1.0265501149745733e27	10752.305783801934	11774.585322838935
0.8990840166773321	2735.344119395816	1.0321334252500258e27	10765.106408099788	11774.084530575166
0.9001711799381269	2725.5878816078307	1.0377783757095223e27	10777.90648828398	11773.584344783712
0.9012583431989217	2715.813497048367	1.0434859915034421e27	10790.706025016116	11773.0847696419
0.9023455064597166	2706.0208069066134	1.0492573206236657e27	10803.505018962358	11772.58580936814
0.9034326697205114	2696.209650173096	1.0550934346423296e27	10816.30347079349	11772.08746822237
0.9045198329813062	2686.3798636299866	1.0609954291005775e27	10829.101381184919	11771.589750509684
0.9056069962421011	2676.531281770683	1.0669644245205154e27	10841.89875081678	11771.092660578815
0.9066941595028959	2666.6637367397057	1.0730015670553972e27	10854.695580373971	11770.596202823303
0.9077813227636907	2656.777058343083	1.0791080291015052e27	10867.491870546191	11770.100381685139
0.9088684860244856	2646.8710739728895	1.0852850100612183e27	10880.287622027981	11769.605201655153
0.9099556492852804	2636.945608560452	1.091533737120317e27	10893.08283551879	11769.110667274612
0.9110428125460752	2627.0004845451845	1.0978554660594875e27	10905.877511722974	11768.61678303937
0.91212997580687	2617.0355218278933	1.1042514820478392e27	10918.671651349783	11768.123553485517
0.9132171390676649	2607.0505376075935	1.1107231013903329e27	10931.465255113571	11767.630983277733
0.9143043023284598	2597.0453464954053	1.1172716709289783e27	10944.258323733693	11767.13907713804
0.9153914655892547	2587.0197604403993	1.1238985690878259e27	10957.050857934602	11766.64783984572
0.9164786288500495	2576.9735884845118	1.1306052088222449e27	10969.842858446154	11766.157276229857
0.9175657921108443	2566.9066368930044	1.1373930368590557e27	10982.63432600344	11765.667391180026
0.9186529553716392	2556.8187091366312	1.1442635340482494e27	10995.425261346729	11765.178189650014
0.919740118632434	2546.7096056497517	1.1512182185332176e27	11008.215665221882	11764.689676650452
0.9208272818932288	2536.5791238341712	1.1582586462939742e27	11021.005538380286	11764.201857253893
0.9219144451540237	2526.4270581245264	1.1653864106087613e27	11033.79488157871	11763.714736603104
0.9230016084148185	2516.2531998111167	1.1726031446635602e27	11046.583695579571	11763.22831990735
0.9240887716756133	2506.057336883935	1.1799105240085068e27	11059.371981151173	11762.742612440183
0.9251759349364082	2495.839254162739	1.1873102653699456e27	11072.15973906744	11762.257619551066
0.926263098197203	2485.598733195469	1.1948041283034424e27	11084.946970108052	11761.773346666054
0.9273502614579978	2475.3355519699644	1.2023939192657738e27	11097.73367505887	11761.289799279568
0.9284374247187926	2465.0494850606406	1.2100814906593963e27	11110.519854711696	11760.806982967604
0.9295245879795875	2454.7403035972807	1.2178687415223573e27	11123.305509864278	11760.324903392098
0.9306117512403824	2444.407774979909	1.2257576216720438e27	11136.090641320712	11759.843566293535
0.9316989145011773	2434.0516629318345	1.2337501319265781e27	11148.875249891365	11759.362977500152
0.9327860777619721	2423.671727394263	1.2418483259630543e27	11161.659336392986	11758.88314292971
0.9338732410227669	2413.2677244510583	1.2500543120310156e27	11174.442901648803	11758.404068592585
0.9349604042835618	2402.839406241524	1.2583702547712066e27	11187.225946488621	11757.925760594766
0.9360475675443566	2392.3865208823627	1.266798377102738e27	11200.00847174893	11757.448225141941
0.9371347308051514	2381.908812376298	1.275340962205591e27	11212.790478273022	11756.971468542182
0.9382218940659462	2371.406020479913	1.284000355800096e27	11225.57196691111	11756.49549720842
0.9393090573267411	2360.877880666048	1.2927789682583026e27	11238.352938520453	11756.020317664112
0.9403962205875359	2350.3241239975223	1.301679276685842e27	11251.133393965469	11755.545936546228
0.9414833838483307	2339.7444770481634	1.3107038272213427e27	11263.91333411784	11755.072360610096
0.9425705471091256	2329.1386617977514	1.3198552374503003e27	11276.692759856653	11754.599596733695
0.9436577103699204	2318.5063955288038	1.3291361989196286e27	11289.471672068532	11754.127651922081
0.9447448736307152	2307.8473907226903	1.3385494798315167e27	11302.250071647784	11753.656533312222
0.9458320368915101	2297.161354945135	1.3480979278083268e27	11315.027959496552	11753.186248178146
0.9469192001523049	2286.4479906847423	1.3577844737495516e27	11327.805336525054	11752.716803933561
0.9480063634130997	2275.706995319435	1.367612133158784e27	11340.582203651578	11752.248208141384
0.9490935266738947	2264.9380610214816	1.37758400907e27	11353.358561802635	11751.78046852003
0.9501806899346895	2254.140874557232	1.387703297132419e27	11366.134411913257	11751.31359279857
0.9512678531954843	2243.3151171946824	1.39797328814017e27	11378.909754926874	11750.847588818397
0.9523550164562792	2232.4604645573468	1.4083973714478768e27	11391.684591795625	11750.38246473232
0.953442179717074	2221.576586522565	1.4189790387805877e27	11404.458923480623	11749.918228866347
0.9545293429778688	2210.663147078067	1.429721888150265e27	11417.232750952111	11749.454889726163
0.9556165062386637	2199.7198041863585	1.4406296279300336e27	11430.006075189685	11748.99245600441
0.9567036694994585	2188.7462096463937	1.4517060811171968e27	11442.778897182496	11748.530936588128
0.9577908327602533	2177.742008964289	1.4629551896175661e27	11455.55121792945	11748.070340567514
0.9588779960210482	2166.7068411535206	1.474381019774075e27	11468.323038439503	11747.610677242008
0.959965159281843	2155.6403387094574	1.4859877645867308e27	11481.094359731682	11747.15195613419
0.9610523225426378	2144.542127178689	1.4977797550373064e27	11493.865182835814	11746.694186987876
0.9621394858034327	2133.4118254144123	1.509761456642666e27	11506.635508792093	11746.237379794742
0.9632266490642275	2122.2490450630785	1.5219374822836137e27	11519.4053386519	11745.781544790272
0.9643138123250223	2111.053390559402	1.534312594988498e27	11532.174673477848	11745.326692471052
0.9654009755858173	2099.824458922172	1.5468917147143634e27	11544.943514344102	11744.872833605108
0.9664881388466121	2088.561839584698	1.5596799248568982e27	11557.711862336688	11744.41997924398
0.9675753021074069	2077.265114216187	1.5726824790940797e27	11570.479718553801	11743.968140735515
0.9686624653682018	2065.933856542926	1.5859048085800443e27	11583.24708410615	11743.517329737388
0.9697496286289966	2054.5676321780625	1.5993525291726628e27	11596.013960117258	11743.067558232215
0.9708367918897914	2043.1659983568688	1.6130314505929042e27	11608.780347723921	11742.61883853962
0.9719239551505863	2031.7285037960125	1.6269475845553126e27	11621.546248076562	11742.171183334109
0.9730111184113811	2020.2546886095113	1.6411071501596205e27	11634.311662339405	11741.724605666737
0.9740982816721759	2008.74408390684	1.6555165881568047e27	11647.076591691213	11741.27911897516
0.9751854449329708	1997.1962117066669	1.670182567905619e27	11659.841037325546	11740.834737107065
0.9762726081937656	1985.610584701802	1.6851119982329398e27	11672.605000451247	11740.391474339667
0.9773597714545604	1973.9867060488893	1.7003120382761566e27	11685.368482292926	11739.949345401079
0.9784469347153553	1962.3240691526526	1.7157901089232307e27	11698.131484091458	11739.508365492917
0.9795340979761501	1950.6221575030374	1.7315539032945472e27	11710.894007104422	11739.068550316917
0.9806212612369449	1938.8804442082314	1.747611406670197e27	11723.656052607077	11738.62991609111
0.9817084244977398	1927.098392164569	1.7639708984720317e27	11736.417621892266	11738.192479592375
0.9827955877585346	1915.275453607515	1.7806409724401655e27	11749.178716271386	11737.756258176867
0.9838827510193295	1903.4110698183044	1.797630554767655e27	11761.939337075213	11737.321269808821
0.9849699142801244	1891.5046710103902	1.814948915597875e27	11774.699485654324	11736.88753309641
0.9860570775409192	1879.5556760881648	1.8326056871655246e27	11787.459163379808	11736.455067086386
0.987144240801714	1867.563492414895	1.850610881660874e27	11800.218371643767	11736.023891525652
0.9882314040625089	1855.527515523248	1.8689749101419377e27	11812.977111860268	11735.594027072515
0.9893185673233037	1843.4471289530823	1.8877086025981527e27	11825.735385466312	11735.1654951712
0.9904057305840985	1831.3217039918127	1.9068232292351976e27	11838.493193922612	11734.738318095126
0.9914928938448934	1819.1505994632957	1.926330523070852e27	11851.250538714594	11734.3125189947
0.9925800571056882	1806.9331615161989	1.9462427039281912e27	11864.007421353344	11733.888121948139
0.993667220366483	1794.668723395089	1.9665725039676892e27	11876.763843376653	11733.4651520146
0.9947543836272779	1782.3566052453216	1.987333194817355e27	11889.519806350114	11733.04363529249
0.9958415468880727	1769.996113927794	2.008538616422114e27	11902.27531186829	11732.623598981763
0.9969287101488675	1757.5865428233292	2.0302032078212228e27	11915.030361555942	11732.205071449665
0.9980158734096624	1745.1271716740794	2.0523420399024358e27	11927.784957069336	11731.788082302535
0.9991030366704572	1732.617266426802	2.0749708503505414e27	11940.539100097634	11731.37266246185
1.0001901999312521	1720.0560791032585	2.0981060809339504e27	11953.292792364366	11730.958844246608
1.0012773631920469	1707.442847691616	2.1217649173229463e27	11966.046035628993	11730.546661461694
1.0023645264528418	1694.776796065781	2.1459653316409414e27	11978.798831688591	11730.136149492711
1.0034516897136365	1682.0571339364049	2.1707261279700158e27	11991.551182379593	11729.727345408395
1.0045388529744315	1669.2830568394988	2.1960669910512503e27	12004.303089579713	11729.320288070867
1.0056260162352262	1656.4537461550503	2.2220085396751788e27	12017.054555209988	11728.915018254287
1.0067131794960211	1643.5683692359003	2.2485723772283467e27	12029.805581236693	11728.511578774314
1.0078003427568158	1630.6260794617997	2.2757811598973084e27	12042.55616967401	11728.110014624484
1.0088875060176108	1617.6260164740766	2.3036586574666705e27	12055.306322586308	11727.710373126649
1.0099746692784057	1604.5673064856858	2.332229819924649e27	12068.056042090639	11727.312704094355
1.0110618325392005	1591.4490626239306	2.3615208524362833e27	12080.80533035958	11726.917060007294
1.0121489957999954	1578.270385332851	2.3915593008608596e27	12093.554189624461	11726.523496200058
1.0132361590607901	1565.030362983421	2.4223741342292729e27	12106.3026221784	11726.132071068825
1.014323322321585	1551.7280725775236	2.4539958350396077e27	12119.050630379656	11725.742846295632
1.0154104855823798	1538.3625805568247	2.4864565020613584e27	12131.79821665539	11725.355887090112
1.0164976488431747	1524.9329437717938	2.519789964591013e27	12144.545383505925	11724.9712624522
1.0175848121039694	1511.4382107085817	2.554031893341469e27	12157.292133508656	11724.589045296763
1.0186719753647644	1497.877422919141	2.589219924948377e27	12170.038469322086	11724.209312379187
1.0197591386255591	1484.2496165115022	2.62539381007093e27	12182.784393691123	11723.832145593513
1.020846301886354	1470.5538241508002	2.6625955525622537e27	12195.5299094523	11723.457631943094
1.0219334651471488	1456.789077233474	2.700869583146333e27	12208.275019539893	11723.085863882678
1.0230206284079437	1442.9544084500967	2.740262921846852e27	12221.019726991533	11722.7169397515
1.0241077916687384	1429.0488547597113	2.780825388650241e27	12233.764034955544	11722.350964246238
1.0251949549295334	1415.0714607616198	2.822609793317974e27	12246.507946697358	11721.988048936064
1.0262821181903283	1401.02128268227	2.8656721857505655e27	12259.251465608098	11721.628312828112
1.027369281451123	1386.897392809388	2.910072086528824e27	12271.994595212205	11721.271882981962
1.028456444711918	1372.698884756534	2.955872778707601e27	12284.737339177249	11720.91889518633
1.0295436079727127	1358.4248793287952	3.0031415957347986e27	12297.479701323293	11720.569494695335
1.0306307712335077	1344.0745313637356	3.0519502581954075e27	12310.221685633896	11720.223837037749
1.0317179344943024	1329.6470375445106	3.1023752379478e27	12322.96329626777	11719.882088902823
1.0328050977550973	1315.1416452279032	3.1544981500264715e27	12335.70453757128	11719.54442910805
1.033892261015892	1300.5574366993096	3.2084062007023956e27	12348.44541409057	11719.211044545322
1.034979424276687	1285.8925683426123	3.264192672439826e27	12361.185930571592	11718.882114678587
1.0360665875374817	1271.1448867431138	3.3219574613888177e27	12373.926091958407	11718.557828195166
1.0371537507982767	1256.3121506889818	3.3818076748260256e27	12386.665903408917	11718.238389871516
1.0382409140590714	1241.3920258448427	3.4438582930215194e27	12399.40537031314	11717.92402230604
1.0393280773198663	1226.3820789737083	3.508232909825618e27	12412.14449831374	11717.614967877567
1.040415240580661	1211.279771814522	3.575064546955683e27	12424.883293328512	11717.311490966786
1.041502403841456	1196.0824543003907	3.644496576842871e27	12437.6217615758	11717.013880476106
1.0425895671022507	1180.787357220837	3.7166837542741606e27	12450.359909602814	11716.722452699209
1.0436767303630456	1165.3915844644334	3.7917933519654326e27	12463.097744316738	11716.437554600448
1.0447638936238406	1149.8921042921047	3.870006465164562e27	12475.83527302034	11716.159567562541
1.0458510568846353	1134.2857399587215	3.9515194710233584e27	12488.572503451567	11715.888911052378
1.0469382201454303	1118.5691594833388	4.036545674131251e27	12501.309443827033	11715.626047345519
1.048025383406225	1102.7388644734092	4.1253171575586276e27	12514.046102892427	11715.371488812383
1.04911254666702	1086.7911777403906	4.218086912094061e27	12526.782489980329	11715.125803654088
1.0501997099278146	1070.722229890045	4.315131235075406e27	12539.518615074703	11714.889623530045
1.0512868731886096	1054.5279443930929	4.4167524874666826e27	12552.254488884848	11714.663652465202
1.0523740364494043	1038.204021261696	4.523282233715101e27	12564.990122929414	11714.448677268156
1.0534611997101992	1021.7459190240472	4.6350848432158716e27	12577.725529632564	11714.245579758648
1.054548362970994	1005.1488344638559	4.752561681591355e27	12590.460722435619	11714.055351170498
1.055635526231789	988.4076804613652	4.876155908274994e27	12603.195715924616	11713.879109194742
1.0567226894925836	971.5170612031467	5.006358057368882e27	12615.930525978309	11713.718118225586
1.0578098527533786	954.4712444861955	5.14371253854404e27	12628.665169940306	11713.573813519446
1.0588970160141733	937.2641306397213	5.28882524896214e27	12641.399666820176	11713.44783015994
1.0599841792749682	919.8892174946199	5.442372534955457e27	12654.134037529819	11713.342037955024
1.061071342535763	902.3395611842792	5.605111712344682e27	12666.868305160364	11713.25858370637
1.062158505796558	884.6077317250366	5.777893545169735e27	12679.6024953101	11713.19994268365
1.0632456690573528	866.6857626232048	5.961677097206444e27	12692.336636474025	11713.168981677829
1.0643328323181476	848.5650929804771	6.157547614243941e27	12705.070760512206	11713.169036714788
1.0654199955789425	830.2365020404717	6.36673788151522e27	12717.804903208154	11713.204009426065
1.0665071588397372	811.6900332195481	6.590654267545791e27	12730.53910494775	11713.278485216148
1.0675943221005322	792.9149068068439	6.830908353957046e27	12743.273411541317	11713.397886551456
1.068681485361327	773.8994186224493	7.08935574938368e27	12756.007875234152	11713.568665835066
1.0697686486221218	754.6308216364073	7.368144106483549e27	12768.742555953646	11713.798550277306
1.0708558118829166	735.0951868174552	7.669773010404314e27	12781.477522862106	11714.096859154271
1.0719429751437115	715.2772392890814	7.997169064456985e27	12794.21285630081	11714.474917471087
1.0730301384045062	695.1601634009824	8.353781090561372e27	12806.94865025151	11714.946601094129
1.0741173016653012	674.7253687147621	8.743702204170084e27	12819.685015488674	11715.529063468628
1.075204464926096	653.9522081970832	9.171827492903463e27	12832.422083645852	11716.243716589583
1.0762916281868908	632.8176343525755	9.644060665827461e27	12845.16001253859	11717.11757343468
1.0773787914476856	611.2957766600546	1.016758790592462e28	12857.898993210287	11718.185112744066
1.0784659547084805	589.3574165654193	1.0751245927363254e28	12870.639259391806	11719.49091245506
1.0795531179692754	566.9693261940599	1.140602505430476e28	12883.381100418483	11721.093436177322
1.0806402812300702	544.093426646115	1.2145767582332174e28	12896.124879143947	11723.070590544598
1.081727444490865	520.6856985873784	1.2988157198291446e28	12908.8710573023	11725.528071276502
1.0828146077516598	496.694749293552	1.3956150670507347e28	12921.620232185638	11728.612216563519
1.0839017710124548	472.0598902722323	1.508010192029881e28	12934.373191038969	11732.5303920846
1.0849889342732495	446.70850138792235	1.6401002205052304e28	12947.130994030653	11737.584418511688
1.0860760975340444	420.5523197012861	1.7975587407332728e28	12959.89510507539	11744.227557012033