0.	10000.	1.98847e26	0.	14261.239580057216
0.0008111335681325797	9975.622107813324	1.989025560091244e26	11.583558697370542	14299.198334072382
0.0016222671362651595	9953.513181401957	1.9896416273387194e26	23.195819096892762	14332.360245183532
0.0024334007043977394	9932.71319378397	1.990290770836233e26	34.83372958427553	14362.656751154076
0.003244534272530319	9912.024725366013	1.9909697471709945e26	46.49577793216812	14392.13368261424
0.0040556678406628984	9891.550815351247	1.991681749569055e26	58.18135645162456	14420.677802268237
0.004866801408795479	9871.175128177569	1.9924258724784127e26	69.88976439997904	14448.462774993894
0.005677934976928058	9850.759759570492	1.993200375291098e26	81.62047240146656	14475.687736283933
0.006489068545060638	9830.231367196957	1.9940035740947337e26	93.37307505885204	14502.460533741814
0.007300202113193217	9809.55721400292	1.994833933571762e26	105.14722969048017	14528.83360658047
0.008111335681325797	9788.726924025368	1.995690051611933e26	116.94262255291731	14554.82977831999
0.008922469249458376	9767.74059640925	1.9965706426359983e26	128.7589524298097	14580.45855307402
0.009733602817590958	9746.603791682377	1.997474526063208e26	140.59592276309922	14605.722806808908
0.010544736385723537	9725.324616091635	1.9984006177822673e26	152.45323797711592	14630.622494658484
0.011355869953856117	9703.912255806634	1.9993479228595033e26	164.33060193302524	14655.156448332973
0.012167003521988696	9682.376121702682	2.000315528777318e26	176.22771742181735	14679.32335488938
0.012978137090121276	9660.725488126367	2.0013025990132743e26	188.14428624157011	14703.122093694778
0.013789270658253855	9638.969132163707	2.0023083668673313e26	200.0800095061218	14726.552125895525
0.014600404226386435	9617.115329827731	2.003332129625448e26	212.0345880790971	14749.613405210068
0.015411537794519014	9595.171743594028	2.0043732430677277e26	224.007723045747	14772.30647475392
0.016222671362651594	9573.145403459639	2.0054311163359716e26	235.9991161517008	14794.63244894956
0.017033804930784175	9551.042805115128	2.0065052071944196e26	248.00847021671896	14816.592853691998
0.017844938498916753	9528.869867594227	2.007595017676325e26	260.03548950111445	14838.189668769883
0.018656072067049334	9506.631991776892	2.008700090089922e26	272.0798800113384	14859.425241767709
0.019467205635181915	9484.334145987576	2.0098200033848303e26	284.1413497666814	14880.302175710596
0.020278339203314493	9461.980863217568	2.010954369849305e26	296.219609015543	14900.823337769543
0.021089472771447074	9439.576295482666	2.0121028321105295e26	308.31437041016494	14920.991796348517
0.021900606339579652	9417.124276371276	2.0132650604244617e26	320.4253491515588	14940.810752304591
0.022711739907712233	9394.628340708454	2.0144407502127248e26	332.5522630881565	14960.283526603509
0.02352287347584481	9372.091761082911	2.015629619838458e26	344.6948327959327	14979.41352784509
0.024334007043977392	9349.51758632816	2.016831408599269e26	356.8527816400612	14998.204219472833
0.02514514061210997	9326.908679319715	2.0180458749053243e26	369.0258358074069	15016.659088855502
0.02595627418024255	9304.267732018528	2.0192727946322305e26	381.21372432747233	15034.781643937475
0.026767407748375133	9281.597297265473	2.020511959623355e26	393.4161790700582	15052.57538972382
0.02757854131650771	9258.899811372277	2.0217631763411093e26	405.632934746657	15070.043819225768
0.028389674884640292	9236.177622757228	2.0230262646292368e26	417.86372888446516	15087.190391265334
0.02920080845277287	9213.433002785197	2.024301056602527e26	430.1083018082813	15104.018536297504
0.03001194202090545	9190.668167817279	2.0255873956319693e26	442.3663966102213	15120.531644303393
0.03082307558903803	9167.885296805918	2.026885135410611e26	454.6377591079152	15136.73305770452
0.031634209157170606	9145.086548091904	2.0281941391202443e26	466.92213781968536	15152.626070534152
0.03244534272530319	9122.2740741878	2.0295142786475824e26	479.2192839084768	15168.213920915634
0.03325647629343577	9099.450031487704	2.0308454338781595e26	491.52895113810104	15183.499798386209
0.03406760986156835	9076.616597449412	2.0321874920620468e26	503.850895847732	15198.486835178424
0.03487874342970093	9053.775980136064	2.0335403472047602e26	516.1848768872431	15213.178110853887
0.035689876997833506	9030.930431187855	2.0349038995325325e26	528.5306555898621	15227.576650228826
0.03650101056596609	9008.082256492371	2.0362780549745684e26	540.8879957127775	15241.6854245465
0.03731214413409867	8985.233823731081	2.0376627247078823e26	553.2566634044805	15255.507356656854
0.03812327770223125	8962.387574872939	2.0390578247298963e26	565.6364271687255	15269.045318463875
0.03893441127036383	8939.546033169012	2.0404632754559094e26	578.0270578186052	15282.302136986946
0.039745544838496405	8916.71181333296	2.041879001346484e26	590.4283284375377	15295.280593750607
0.040556678406628986	8893.88762923913	2.043304930567389e26	602.8400143484251	15307.983429855589
0.04136781197476157	8871.0762996581	2.0447409946807864e26	615.2618930931285	15320.413352209207
0.04217894554289415	8848.280760097388	2.0461871283248172e26	627.6937443798171	15332.573028199957
0.04299007911102672	8825.50406734367	2.0476432689577096e26	640.1353500781177	15344.465095298401
0.043801212679159304	8802.749405655144	2.0491093565857014e26	652.5864941852768	15356.092165386499
0.044612346247291886	8780.020095901236	2.0505853335078437e26	665.0469627957282	15367.456823596727
0.04542347981542447	8757.319599342496	2.0520711441140577e26	677.5165441070952	15378.56163632831
0.04623461338355705	8734.651524375291	2.0535667346363403e26	689.9950283788249	15389.409154446399
0.04704574695168962	8712.019633273436	2.055072052972772e26	702.4822079439192	15400.001913899745
0.047856880519822204	8689.427845662305	2.0565870484813123e26	714.9778771875882	15410.342443298001
0.048668014087954785	8666.880243780462	2.0581116717907067e26	727.4818325370021	15420.433266938415
0.049479147656087366	8644.381078448989	2.0596458746444723e26	739.9938724728804	15430.276906701658
0.05029028122421994	8621.934770920436	2.0611896097256796e26	752.5137975183051	15439.875888628283
0.05110141479235252	8599.54591764932	2.0627428305118995e26	765.0414102553601	15449.232745887388
0.0519125483604851	8577.21929402105	2.0643054911043566e26	777.576515309704	15458.35002109792
0.052723681928617684	8554.959855402376	2.0658775461245773e26	790.1189193903982	15467.230272443629
0.053534815496750265	8532.7727406186	2.0674589505523987e26	802.6684312824749	15475.876076219798
0.05434594906488284	8510.663271916334	2.0690496596109968e26	815.2248618696603	15484.290030548433
0.05515708263301542	8488.636957378081	2.0706496286416556e26	827.7880241527253	15492.474759185967
0.055968216201148	8466.699489214328	2.072258812997306e26	840.3577332746324	15500.432915344376
0.056779349769280583	8444.8567440084	2.0738771679195017e26	852.9338065377921	15508.167184303438
0.05759048333741316	8423.11478110481	2.075504648454322e26	865.516063443107	15515.680287295783
0.05840161690554574	8401.479840235312	2.0771412093413047e26	878.1043257123432	15522.974984072212
0.05921275047367832	8379.958337466018	2.078786804924439e26	890.6984173217799	15530.054075839353
0.0600238840418109	8358.556861062	2.080441389066407e26	903.2981645385681	15536.920408871178
0.06083501760994348	8337.28216635023	2.082104915068436e26	915.9033959592209	15543.576876891668
0.06164615117807606	8316.14116787167	2.083777335580624e26	928.513942541326	15550.026423976919
0.06245728474620864	8295.140933981547	2.085458602552734e26	941.1296376573476	15556.272043301737
0.06326841831434121	8274.28867666694	2.0871486671528146e26	953.7503171262928	15562.316781022604
0.0640795518824738	8253.59174080503	2.088847479713445e26	966.3758192618782	15568.163739127023
0.06489068545060638	8233.057592510324	2.090554989663062e26	979.0059849127794	15573.816076126992
0.06570181901873896	8212.693807171976	2.0922711454968772e26	991.6406575167404	15579.277007448143
0.06651295258687154	8192.50805545611	2.0939958947187325e26	1004.2796831410194	15584.549803982834
0.06732408615500411	8172.508086819694	2.095729183806288e26	1016.9229105296885	15589.637794793345
0.0681352197231367	8152.7017128348125	2.097470958177502e26	1029.5701911509018	15594.544366749486
0.06894635329126927	8133.096788271926	2.0992211621669033e26	1042.2213792415853	15599.272963916355
0.06975748685940186	8113.70119211801	2.100979739000671e26	1054.8763318564538	15603.827086228077
0.07056862042753444	8094.522806963937	2.1027466307864025e26	1067.5349089104402	15608.210286482055
0.07137975399566701	8075.569495597161	2.1045217785019564e26	1080.1969732215266	15612.426170799894
0.0721908875637996	8056.849073188036	2.1063051219966276e26	1092.8623905546185	15616.4783969671
0.07300202113193217	8038.369285515045	2.1080965999953804e26	1105.531029661549	15620.37067078405
0.07381315470006476	8020.137810561037	2.1098961501085403e26	1118.2027623149932	15624.10673742445
0.07462428826819734	8002.162193738496	2.1117037088464784e26	1130.8774633446803	15627.690385657346
0.07543542183632991	7984.4498328331365	2.113519211646566e26	1143.5550106680864	15631.125441712
0.0762465554044625	7967.007949939693	2.1153425929050002e26	1156.2352853201196	15634.41576521261
0.07705768897259507	7949.843562813596	2.1171737860151686e26	1168.9181714784017	15637.565244469082
0.07786882254072766	7932.963456898609	2.1190127234105896e26	1181.6035564842364	15640.577791046935
0.07867995610886024	7916.374156244795	2.1208593366181712e26	1194.291330860011	15643.457334815395
0.07949108967699281	7900.081895945042	2.122713556311294e26	1206.9813883206914	15646.20781731274
0.0803022232451254	7884.092593535836	2.1245753123760766e26	1219.6736257815326	15648.833187197475
0.08111335681325797	7868.4118221302	2.126444533979608e26	1232.3679433611871	15651.337393204441
0.08192449038139055	7853.044784044254	2.128321149642067e26	1245.0642443793502	15653.724378413344
0.08273562394952313	7837.9962858638255	2.1302050873175548e26	1257.7624353494475	15655.998073414874
0.08354675751765571	7823.270714824207	2.1320962744787484e26	1270.4624259658972	15658.162389890547
0.0843578910857883	7808.872016829273	2.133994638203386e26	1283.1641290863001	15660.221214041896
0.08516902465392087	7794.803676843255	2.1359001052699114e26	1295.8674607076653	15662.17839993306
0.08598015822205345	7781.068700452655	2.1378126022500923e26	1308.5723399382439	15664.03776338303
0.08679129179018603	7767.718228937414	2.139732054376906e26	1321.2786884619	15665.796754811221
0.08760242535831861	7754.842940780902	2.1416583514230495e26	1333.986416817077	15667.448372227276
0.0884135589264512	7742.182765264786	2.1435914254997163e26	1346.6954561097966	15669.02986428212
0.08922469249458377	7729.722810254231	2.1455312375703484e26	1359.4057512146194	15670.545476438203
0.09003582606271635	7717.449904044178	2.1474777525450242e26	1372.1172502582099	15671.99899492952
0.09084695963084893	7705.352320514909	2.1494309388403663e26	1384.8299042764584	15673.393817230792
0.09165809319898151	7693.419559551489	2.1513907680094674e26	1397.543666922846	15674.73300873609
0.0924692267671141	7681.642169158128	2.15335721442522e26	1410.2584942185854	15676.0193488489
0.09328036033524667	7670.011600357216	2.1553302550113112e26	1422.974344336427	15677.255368938526
0.09409149390337924	7658.520086938186	2.1573098690046225e26	1435.691177412626	15678.44338394079
0.09490262747151183	7647.160545902563	2.1592960377562937e26	1448.408955382425	15679.585518720703
0.09571376103964441	7635.926493545846	2.1612887445501258e26	1461.127641835331	15680.68373036638
0.09652489460777698	7624.811974776256	2.1632879744488283e26	1473.8472018865475	15681.739827029716
0.09733602817590957	7613.811502944977	2.165293714155955e26	1486.5676020632031	15682.755484169471
0.09814716174404214	7602.920008347616	2.1673059518935537e26	1499.2888102024688	15683.732258579956
0.09895829531217473	7592.132793916938	2.1693246772894484e26	1512.0107953601544	15684.671600373302
0.0997694288803073	7581.445496829741	2.171349881284142e26	1524.733527728696	15685.574863455235
0.10058056244843988	7570.854055286845	2.1733815560410947e26	1537.4569785628526	15686.443314667564
0.10139169601657247	7560.354679330088	2.1754196948683436e26	1550.1811201121984	15687.278141824947
0.10220282958470504	7549.943825549191	2.177464292147468e26	1562.9059255607597	15688.080460771489
0.10301396315283763	7539.61817431689	2.1795153432672423e26	1575.6313689698327	15688.851321662463
0.1038250967209702	7529.374610156826	2.1815728445667936e26	1588.3574252282233	15689.591714501852
0.10463623028910278	7519.210204044289	2.18363679328133e26	1601.084070004966	15690.30257409845
0.10544736385723537	7509.122197762054	2.1857071874932794e26	1613.8112797064887	15690.984784486947
0.10625849742536794	7499.107989906574	2.187784026087564e26	1626.5390314370568	15691.639182901981
0.10706963099350053	7489.165123362013	2.189867308712278e26	1639.2673029622663	15692.266563288664
0.1078807645616331	7479.291274183146	2.191957035736134e26	1651.9960726751856	15692.867679291076
0.10869189812976568	7469.4842413109845	2.1940532082158813e26	1664.725319564774	15693.443247342933
0.10950303169789827	7459.741937493308	2.1961558278698073e26	1677.4550231872417	15693.99394958702
0.11031416526603084	7450.06238086773	2.1982648970393485e26	1690.1851636387735	15694.520436047173
0.11112529883416343	7440.443687676084	2.2003804186672593e26	1702.9157215305254	15695.023326791443
0.111936432402296	7430.884065305809	2.20250239627041e26	1715.6466779653006	15695.503213926739
0.11274756597042858	7421.381806125911	2.204630833915046e26	1728.3780145152111	15695.960663415877
0.11355869953856117	7411.935281854386	2.206765736196021e26	1741.109713201641	15696.396216736111
0.11436983310669374	7402.542938300396	2.208907108215566e26	1753.841756475566	15696.81039238332
0.11518096667482632	7393.203290666377	2.2110549555650295e26	1766.5741271998616	15697.203687305786
0.1159921002429589	7383.914919130008	2.2132092843088623e26	1779.306808632093	15697.576578185552
0.11680323381109148	7374.676464852448	2.2153701009627612e26	1792.0397844086924	15697.929522628547
0.11761436737922407	7365.486626398367	2.2175374124789447e26	1804.7730385299378	15698.262960261085
0.11842550094735664	7356.344156241201	2.2197112262366057e26	1817.5065553457334	15698.57731375531
0.11923663451548921	7347.247857474608	2.2218915500253342e26	1830.2403195422773	15698.872989767724
0.1200477680836218	7338.196581174631	2.224078392028821e26	1842.9743161293952	15699.15037971351
0.12085890165175438	7329.189223598872	2.2262717608205062e26	1855.70853042843	15699.40986048056
0.12167003521988697	7320.224723652922	2.228471665341496e26	1868.442948060952	15699.651795568969
0.12248116878801954	7311.30206053042	2.2306781148998507e26	1881.1775549381118	15699.876535593354
0.12329230235615211	7302.420251543787	2.2328911191567336e26	1893.9123372504719	15700.084418969762
0.1241034359242847	7293.578350230916	2.2351106881107657e26	1906.6472814583467	15700.2757725069
0.12491456949241728	7284.775444430353	2.2373368321001687e26	1919.3823742826341	15700.450911981827
0.12572570306054986	7276.010654386811	2.2395695617876946e26	1932.1176026960723	15700.610142679683
0.12653683662868243	7267.283131304044	2.2418088881553092e26	1944.8529539149365	15700.753759892747
0.127347970196815	7258.59205579379	2.2440548224902173e26	1957.5884153911368	15700.882049403623
0.1281591037649476	7249.936636339636	2.24630737638542e26	1970.323974804636	15700.99528791485
0.1289702373330802	7241.316108027991	2.248566561730879e26	1983.0596200563202	15701.093743442501
0.12978137090121275	7232.729731205655	2.2508323907047154e26	1995.7953392612897	15701.177675751976
0.13059250446934534	7224.176790469144	2.253104875767639e26	2008.531120741681	15701.24733670765
0.13140363803747793	7215.656593379199	2.2553840296645754e26	2021.266953021411	15701.302970622322
0.1322147716056105	7207.168469447117	2.2576698654020413e26	2034.002824818909	15701.34481458631
0.13302590517374308	7198.711769250982	2.2599623962605803e26	2046.7387250429244	15701.37309878612
0.13383703874187566	7190.285863391438	2.2622616357838674e26	2059.4746427855744	15701.388046636264
0.13464817231000822	7181.890141740049	2.26456759776765e26	2072.2105673176034	15701.389875183992
0.1354593058781408	7173.524012481894	2.2668802962637655e26	2084.9464880836317	15701.378795456998
0.1362704394462734	7165.186901358153	2.2691997455738127e26	2097.6823946969453	15701.355012658649
0.137081573014406	7156.878250920206	2.271525960247652e26	2110.4182769348395	15701.318726375377
0.13789270658253855	7148.597519961317	2.2738589550667966e26	2123.1541247346104	15701.270130814164
0.13870384015067114	7140.3441826939925	2.276198745057269e26	2135.889928188649	15701.209414999115
0.13951497371880373	7132.117728211126	2.278545345480991e26	2148.625677540892	15701.136762942017
0.14032610728693629	7123.917659788085	2.2808987718234077e26	2161.3613631823214	15701.05235388367
0.14113724085506887	7115.743494565727	2.283259039803211e26	2174.0969756477593	15700.956362457036
0.14194837442320146	7107.594762716288	2.285626165360039e26	2186.83250561147	15700.84895885601
0.14275950799133402	7099.471007124503	2.288000164657685e26	2199.5679438844595	15700.730309016883
0.1435706415594666	7091.371782799833	2.2903810540847414e26	2212.303281410176	15700.600574736141
0.1443817751275992	7083.296656555408	2.2927688502346066e26	2225.0385092621586	15700.459913825101
0.14519290869573176	7075.245206323897	2.295163569923803e26	2237.7736186399247	15700.308480278303
0.14600404226386435	7067.217021091011	2.2975652301809107e26	2250.5086008668914	15700.146424400198
0.14681517583199694	7059.211700174718	2.2999738482400112e26	2263.243447386421	15699.973892926339
0.14762630940012952	7051.228853045867	2.3023894415462657e26	2275.9781497600115	15699.791029181428
0.14843744296826208	7043.268098916611	2.3048120277474324e26	2288.7126996634966	15699.597973005692
0.14924857653639467	7035.329066373312	2.3072416246990546e26	2301.4470888853325	15699.394861091632
0.15005971010452726	7027.41139294412	2.3096782504629627e26	2314.1813093231585	15699.181827041311
0.15087084367265982	7019.514725109288	2.312121923290539e26	2326.9153529821574	15698.959001464762
0.1516819772407924	7011.6387176229955	2.3145726616422717e26	2339.6492119719555	15698.726512078567
0.152493110808925	7003.783033484152	2.317030484170836e26	2352.382878504755	15698.484483752069
0.15330424437705756	6995.947343546585	2.3194954097312443e26	2365.116344893036	15698.233038627981
0.15411537794519015	6988.131326228215	2.3219674573633227e26	2377.8496035469657	15697.97229622044
0.15492651151332273	6980.334667449104	2.324446646308004e26	2390.582646972987	15697.702373493685
0.15573764508145532	6972.5570601409645	2.3269329959992583e26	2403.3154677712114	15697.423384949503
0.15654877864958788	6964.798204207768	2.329426526057539e26	2416.0480586335266	15697.135442671784
0.15735991221772047	6957.05780614367	2.3319272563028075e26	2428.7804123421083	15696.83865639908
0.15817104578585306	6949.335579054711	2.3344352067306496e26	2441.5125217669247	15696.533133635652
0.15898217935398562	6941.631242200167	2.3369503975352938e26	2454.244379864379	15696.21897969442
0.1597933129221182	6933.944520928268	2.3394728490987334e26	2466.9759796755557	15695.896297782761
0.1606044464902508	6926.275146504393	2.3420025819844153e26	2479.707314324082	15695.56518902845
0.16141558005838336	6918.622855828522	2.3445396169440485e26	2492.4383770151358	15695.225752540091
0.16222671362651594	6910.987391456987	2.3470839749123065e26	2505.1691610333587	15694.878085507036
0.16303784719464853	6903.368501169065	2.3496356770186297e26	2517.899659741326	15694.522283204895
0.1638489807627811	6895.765938081551	2.3521947445611335e26	2530.6298665784366	15694.158439063716
0.16466011433091368	6888.179460303939	2.3547611990336425e26	2543.3597750588383	15693.786644722817
0.16547124789904627	6880.60883080449	2.3573350621051194e26	2556.089378770418	15693.406990091624
0.16628238146717886	6873.05381742182	2.3599163556321293e26	2568.81867137342	15693.019563413309
0.16709351503531142	6865.514192509491	2.3625051016551256e26	2581.547646598951	15692.624451286187
0.167904648603444	6857.989732972416	2.365101322392083e26	2594.276298247578	15692.221738741857
0.1687157821715766	6850.480220119003	2.3677050402393258e26	2607.0046201882406	15691.811509211886
0.16952691573970916	6842.9854394093045	2.3703162777796908e26	2619.7326063570777	15691.39384462616
0.17033804930784174	6835.505180542982	2.3729350577775864e26	2632.4602507560503	15690.96882545659
0.17114918287597433	6828.03923714546	2.375561403171192e26	2645.1875474516914	15690.536530742706
0.1719603164441069	6820.587406778211	2.378195337092384e26	2657.9144905740923	15690.097038150987
0.17277145001223948	6813.1494907672	2.380836882838917e26	2670.6410743158867	15689.650423932333
0.17358258358037207	6805.725294177788	2.3834860638948143e26	2683.367292930972	15689.196763044392
0.17439371714850463	6798.314625706571	2.3861429039233006e26	2696.0931407335456	15688.736129158515
0.17520485071663722	6790.917297467887	2.3888074267704493e26	2708.8186120970454	15688.2685946982
0.1760159842847698	6783.533125023677	2.391479656455885e26	2721.5437014531144	15687.794230850717
0.1768271178529024	6776.161927291246	2.3941596171890937e26	2734.2684032906604	15687.313107588694
0.17763825142103495	6768.803526355452	2.3968473333470756e26	2746.9927121548963	15686.825293734317
0.17844938498916754	6761.457747462139	2.3995428295008615e26	2759.716622646364	15686.330856968129
0.17926051855730013	6754.12441900856	2.4022461303878032e26	2772.4401294200557	15685.829863875873
0.1800716521254327	6746.803372335461	2.4049572609377623e26	2785.1632271845383	15685.322379895046
0.18088278569356528	6739.494441663958	2.4076762462522002e26	2797.885910701035	15684.808469438585
0.18169391926169787	6732.197464119655	2.4104031116238292e26	2810.6081747825574	15684.288195901594
0.18250505282983043	6724.9122796025395	2.4131378825119844e26	2823.3300142933117	15683.761621680047
0.18331618639796302	6717.638730674238	2.415880584560576e26	2836.051424147486	15683.2288081843
0.1841273199660956	6710.37666254774	2.418631243604706e26	2848.7723993087484	15682.689815828438
0.1849384535342282	6703.125923025463	2.4213898856544998e26	2861.4929347894104	15682.144704110096
0.18574958710236075	6695.8863624367905	2.4241565368992204e26	2874.2130256496707	15681.593531611965
0.18656072067049334	6688.657833558483	2.4269312237178747e26	2886.932666996891	15681.036356042232
0.18737185423862593	6681.440191595159	2.4297139726614902e26	2899.6518539848707	15680.473234194287
0.1881829878067585	6674.2332939817215	2.4325048104770083e26	2912.3705818131293	15679.904222005069
0.18899412137489108	6667.037000549016	2.435303764079675e26	2925.0888457262276	15679.329374590798
0.18980525494302367	6659.8511732929555	2.4381108605849267e26	2937.8066410131	15678.748746253294
0.19061638851115623	6652.675676456099	2.4409261272750013e26	2950.5239630063925	15678.162390501397
0.19142752207928881	6645.51037637959	2.4437495916343024e26	2963.240807081833	15677.57036002393
0.1922386556474214	6638.355141459993	2.446581281315034e26	2975.957168657592	15676.972706762597
0.19304978921555396	6631.209842121254	2.4494212241713793e26	2988.673043193656	15676.369481910795
0.19386092278368655	6624.074350824958	2.4522694482284755e26	3001.388426191239	15675.76073595585
0.19467205635181914	6616.94854193298	2.4551259817114644e26	3014.1033131921918	15675.146518621954
0.19548318991995173	6609.832291751206	2.4579908530213722e26	3026.8176997784253	15674.526878927609
0.1962943234880843	6602.725478444553	2.4608640907557802e26	3039.531581571343	15673.901865208842
0.19710545705621688	6595.627981961999	2.4637457236943293e26	3052.244954231279	15673.271525143458
0.19791659062434946	6588.5396840145895	2.4666357808090517e26	3064.9578134569533	15672.635905747895
0.19872772419248202	6581.460468085192	2.4695342912610652e26	3077.6701549849577	15671.995053369666
0.1995388577606146	6574.390219358342	2.472441284399173e26	3090.3819745892342	15671.349013741104
0.2003499913287472	6567.3288246894945	2.475356789768447e26	3103.0932680805718	15670.697831976766
0.20116112489687976	6560.276172576553	2.4782808370972513e26	3115.804031306109	15670.04155261004
0.20197225846501235	6553.232153029704	2.481213456317033e26	3128.5142601488446	15669.380219519151
0.20278339203314494	6546.196657710425	2.4841546775390625e26	3141.223950527142	15668.713876030746
0.20359452560127753	6539.169579746608	2.4871045310858686e26	3153.9330983942828	15668.042564896668
0.2044056591694101	6532.1508138048	2.4900630474595444e26	3166.6416997379083	15667.366328327538
0.20521679273754267	6525.14025604044	2.4930302573550848e26	3179.3497505798955	15666.685207968349
0.20602792630567526	6518.137804011131	2.4960061916715418e26	3192.0572469755657	15665.999244911884
0.20683905987380782	6511.143356686551	2.4989908815101754e26	3204.764185013325	15665.308479736554
0.2076501934419404	6504.1568144065195	2.5019843581605592e26	3217.470560814241	15664.612952507357
0.208461327010073	6497.178078843268	2.504986653108653e26	3230.176370531639	15663.912702793566
0.20927246057820556	6490.207053001526	2.5079977980529352e26	3242.8816103508543	15663.207769625405
0.21008359414633815	6483.243641223706	2.511017824873648e26	3255.586276488745	15662.498191571127
0.21089472771447074	6476.287749068366	2.5140467656712958e26	3268.2903651932065	15661.784006716094
0.2117058612826033	6469.339283379004	2.5170846527330896e26	3280.993872742788	15661.065252697343
0.21251699485073589	6462.398152206335	2.5201315185551224e26	3293.696795446306	15660.34196662618
0.21332812841886847	6455.464264787837	2.5231873958411376e26	3306.3991296424824	15659.614185175406
0.21413926198700106	6448.537531571455	2.5262523174865103e26	3319.100871699731	15658.881944593348
0.21495039555513362	6441.617864102501	2.5293263166128274e26	3331.8020180157405	15658.145280701634
0.2157615291232662	6434.705175109215	2.532409426527349e26	3344.502565017029	15657.404228896658
0.2165726626913988	6427.799378383446	2.535501680760397e26	3357.2025091586006	15656.65882412344
0.21738379625953136	6420.90038881921	2.5386031130438223e26	3369.901846923608	15655.909100932544
0.21819492982766395	6414.008122385303	2.5417137573150504e26	3382.6005748230405	15655.155093471525
0.21900606339579654	6407.122496063437	2.5448336477368437e26	3395.2986893955253	15654.396835507136
0.2198171969639291	6400.243427918848	2.547962818664052e26	3407.996187206954	15653.634360378472
0.22062833053206168	6393.370836988213	2.5511013046850154e26	3420.6930648500806	15652.867701053989
0.22143946410019427	6386.504643289959	2.5542491405856106e26	3433.389318944206	15652.096890127379
0.22225059766832686	6379.644767798177	2.5574063613737106e26	3446.0849461348766	15651.321959832267
0.22306173123645942	6372.791132450092	2.560573002276556e26	3458.779943093599	15650.54294202606
0.223872864804592	6365.943660145841	2.5637490987258608e26	3471.474306517668	15649.759868199417
0.2246839983727246	6359.102274654945	2.5669346863925347e26	3484.1680331298435	15648.97276949809
0.22549513194085716	6352.266900698977	2.5701298011455333e26	3496.861119677968	15648.181676731247
0.22630626550898975	6345.437463840513	2.5733344790909984e26	3509.553562934695	15647.386620379788
0.22711739907712233	6338.613890528222	2.5765487565488557e26	3522.245359697215	15646.587630552425
0.2279285326452549	6331.7961080700725	2.579772670058893e26	3534.936506786994	15645.784737051034
0.22873966621338748	6324.984044580827	2.5830062563995944e26	3547.6270010496255	15644.977969352847
0.22955079978152007	6318.1776290500575	2.5862495525550583e26	3560.316839354541	15644.167356638281
0.23036193334965263	6311.376791219977	2.5895025957582136e26	3573.0060185946645	15643.352927748689
0.23117306691778522	6304.581461667751	2.5927654234521616e26	3585.694535686159	15642.534711221297
0.2319842004859178	6297.791571728326	2.5960380733178563e26	3598.382387568183	15641.712735298306
0.2327953340540504	6291.007053495202	2.5993205832694382e26	3611.069571202658	15640.887027929573
0.23360646762218296	6284.227839856868	2.6026129914400345e26	3623.7560835741265	15640.057616787555
0.23441760119031554	6277.45386440597	2.605915336218489e26	3636.44192168951	15639.224529222678
0.23522873475844813	6270.685061467042	2.6092276562048115e26	3649.12708257778	15638.387792321315
0.2360398683265807	6263.9213660591695	2.6125499902537e26	3661.8115632897307	15637.54743289177
0.23685100189471328	6257.162713931093	2.6158823774475862e26	3674.495360897758	15636.703477487501
0.23766213546284587	6250.409041523884	2.6192248571051343e26	3687.1784724956497	15635.85595237927
0.23847326903097843	6243.660285938789	2.6225774688000813e26	3699.8608951984334	15635.004883461106
0.23928440259911102	6236.9163850184095	2.625940252326762e26	3712.5426261420903	15634.15029639186
0.2400955361672436	6230.177277181548	2.629313247746416e26	3725.223662483295	15633.29221660964
0.2409066697353762	6223.442901529513	2.6326964953454528e26	3737.904001399232	15632.43066934355
0.24171780330350875	6216.7131977761455	2.6360900356658483e26	3750.583640087407	15631.56567953695
0.24252893687164134	6209.988106254987	2.6394939094991055e26	3763.2625757654464	15630.697271903498
0.24334007043977393	6203.267567944652	2.642908157873165e26	3775.940805670978	15629.825470920649
0.2441512040079065	6196.551524379418	2.6463328220899624e26	3788.6183270614506	15628.950300834553
0.24496233757603908	6189.839917721876	2.6497679436875986e26	3801.295137213845	15628.071785642007
0.24577347114417167	6183.132690729824	2.6532135644520725e26	3813.971233424488	15627.189949110321
0.24658460471230423	6176.429786707392	2.656669726436945e26	3826.6466130088697	15626.304814783409
0.24739573828043682	6169.731149525597	2.6601364719513448e26	3839.3212733014607	15625.41640598491
0.2482068718485694	6163.036723645509	2.6636138435517732e26	3851.9952116556055	15624.524745834487
0.24901800541670197	6156.346454042387	2.6671018840773396e26	3864.6684254433676	15623.62985719962
0.24982913898483455	6149.660286237684	2.6706006366042583e26	3877.3409120552587	15622.731762751513
0.2506402725529671	6142.9781662612695	2.6741101444929523e26	3890.012668900064	15621.83048494941
0.25145140612109973	6136.300040692893	2.6776304513571168e26	3902.6836934046755	15620.926046058848
0.2522625396892323	6129.625856622848	2.6811616010761182e26	3915.3539830139293	15620.018468130558
0.25307367325736485	6122.955561618945	2.68470363781245e26	3928.023535190506	15619.107773002079
0.25388480682549747	6116.289103796367	2.688256605977077e26	3940.6923474147916	15618.19398232901
0.25469594039363	6109.626431705078	2.6918205502785366e26	3953.3604171846328	15617.27711756553
0.25550707396176264	6102.967494419079	2.6953955156781913e26	3966.0277420151765	15616.357199994036
0.2563182075298952	6096.312241463228	2.6989815474236385e26	3978.6943194387127	15615.434250676233
0.25712934109802776	6089.660622815563	2.7025786910458594e26	3991.3601470045287	15614.508290495898
0.2579404746661604	6083.0125889453775	2.7061869923407896e26	4004.0252222788117	15613.579340160322
0.25875160823429294	6076.36809077562	2.7098064973821134e26	4016.689542844362	15612.647420200092
0.2595627418024255	6069.727079657319	2.7134372525579167e26	4029.353106301248	15611.712550970513
0.2603738753705581	6063.08950736691	2.717079304508747e26	4042.0159102647367	15610.774752626217
0.2611850089386907	6056.455326153217	2.7207327001663533e26	4054.677952367289	15609.834045167328
0.26199614250682324	6049.824488655152	2.7243974867677967e26	4067.339230257623	15608.890448419203
0.26280727607495585	6043.196947912757	2.7280737118245595e26	4079.9997415994644	15607.943982044317
0.2636184096430884	6036.5726574252785	2.7317614231627758e26	4092.6594840735297	15606.994665539352
0.264429543211221	6029.951571096983	2.7354606688841705e26	4105.318455375967	15606.042518228396
0.2652406767793536	6023.3336432125525	2.739171497376733e26	4117.976653217752	15605.08755920548
0.26605181034748615	6016.71882847172	2.7428939573658444e26	4130.63407532649	15604.129807389347
0.2668629439156187	6010.107081961438	2.7466280978466146e26	4143.290719444426	15603.16928160913
0.2676740774837513	6003.498359129472	2.75037396810884e26	4155.946583328583	15602.206000532997
0.2684852110518839	5996.89261578322	2.754131617788999e26	4168.601664752204	15601.239982672258
0.26929634462001645	5990.289808138276	2.757901096795245e26	4181.255961502593	15600.27124639673
0.27010747818814906	5983.689892791329	2.7616824553432127e26	4193.909471382012	15599.29980992964
0.2709186117562816	5977.092826638685	2.7654757439882043e26	4206.562192207738	15598.325691350075
0.2717297453244142	5970.4985669855805	2.769281013572522e26	4219.214121811522	15597.348908575172
0.2725408788925468	5963.907071457891	2.7730983152671678e26	4231.865258039525	15596.369479383227
0.27335201246067936	5957.3182980206675	2.7769277005616572e26	4244.5155987522285	15595.387421412326
0.274163146028812	5950.732205015939	2.7807692212502858e26	4257.165141824493	15594.402752167098
0.27497427959694454	5944.148751069101	2.784622929478446e26	4269.813885145351	15593.415489019331
0.2757854131650771	5937.567895181185	2.7884888776893772e26	4282.4618266178	15592.42564918435
0.2765965467332097	5930.989596652932	2.7923671186646752e26	4295.108964158696	15591.433249752647
0.2774076803013423	5924.413815095458	2.7962577055193723e26	4307.755295698675	15590.438307681254
0.27821881386947483	5917.840510475545	2.8001606916832924e26	4320.4008191822095	15589.440839803698
0.27902994743760745	5911.269643021731	2.8040761309475393e26	4333.04553256738	15588.440862827956
0.27984108100574	5904.701173291524	2.8080040774251636e26	4345.689433825697	15587.438393313225
0.28065221457387257	5898.135062160392	2.8119445855569554e26	4358.332520942002	15586.433447707761
0.2814633481420052	5891.571270790352	2.815897710125322e26	4370.974791914249	15585.426042334766
0.28227448171013775	5885.009760624195	2.8198635062925294e26	4383.616244754332	15584.416193393909
0.2830856152782703	5878.45049340691	2.823842029529136e26	4396.256877486464	15583.403916977124
0.2838967488464029	5871.89343116984	2.8278333356492986e26	4408.896688147839	15582.389229032986
0.2847078824145355	5865.338536199868	2.8318374808643697e26	4421.535674789432	15581.372145400506
0.28551901598266805	5858.785771073706	2.8358545216933834e26	4434.173835473817	15580.352681805001
0.28633014955080066	5852.235098691475	2.8398845150233992e26	4446.81116827711	15579.330853865458
0.2871412831189332	5845.686482177847	2.8439275181162614e26	4459.447671288067	15578.306677091225
0.2879524166870658	5839.139884895832	2.8479835885710505e26	4472.083342607079	15577.280166854958
0.2887635502551984	5832.595270485614	2.8520527843905407e26	4484.7181803482035	15576.25133842999
0.28957468382333096	5826.052602874303	2.856135163908085e26	4497.352182637048	15575.220206986827
0.2903858173914635	5819.5118462514865	2.8602307858236548e26	4509.985347611513	15574.186787590561
0.29119695095959613	5812.972965002036	2.8643397092437788e26	4522.6176734219935	15573.151095199402
0.2920080845277287	5806.435923810893	2.8684619936204795e26	4535.2491582308285	15572.113144651043
0.2928192180958613	5799.900687596036	2.8725976987921856e26	4547.879800212241	15571.072950617014
0.29363035166399387	5793.367221496708	2.8767468849902048e26	4560.509597552334	15570.030527696006
0.29444148523212643	5786.835490908419	2.8809096128161226e26	4573.1385484491675	15568.98589041743
0.29525261880025905	5780.305461470886	2.8850859432510413e26	4585.766651112485	15567.93905321712
0.2960637523683916	5773.777099026918	2.889275937683702e26	4598.39390376371	15566.890030423401
0.29687488593652417	5767.250369633817	2.8934796578856243e26	4611.020304635543	15565.838836256018
0.2976860195046568	5760.725239612736	2.8976971660210416e26	4623.645851972782	15564.785484850494
0.29849715307278935	5754.20167548185	2.901928524662773e26	4636.270544031254	15563.729990243168
0.2993082866409219	5747.679643978509	2.906173796775105e26	4648.894379077923	15562.672366376422
0.3001194202090545	5741.159112085786	2.9104330457258067e26	4661.517355391614	15561.612627113305
0.3009305537771871	5734.640046956079	2.914706335305261e26	4674.139471262033	15560.550786198015
0.30174168734531964	5728.1224159530375	2.9189937296969094e26	4686.760724989701	15559.486857293343
0.30255282091345226	5721.606186688421	2.9232952934989654e26	4699.381114886759	15558.420853979127
0.3033639544815848	5715.091326919728	2.9276110917472512e26	4712.000639276129	15557.352789737126
0.3041750880497174	5708.577804621958	2.9319411898733404e26	4724.619296491251	15556.282677968524
0.30498622161785	5702.065588025331	2.9362856537360876e26	4737.237084876981	15555.210531992343
0.30579735518598256	5695.554645478811	2.940644549637463e26	4749.854002788576	15554.136365023684
0.3066084887541151	5689.044945564107	2.9450179442915237e26	4762.4700485920985	15553.060190204445
0.30741962232224773	5682.536457045667	2.9494059048489875e26	4775.085220664189	15551.982020591815
0.3082307558903803	5676.029148847195	2.953808498913568e26	4787.699517392043	15550.901869155736
0.30904188945851285	5669.522990111452	2.9582257945100527e26	4800.312937173402	15549.81974879701
0.30985302302664547	5663.017950174217	2.9626578601079484e26	4812.925478416273	15548.735672324112
0.31066415659477803	5656.513998512909	2.967104764628099e26	4825.537139539465	15547.649652463253
0.31147529016291065	5650.0111047849	2.9715665774469488e26	4838.147918971594	15546.56170186387
0.3122864237310432	5643.50923885199	2.9760433683724503e26	4850.757815151683	15545.471833102523
0.31309755729917577	5637.008370711085	2.980535207706189e26	4863.366826528917	15544.380058672688
0.3139086908673084	5630.508470544133	2.985042166190573e26	4875.974951562601	15543.286391001646
0.31471982443544094	5624.009508727567	2.9895643150213817e26	4888.582188722046	15542.190842429633
0.3155309580035735	5617.511455756008	2.9941017258760046e26	4901.188536486582	15541.09342522249
0.3163420915717061	5611.014282319112	2.998654470912524e26	4913.793993345466	15539.994151578072
0.3171532251398387	5604.517959260931	3.003222622736292e26	4926.398557797789	15538.893033620621
0.31796435870797124	5598.022457557664	3.0078062544702914e26	4939.002228352449	15537.790083398457
0.31877549227610386	5591.527748370018	3.0124054396992817e26	4951.605003528101	15536.68531290134
0.3195866258442364	5585.033803009539	3.0170202524847615e26	4964.206881853103	15535.57873401863
0.320397759412369	5578.540592939723	3.0216507673961456e26	4976.807861865394	15534.470358547134
0.3212088929805016	5572.048089757383	3.0262970595045314e26	4989.407942112468	15533.360198230981
0.32202002654863415	5565.556265257895	3.03095920435087e26	5002.007121151328	15532.248264772352
0.3228311601167667	5559.065091317192	3.0356372780066398e26	5014.605397548442	15531.134569793147
0.32364229368489933	5552.57453995916	3.0403313570493783e26	5027.202769879671	15530.019124854554
0.3244534272530319	5546.084583377471	3.0450415185550685e26	5039.799236730222	15528.901941445234
0.32526456082116445	5539.595193918833	3.049767840100696e26	5052.394796694551	15527.783030994378
0.32607569438929707	5533.106344029231	3.0545103998239552e26	5064.9894483765565	15526.66240486096
0.3268868279574296	5526.618006305566	3.0592692763568198e26	5077.583190389069	15525.540074342674
0.3276979615255622	5520.130153493503	3.0640445488502986e26	5090.176021354113	15524.416050676597
0.3285090950936948	5513.642758428868	3.068836297027886e26	5102.767939902951	15523.290345032747
0.32932022866182736	5507.155794104596	3.0736446011260445e26	5115.358944675812	15522.162968521236
0.3301313622299599	5500.669233653083	3.078469541907068e26	5127.949034321822	15521.033932188546
0.33094249579809254	5494.183050325148	3.0833112006804186e26	5140.538207498993	15519.90324702274
0.3317536293662251	5487.697217465677	3.088169659347848e26	5153.1264628745275	15518.770923946744
0.3325647629343577	5481.211708572334	3.0930450003251466e26	5165.713799124288	15517.636973829492
0.3333758965024903	5474.726497258113	3.0979373065777796e26	5178.300214932683	15516.501407480275
0.33418703007062284	5468.2415572461805	3.1028466616827336e26	5190.885708993271	15515.364235653346
0.33499816363875545	5461.756862401336	3.107773149749909e26	5203.470280008217	15514.22546904143
0.335809297206888	5455.272386682853	3.112716855453598e26	5216.0539266880305	15513.08511827894
0.3366204307750206	5448.788104143303	3.117677864083006e26	5228.636647752128	15511.94319394171
0.3374315643431532	5442.303988965888	3.122656261496828e26	5241.218441928556	15510.799706553276
0.33824269791128575	5435.8200154607175	3.127652134112689e26	5253.799307953541	15509.654666585166
0.3390538314794183	5429.336158058563	3.132665568950347e26	5266.379244571941	15508.50808445668
0.3398649650475509	5422.852391248102	3.137696653669807e26	5278.958250537262	15507.359970528734
0.3406760986156835	5416.3686896546205	3.142745476486908e26	5291.536324611068	15506.210335106696
0.34148723218381605	5409.885028015279	3.147812126222306e26	5304.113465563331	15505.05918844692
0.34229836575194866	5403.401381124608	3.152896692353381e26	5316.68967217244	15503.906540746737
0.3431094993200812	5396.917723914973	3.157999264944893e26	5329.264943224985	15502.752402158563
0.3439206328882138	5390.434031430567	3.163119934673094e26	5341.839277515758	15501.596782786099
0.3447317664563464	5383.950278778118	3.168258792861742e26	5354.412673847708	15500.439692676397
0.34554290002447896	5377.466441153208	3.173415931476631e26	5366.985131031904	15499.281141827556
0.3463540335926115	5370.9824938996835	3.178591443098591e26	5379.556647887537	15498.121140196608
0.34716516716074414	5364.498412438395	3.183785420953816e26	5392.127223241872	15496.959697674225
0.3479763007288767	5358.014172252295	3.188997958946789e26	5404.696855930152	15495.796824078441
0.34878743429700926	5351.529748948367	3.194229151607435e26	5417.265544795553	15494.632529199778
0.3495985678651419	5345.045118206125	3.199479094136476e26	5429.833288689164	15493.466822790439
0.35040970143327443	5338.560255769428	3.2047478824188724e26	5442.400086469959	15492.299714550027
0.35122083500140705	5332.075137503827	3.210035612988232e26	5454.965937004804	15491.131214137557
0.3520319685695396	5325.589739367442	3.215342383048486e26	5467.530839168354	15489.961331169901
0.35284310213767217	5319.104037362632	3.220668290530219e26	5480.094791843155	15488.790075206685
0.3536542357058048	5312.61800758328	3.2260134340250364e26	5492.657793919275	15487.617455763886
0.35446536927393735	5306.131626224743	3.231377912809241e26	5505.219844294552	15486.44348231762
0.3552765028420699	5299.644869567216	3.236761826873486e26	5517.78094187466	15485.268164300638
0.3560876364102025	5293.157713927665	3.242165276932165e26	5530.341085572785	15484.091511094231
0.3568987699783351	5286.670135719945	3.247588364391806e26	5542.900274309579	15482.913532039787
0.35770990354646764	5280.182111475953	3.253031191376342e26	5555.458507013465	15481.734236443415
0.35852103711460026	5273.693617729948	3.2584938607692235e26	5568.015782620286	15480.553633556441
0.3593321706827328	5267.204631125579	3.263976476165968e26	5580.572100073401	15479.37173259505
0.3601433042508654	5260.715128399364	3.269479141883467e26	5593.127458323624	15478.18854273317
0.360954437818998	5254.225086324109	3.27500196301219e26	5605.681856329188	15477.004073099892
0.36176557138713056	5247.734481736079	3.2805450454000986e26	5618.23529305571	15475.818332782184
0.3625767049552631	5241.243291574072	3.286108495625932e26	5630.787767476162	15474.631330832903
0.36338783852339573	5234.751492838123	3.291692421039527e26	5643.339278570851	15473.443076263811
0.3641989720915283	5228.259062552479	3.29729692979926e26	5655.889825327378	15472.253578039317
0.36501010565966086	5221.765977843779	3.302922130811749e26	5668.439406740604	15471.062845091552
0.36582123922779347	5215.27221591542	3.308568133758596e26	5680.988021812618	15469.870886316534
0.36663237279592603	5208.777753990229	3.314235049150883e26	5693.535669552702	15468.677710566164
0.3674435063640586	5202.282569364196	3.3199229882901184e26	5706.0823489773	15467.48332665108
0.3682546399321912	5195.786639406155	3.3256320632745756e26	5718.628059109989	15466.287743349254
0.36906577350032377	5189.289941551694	3.331362387010434e26	5731.172798981449	15465.09096940305
0.3698769070684564	5182.792453286798	3.337114073232392e26	5743.716567629435	15463.893013516652
0.37068804063658894	5176.294152120234	3.342887236535147e26	5756.259364098754	15462.693884351396
0.3714991742047215	5169.795015657124	3.3486819923161966e26	5768.8011874412305	15461.493590540074
0.3723103077728541	5163.295021562276	3.35449845681282e26	5781.342036715675	15460.29214068078
0.3731214413409867	5156.794147508713	3.3603367471537627e26	5793.881910987852	15459.089543327902
0.37393257490911924	5150.292371244776	3.366196981307833e26	5806.4208093304505	15457.885807004703
0.37474370847725186	5143.789670594732	3.372079278090772e26	5818.9587308230575	15456.680940201288
0.3755548420453844	5137.28602340798	3.3779837572182365e26	5831.495674552116	15455.474951343023
0.376365975613517	5130.781407565652	3.3839105393044657e26	5844.031639610897	15454.267848838103
0.3771771091816496	5124.275801031443	3.389859745822297e26	5856.566625099483	15453.05964107112
0.37798824274978216	5117.769181816187	3.3958314991467736e26	5869.1006301247535	15451.850336393334
0.3787993763179147	5111.261527929404	3.4018259226034095e26	5881.633653800344	15450.639943113869
0.37961050988604733	5104.752817461141	3.4078431404025244e26	5894.165695246622	15449.42846951549
0.3804216434541799	5098.2430285620985	3.4138832776640506e26	5906.696753590651	15448.215923851509
0.38123277702231245	5091.732139386531	3.4199464604766537e26	5919.226827966176	15447.00231433564
0.38204391059044507	5085.220128125206	3.426032815869211e26	5931.755917513591	15445.787649148573
0.38285504415857763	5078.706973049036	3.4321424717928925e26	5944.284021379908	15444.571936446682
0.3836661777267102	5072.1926524681685	3.438275557168859e26	5956.8111387187455	15443.35518435484
0.3844773112948428	5065.677144681474	3.4444322019208724e26	5969.337268690304	15442.137400958947
0.38528844486297537	5059.160428061885	3.450612536922267e26	5981.862410461331	15440.918594318699
0.3860995784311079	5052.6424810168855	3.456816694034584e26	5994.386563205103	15439.69877246327
0.38691071199924054	5046.123282006101	3.4630448060985747e26	6006.909726101385	15438.47794339509
0.3877218455673731	5039.602809484272	3.4692970070052075e26	6019.431898336457	15437.256115079577
0.3885329791355057	5033.081041947279	3.4755734316432846e26	6031.953079102994	15436.033295453912
0.3893441127036383	5026.557957949785	3.4818742159010334e26	6044.473267600086	15434.809492430835
0.39015524627177084	5020.033536076206	3.4881994967107355e26	6056.992463033285	15433.584713893757
0.39096637983990346	5013.507754897977	3.494549412091114e26	6069.510664614532	15432.358967689148
0.391777513408036	5006.980593038536	3.5009241010836165e26	6082.027871562097	15431.13226163929
0.3925886469761686	5000.452029179067	3.507323703774853e26	6094.544083100569	15429.904603543737
0.3933997805443012	4993.9220420169095	3.513748361338348e26	6107.059298460834	15428.676001171927
0.39421091411243375	4987.390610234943	3.520198216067277e26	6119.573516880106	15427.446462258124
0.3950220476805663	4980.857712583552	3.526673411317804e26	6132.0867376018805	15426.21599451678
0.39583318124869893	4974.32332784596	3.5331740915396926e26	6144.598959875885	15424.984605637057
0.3966443148168315	4967.78743479667	3.539700402326782e26	6157.110182958048	15423.752303275236
0.39745544838496405	4961.250012223893	3.5462524904007564e26	6169.620406110482	15422.519095060217
0.39826658195309667	4954.711038969002	3.5528305035944866e26	6182.1296286015	15421.284988598121
0.3990777155212292	4948.170493915906	3.559434590892884e26	6194.637849705614	15420.049991474685
0.3998888490893618	4941.6283559122285	3.5660649024802416e26	6207.145068703454	15418.814111238962
0.4006999826574944	4935.0846038458485	3.572721589688141e26	6219.651284881747	15417.577355418587
0.40151111622562696	4928.5392166457	3.57940480500497e26	6232.156497533295	15416.339731521226
0.4023222497937595	4921.99217325127	3.58611470212221e26	6244.660705956991	15415.101247016042
0.40313338336189214	4915.443452579799	3.59285143598542e26	6257.163909457811	15413.861909335876
0.4039445169300247	4908.893033591449	3.599615162719734e26	6269.666107346745	15412.621725902538
0.40475565049815726	4902.340895289338	3.606406039661725e26	6282.167298940776	15411.380704122503
0.4055667840662899	4895.787016664649	3.6132242254098645e26	6294.667483562867	15410.138851372725
0.40637791763442244	4889.23137669449	3.620069879834916e26	6307.166660541948	15408.896175000915
0.40718905120255505	4882.673954406886	3.6269431640473235e26	6319.664829212951	15407.65268233836
0.4080001847706876	4876.114728847621	3.633844240426838e26	6332.16198891674	15406.408380694103
0.4088113183388202	4869.553679026577	3.640773272680743e26	6344.658139000077	15405.163277344998
0.4096224519069528	4862.990783981137	3.647730425808292e26	6357.153278815605	15403.91737954833
0.41043358547508535	4856.426022790289	3.654715866095153e26	6369.6474077218245	15402.670694544706
0.4112447190432179	4849.859374529433	3.66172976116555e26	6382.140525083155	15401.4232295501
0.4120558526113505	4843.290818240428	3.668772280034625e26	6394.632630269859	15400.174991750348
0.4128669861794831	4836.72033299784	3.675843593040856e26	6407.123722658	15398.925988314038
0.41367811974761565	4830.147897893949	3.682943871868668e26	6419.613801629431	15397.676226390446
0.41448925331574826	4823.573492016242	3.6900732895970496e26	6432.102866571785	15396.425713105225
0.4153003868838808	4816.997094437175	3.6972320207438137e26	6444.590916878493	15395.174455558936
0.4161115204520134	4810.41868424984	3.704420241209582e26	6457.0779519487605	15393.922460834501
0.416922654020146	4803.838240548198	3.711638128319879e26	6469.563971187512	15392.669735993437
0.41773378758827856	4797.2557424337065	3.7188858608217327e26	6482.048974005371	15391.416288077702
0.4185449211564111	4790.671168997977	3.726163618929126e26	6494.532959818648	15390.16212410666
0.41935605472454374	4784.084499317497	3.733471584358681e26	6507.015928049369	15388.907251076622
0.4201671882926763	4777.495712491467	3.740809940279757e26	6519.497878125247	15387.651675968214
0.42097832186080886	4770.904787626184	3.7481788713493806e26	6531.978809479639	15386.395405743988
0.4217894554289415	4764.311703789422	3.755578563772545e26	6544.458721551523	15385.138447339865
0.42260058899707403	4757.716440039907	3.763009205279817e26	6556.937613785474	15383.88080767133
0.4234117225652066	4751.118975462307	3.770470985116931e26	6569.4154856316845	15382.622493640425
0.4242228561333392	4744.51928915287	3.777964094100263e26	6581.892336545978	15381.363512132983
0.42503398970147177	4737.917360143644	3.785488724670696e26	6594.3681659897375	15380.1038700055
0.4258451232696044	4731.313167483111	3.793045070832408e26	6606.842973429886	15378.843574099697
0.42665625683773695	4724.706690227796	3.8006333281714195e26	6619.31675833887	15377.582631242147
0.4274673904058695	4718.097907417042	3.8082536939110105e26	6631.789520194668	15376.321048239583
0.4282785239740021	4711.486798056424	3.815906366974952e26	6644.261258480814	15375.05883187629
0.4290896575421347	4704.87334116304	3.823591547907548e26	6656.731972686331	15373.795988919226
0.42990079111026724	4698.257515760146	3.8313094389107616e26	6669.201662305699	15372.532526100169
0.43071192467839986	4691.639300826731	3.8390602439071324e26	6681.670326838837	15371.268450135538
0.4315230582465324	4685.018675313115	3.846844168548242e26	6694.1379657911	15370.003767733506
0.432334191814665	4678.395618195085	3.8546614201988355e26	6706.604578673318	15368.738485591944
0.4331453253827976	4671.7701084165055	3.8625122079807185e26	6719.070165001755	15367.472610388357
0.43395645895093016	4665.142124922312	3.870396742760868e26	6731.534724298067	15366.206148786256
0.4347675925190627	4658.511646605412	3.878315237217907e26	6743.998256089278	15364.93910742579
0.43557872608719533	4651.87865233837	3.88626790585212e26	6756.460759907812	15363.671492929696
0.4363898596553279	4645.243121019578	3.89425496494804e26	6768.922235291451	15362.403311912814
0.43720099322346045	4638.605031515886	3.902276632639789e26	6781.382681783364	15361.13457097123
0.43801212679159307	4631.964362629675	3.910333128980888e26	6793.842098932051	15359.86527667652
0.43882326035972563	4625.321093170111	3.918424675872597e26	6806.300486291333	15358.595435589557
0.4396343939278582	4618.675201922422	3.9265514971138964e26	6818.7578434203415	15357.325054254894
0.4404455274959908	4612.026667666323	3.934713818414684e26	6831.2141698835085	15356.054139205025
0.44125666106412337	4605.375469154339	3.942911867440071e26	6843.669465250545	15354.782696956283
0.44206779463225593	4598.721585070062	3.951145873867349e26	6856.123729096467	15353.510734001125
0.44287892820038854	4592.064994112602	3.959416069316546e26	6868.576961001553	15352.238256824807
0.4436900617685211	4585.405674957453	3.967722687402898e26	6881.029160551331	15350.965271898127
0.4445011953366537	4578.74360622533	3.9760659638217014e26	6893.480327336568	15349.691785672132
0.4453123289047863	4572.078766514071	3.9844461363085085e26	6905.930460953247	15348.417804583802
0.44612346247291884	4565.41113440375	3.99286344465023e26	6918.3795610025645	15347.143335058256
0.44693459604105146	4558.7406884449065	4.00131813073099e26	6930.827627090929	15345.868383506422
0.447745729609184	4552.067407160662	4.009810438552336e26	6943.274658829953	15344.592956325521
0.4485568631773166	4545.391269013913	4.0183406143198915e26	6955.720655836446	15343.317059893663
0.4493679967454492	4538.712252454875	4.026908906363751e26	6968.1656177323675	15342.040700579442
0.45017913031358175	4532.030335916631	4.03551556517791e26	6980.609544144828	15340.763884740263
0.4509902638817143	4525.34549777472	4.0441608434927355e26	6993.052434706082	15339.486618715864
0.45180139744984693	4518.657716341953	4.05284499631791e26	7005.494289053529	15338.208908827513
0.4526125310179795	4511.966969946577	4.061568280890845e26	7017.935106829715	15336.930761393447
0.45342366458611205	4505.273236876107	4.070330956723527e26	7030.374887682299	15335.652182718326
0.45423479815424467	4498.57649533606	4.079133285689077e26	7042.813631264042	15334.373179085589
0.45504593172237723	4491.876723507648	4.0879755319905695e26	7055.251337232776	15333.093756769078
0.4558570652905098	4485.173899553594	4.096857962172496e26	7067.688005251419	15331.81392203427
0.4566681988586424	4478.468001584224	4.105780845182612e26	7080.123634987987	15330.533681132309
0.45747933242677497	4471.759007679672	4.114744452377495e26	7092.5582261155705	15329.25304030445
0.4582904659949075	4465.046895845669	4.123749057618261e26	7104.991778312311	15327.972005774032
0.45910159956304014	4458.331644058135	4.1327949372104964e26	7117.424291261381	15326.690583755357
0.4599127331311727	4451.613230268006	4.141882369926745e26	7129.855764650977	15325.40878045498
0.46072386669930526	4444.891632369069	4.1510116370833386e26	7142.286198174327	15324.126602066826
0.4615350002674379	4438.166828168695	4.160183022622415e26	7154.715591529706	15322.844054764048
0.46234613383557044	4431.438795473292	4.1693968130337475e26	7167.143944420391	15321.561144718871
0.46315726740370305	4424.707512027441	4.1786532974251356e26	7179.571256554651	15320.27787808959
0.4639684009718356	4417.9729555363065	4.1879527675275124e26	7191.997527645737	15318.994261026275
0.4647795345399682	4411.235103643222	4.19729551776797e26	7204.422757411876	15317.710299665916
0.4655906681081008	4404.493933921205	4.206681845333864e26	7216.846945576284	15316.426000132033
0.46640180167623335	4397.7494239137795	4.2161120501058626e26	7229.27009186714	15315.141368541976
0.4672129352443659	4391.001551110668	4.2255864347426884e26	7241.692196017581	15313.856411005458
0.46802406881249853	4384.250292964911	4.2351053046870425e26	7254.113257765682	15312.571133545433
0.4688352023806311	4377.495626846345	4.244668968288482e26	7266.533276854369	15311.285542160273
0.46964633594876365	4370.737530074119	4.2542777367311386e26	7278.952253031462	15309.999642906292
0.47045746951689627	4363.975979912362	4.263931924093992e26	7291.3701860496885	15308.713441833599
0.4712686030850288	4357.210953576575	4.273631847375537e26	7303.787075666686	15307.426944983932
0.4720797366531614	4350.442428207729	4.283377826577005e26	7316.202921644985	15306.14015838628
0.472890870221294	4343.670380871859	4.293170184735442e26	7328.617723751997	15304.853088056836
0.47370200378942656	4336.894788595772	4.3030092478867486e26	7341.031481760013	15303.5657400064
0.4745131373575591	4330.115628341713	4.312895345152408e26	7353.444195446203	15302.278120235587
0.47532427092569174	4323.332877016909	4.322828808750764e26	7365.855864592601	15300.990234737617
0.4761354044938243	4316.546511430066	4.332809974122039e26	7378.2664889860935	15299.702089489983
0.47694653806195686	4309.756508344952	4.3428391798522104e26	7390.67606841841	15298.413690463327
0.4777576716300895	4302.962844474161	4.352916767721106e26	7403.084602686122	15297.125043623106
0.47856880519822204	4296.165496438605	4.3630430828239264e26	7415.492091590633	15295.836154921435
0.4793799387663546	4289.364440784368	4.3732184735723364e26	7427.898534938172	15294.547030300182
0.4801910723344872	4282.559654003187	4.3834432916882696e26	7440.303932539778	15293.25767569575
0.4810022059026198	4275.751112518092	4.393717892274211e26	7452.708284211307	15291.968097036648
0.4818133394707524	4268.938792686702	4.404042633849967e26	7465.111589773431	15290.67830024489
0.48262447303888495	4262.122670758266	4.414417878472508e26	7477.513849051608	15289.388291225358
0.4834356066070175	4255.302722930328	4.42484399165893e26	7489.91506187609	15288.098075880314
0.4842467401751501	4248.478925324993	4.435321342477284e26	7502.3152280819095	15286.807660103997
0.4850578737432827	4241.651254002714	4.445850303559235e26	7514.71434750888	15285.517049785618
0.48586900731141525	4234.819684916012	4.4564312512397375e26	7527.1124200015865	15284.226250801094
0.48668014087954786	4227.984193942991	4.4670645655247374e26	7539.509445409377	15282.935269020356
0.4874912744476804	4221.144756890792	4.4777506301271905e26	7551.905423586354	15281.644110306459
0.488302408015813	4214.3013494797	4.4884898325371285e26	7564.3003543913765	15280.352780513696
0.4891135415839456	4207.453947364089	4.4992825640512266e26	7576.694237688053	15279.061285492942
0.48992467515207816	4200.602526118443	4.510129219827657e26	7589.0870733447255	15277.769631088897
0.4907358087202107	4193.747061180654	4.521030199015608e26	7601.478861234481	15276.477823129293
0.49154694228834334	4186.88752794117	4.5319859046654874e26	7613.869601235131	15275.18586744396
0.4923580758564759	4180.023901708167	4.542996743831877e26	7626.259293229209	15273.893769854763
0.49316920942460846	4173.156157709626	4.554063127637234e26	7638.647937103975	15272.601536179196
0.4939803429927411	4166.284271032717	4.565185471383613e26	7651.035532751398	15271.309172219126
0.49479147656087363	4159.4082167125125	4.576364194480207e26	7663.422080068153	15270.016683777572
0.4956026101290062	4152.527969684735	4.5875997205630836e26	7675.807578955619	15268.72407665091
0.4964137436971388	4145.643504801505	4.5988924775290615e26	7688.192029319882	15267.431356631221
0.49722487726527137	4138.754796817145	4.610242897583573e26	7700.57543107171	15266.138529502834
0.49803601083340393	4131.861820358768	4.621651417395589e26	7712.957784126566	15264.845601039517
0.49884714440153655	4124.964549984567	4.6331184780036984e26	7725.3390884046	15263.552577015089
0.4996582779696691	4118.062960162185	4.644644524927189e26	7737.719343830636	15262.259463200266
0.5004694115378017	4111.157025250105	4.65623000824276e26	7750.098550334181	15260.966265358742
0.5012805451059342	4104.246719469464	4.667875382698295e26	7762.4767078494115	15259.672989240897
0.5020916786740669	4097.332016982446	4.6795811076495056e26	7774.853816315171	15258.379640601415
0.5029028122421995	4090.4128918320075	4.691347647186293e26	7787.22987567496	15257.086225187737
0.503713945810332	4083.48931796901	4.70317547017591e26	7799.604885876959	15255.792748746395
0.5045250793784646	4076.561269229836	4.715065050314645e26	7811.97884687398	15254.499217018514
0.5053362129465971	4069.6287193221324	4.727016866300379e26	7824.351758623495	15253.205635688364
0.5061473465147297	4062.6916418791266	4.739031401738636e26	7836.723621087559	15251.91201039374
0.5069584800828624	4055.7500104076757	4.751109145285082e26	7849.094434232818	15250.61834683469
0.5077696136509949	4048.8037983195914	4.763250590666531e26	7861.464198030548	15249.324650722467
0.5085807472191275	4041.8529788779797	4.775456236835369e26	7873.832912456656	15248.030927753563
0.50939188078726	4034.897525229774	4.787726588000716e26	7886.2005774916715	15246.737183621139
0.5102030143553926	4027.9374104293074	4.80006215364083e26	7898.5671931207335	15245.443424018702
0.5110141479235253	4020.972607405719	4.812463448617073e26	7910.932759333604	15244.149654635708
0.5118252814916578	4014.0030889901695	4.8249309932035226e26	7923.297276124652	15242.855881158108
0.5126364150597904	4007.0288278402627	4.83746531328955e26	7935.66074349286	15241.562109259716
0.513447548627923	4000.0497965080394	4.850066940320896e26	7948.02316144181	15240.268344613974
0.5142586821960555	3993.0659674454314	4.8627364113946085e26	7960.384529979688	15238.97459289649
0.5150698157641881	3986.0773129886675	4.875474269322799e26	7972.744849119276	15237.680859777674
0.5158809493323208	3979.0838052883514	4.888281062842741e26	7985.104118877963	15236.387150915329
0.5166920829004533	3972.085416394003	4.901157346537073e26	7997.462339277711	15235.09347196963
0.5175032164685859	3965.08211823648	4.91410368097228e26	8009.819510345087	15233.79982860034
0.5183143500367184	3958.0738826147194	4.9271206327559887e26	8022.175632111234	15232.506226461333
0.519125483604851	3951.060681205381	4.940208774638799e26	8034.530704611905	15231.212671207464
0.5199366171729836	3944.0424854933162	4.953368685666432e26	8046.8847278874055	15229.919168481161
0.5207477507411162	3937.0192668623245	4.96660095114993e26	8059.237701982636	15228.625723927547
0.5215588843092488	3929.9909965622205	4.9799061628083745e26	8071.589626947068	15227.332343189402
0.5223700178773814	3922.9576456970526	4.993284918832536e26	8083.940502834747	15226.039031907148
0.5231811514455139	3915.9191852476524	5.006737823992769e26	8096.290329704324	15224.745795723702
0.5239922850136465	3908.8755860135184	5.020265489715173e26	8108.639107618973	15223.452640269765
0.524803418581779	3901.8268186502232	5.033868534252187e26	8120.986836646472	15222.15957117576
0.5256145521499117	3894.7728536859686	5.0475475826514523e26	8133.333516859152	15220.866594075573
0.5264256857180443	3887.713661499414	5.061303266899869e26	8145.679148333917	15219.573714599048
0.5272368192861768	3880.649212331919	5.075136225999991e26	8158.023731152234	15218.28093837688
0.5280479528543094	3873.579476210921	5.089047106209128e26	8170.367265400133	15216.988271028757
0.528859086422442	3866.5044230501485	5.103036560951089e26	8182.7097511682105	15215.695718180114
0.5296702199905746	3859.4240226092843	5.117105251005698e26	8195.05118855162	15214.403285453978
0.5304813535587072	3852.338244505106	5.131253844552999e26	8207.391577650083	15213.110978476929
0.5312924871268397	3845.2470581563766	5.1454830173981735e26	8219.730918567877	15211.818802868247
0.5321036206949723	3838.150432817617	5.1597934530079775e26	8232.069211413836	15210.526764243637
0.5329147542631049	3831.04833758976	5.174185842583523e26	8244.40645630135	15209.23486822244
0.5337258878312374	3823.940741417822	5.188660885206432e26	8256.74265334837	15207.943120425432
0.5345370213993701	3816.8276130822073	5.203219287930011e26	8269.077802677404	15206.651526471715
0.5353481549675027	3809.708921191956	5.217861765909353e26	8281.411904415516	15205.360091982147
0.5361592885356352	3802.5846341341094	5.232589042616796e26	8293.744958694331	15204.068822568437
0.5369704221037678	3795.4547201632276	5.2474018497966824e26	8306.07696565003	15202.7777238485
0.5377815556719003	3788.3191473574448	5.2623009276522776e26	8318.407925423346	15201.486801442632
0.5385926892400329	3781.1778836335834	5.277287024918231e26	8330.737838159575	15200.196060973898
0.5394038228081656	3774.030896666837	5.2923608991591755e26	8343.066704008565	15198.905508054162
0.5402149563762981	3766.8781539836573	5.307523316710528e26	8355.394523124718	15197.615148304616
0.5410260899444307	3759.7196229150954	5.322775052888529e26	8367.721295667006	15196.324987345894
0.5418372235125632	3752.55527062523	5.3381168920794116e26	8380.047021798939	15195.035030747027
0.5426483570806958	3745.3850641120816	5.3535496278868544e26	8392.371701688542	15193.745284058532
0.5434594906488284	3738.2089701150535	5.369074063334996e26	8404.695335508331	15192.455752878466
0.544270624216961	3731.026955202621	5.384691010931497e26	8417.01792343539	15191.166442815826
0.5450817577850936	3723.8389857435545	5.400401292833899e26	8429.339465651345	15189.877359479595
0.5458928913532262	3716.6450279166593	5.416205740971085e26	8441.65996234238	15188.588508479592
0.5467040249213587	3709.445047722491	5.432105197194174e26	8453.979413699246	15187.299895433825
0.5475151584894913	3702.2390109002677	5.448100513480286e26	8466.297819917208	15186.011525948134
0.548326292057624	3695.0268830033915	5.4641925520323125e26	8478.615181196108	15184.723405635123
0.5491374256257565	3687.8086293751626	5.480382185438409e26	8490.931497740332	15183.435540109138
0.5499485591938891	3680.5842151552506	5.496670296822945e26	8503.246769758825	15182.147934985354
0.5507596927620216	3673.353605293374	5.5130577799987294e26	8515.560997465103	15180.860595887938
0.5515708263301542	3666.116764465111	5.5295455396900795e26	8527.87418107721	15179.573528429815
0.5523819598982868	3658.8736571466206	5.5461344916456196e26	8540.186320817762	15178.286738231573
0.5531930934664194	3651.624247590952	5.562825562818094e26	8552.497416913933	15177.000230914953
0.554004227034552	3644.3684998355498	5.5796196915196176e26	8564.807469597461	15175.714012105027
0.5548153606026845	3637.1063777132767	5.596517827591698e26	8577.116479104661	15174.42808743542
0.5556264941708171	3629.837844766469	5.6135209326546745e26	8589.424445676384	15173.142462528787
0.5564376277389497	3622.5628643260147	5.630629980220434e26	8601.731369558061	15171.857143017398
0.5572487613070822	3615.2813994901535	5.647845955915141e26	8614.0372509997	15170.57213453413
0.5580598948752149	3607.9934131230552	5.665169857617106e26	8626.342090255872	15169.287442718203
0.5588710284433475	3600.698867847347	5.68260269568167e26	8638.645887585728	15168.003073210408
0.55968216201148	3593.3977260496863	5.7001454930830175e26	8650.948643252988	15166.7190316573
0.5604932955796126	3586.089949822171	5.717799285777975e26	8663.250357525949	15165.43532370073
0.5613044291477451	3578.77550103558	5.7355651227589255e26	8675.551030677503	15164.151954990584
0.5621155627158777	3571.4543413021534	5.753444066288878e26	8687.850662985116	15162.868931181112
0.5629266962840104	3564.126431984016	5.771437191881978e26	8700.149254730772	15161.586257930248
0.5637378298521429	3556.7917341772954	5.789545589513777e26	8712.446806201307	15160.303940900892
0.5645489634202755	3549.450208711251	5.8077703620793e26	8724.743317687798	15159.021985757536
0.5653600969884081	3542.1018161202387	5.826112627264173e26	8737.03878948611	15157.740398166607
0.5661712305565406	3534.74651670022	5.844573516957289e26	8749.33322189669	15156.45918380232
0.5669823641246733	3527.3842704663616	5.8631541776760666e26	8761.626615224583	15155.178348345064
0.5677934976928058	3520.015037171866	5.881855770695456e26	8773.918969779432	15153.897897480083
0.5686046312609384	3512.638776249277	5.9006794725014485e26	8786.210285875502	15152.617836893585
0.569415764829071	3505.2554468506023	5.9196264748740457e26	8798.500563831669	15151.338172274976
0.5702268983972035	3497.865007861157	5.938697985140909e26	8810.78980397143	15150.058909325731
0.5710380319653361	3490.4674178692767	5.9578952264538175e26	8823.0780066229	15148.780053749299
0.5718491655334688	3483.0626351843716	5.977219438007288e26	8835.365172118833	15147.50161126
0.5726602991016013	3475.6506177548927	5.996671875538702e26	8847.651300796608	15146.223587565928
0.5734714326697339	3468.2313232702973	6.0162538112741146e26	8859.936392998243	15144.945988390109
0.5742825662378664	3460.8047091079416	6.035966534397113e26	8872.220449070408	15143.668819460445
0.575093699805999	3453.3707323261924	6.0558113512616956e26	8884.503469364414	15142.392086510186
0.5759048333741316	3445.929349699189	6.07578958562525e26	8896.785454236222	15141.115795286114
0.5767159669422642	3438.480517642176	6.095902579176017e26	8909.066404046474	15139.839951511978
0.5775271005103968	3431.0241922497103	6.1161516915803846e26	8921.346319160395	15138.564560862993
0.5783382340785294	3423.5603293062222	6.136538300896536e26	8933.625199947859	15137.28962907675
0.5791493676466619	3416.0888842514523	6.15706380383325e26	8945.903046783396	15136.015161908657
0.5799605012147945	3408.6098122234566	6.1777296160722645e26	8958.179860046212	15134.741165124486
0.580771634782927	3401.1230679772425	6.198537172726575e26	8970.455640120195	15133.467644490884
0.5815827683510597	3393.6286059133276	6.219487928566653e26	8982.730387393909	15132.194605779317
0.5823939019191923	3386.1263801128775	6.240583358279447e26	8995.00410226059	15130.922054773486
0.5832050354873248	3378.6163442901207	6.261824956937884e26	9007.276785118187	15129.649997263356
0.5840161690554574	3371.0984518210657	6.283214240249291e26	9019.548436369341	15128.37843904808
0.58482730262359	3363.572655712158	6.304752745005849e26	9031.819056421404	15127.107385935185
0.5856384361917226	3356.0389085538905	6.326442029508113e26	9044.088645686434	15125.836843731186
0.5864495697598552	3348.4971626097995	6.348283673780749e26	9056.35720458121	15124.56681825807
0.5872607033279877	3340.947369757716	6.370279280004794e26	9068.624733527235	15123.29731534651
0.5880718368961203	3333.389481493131	6.392430472909259e26	9080.891232950731	15122.02834083355
0.5888829704642529	3325.8234489457873	6.414738900153175e26	9093.156703282679	15120.759900569887
0.5896941040323854	3318.2492228088354	6.437206232963363e26	9105.421144958815	15119.492000408043
0.5905052376005181	3310.6667533880236	6.459834166169822e26	9117.68455841959	15118.224646210245
0.5913163711686507	3303.0759905905425	6.482624418862842e26	9129.94694411024	15116.957843849903
0.5921275047367832	3295.476883923668	6.505578734832893e26	9142.208302480769	15115.691599211254
0.5929386383049158	3287.8693824834227	6.528698882857598e26	9154.46863398595	15114.425918188072
0.5937497718730483	3280.253434950846	6.551986657228084e26	9166.727939085344	15113.16080668574
0.5945609054411809	3272.628989540017	6.575443878473599e26	9178.986218243312	15111.896270612515
0.5953720390093136	3264.995994064021	6.599072393381058e26	9191.243471928994	15110.63231589172
0.5961831725774461	3257.3543958914943	6.622874075725527e26	9203.499700616341	15109.368948456557
0.5969943061455787	3249.704141957614	6.646850826915192e26	9215.75490478416	15108.10617425279
0.5978054397137113	3242.0451787683332	6.671004576018115e26	9228.009084916044	15106.84399923962
0.5986165732818438	3234.377452329799	6.695337280825968e26	9240.26224150044	15105.582429380805
0.5994277068499764	3226.700908191616	6.719850928006325e26	9252.514375030616	15104.321470652954
0.600238840418109	3219.0154914530835	6.744547533846335e26	9264.76548600472	15103.061129046098
0.6010499739862416	3211.3211467379506	6.769429144677586e26	9277.015574925756	15101.801410562715
0.6018611075543742	3203.617818196603	6.794497837418598e26	9289.264642301589	15100.542321219053
0.6026722411225067	3195.9054495028736	6.819755720240735e26	9301.512688644983	15099.283867045398
0.6034833746906393	3188.18398377532	6.845204933331561e26	9313.7597144736	15098.026054074619
0.604294508258772	3180.453363683939	6.87084764911863e26	9326.005720309991	15096.768888361177
0.6051056418269045	3172.713531372996	6.896686073088431e26	9338.250706681625	15095.512375970873
0.6059167753950371	3164.964428480652	6.922722444457352e26	9350.494674120904	15094.256522983798
0.6067279089631696	3157.2059961366463	6.948959036595082e26	9362.737623165154	15093.00133549628
0.6075390425313022	3149.438174931572	6.975398157964801e26	9374.97955435667	15091.746819617432
0.6083501760994348	3141.660904876144	7.002042152785797e26	9387.220468242693	15090.492981464344
0.6091613096675674	3133.874125482111	7.028893401508533e26	9399.460365375446	15089.239827176194
0.6099724432357	3126.0777756951566	7.055954321555764e26	9411.699246312111	15087.987362903646
0.6107835768038326	3118.271793912763	7.083227368236971e26	9423.937111614878	15086.735594752037
0.6115947103719651	3110.456117997608	7.110715035210683e26	9436.173961850873	15085.48452885278
0.6124058439400977	3102.63068514562	7.138419855658811e26	9448.409797592218	15084.234171382728
0.6132169775082302	3094.7954320299423	7.166344402615622e26	9460.644619416054	15082.984528543098
0.6140281110763629	3086.9502947054343	7.194491290079215e26	9472.878427904574	15081.735606546517
0.6148392446444955	3079.0952086448924	7.222863173543611e26	9485.111223644983	15080.487411624426
0.615650378212628	3071.230108701098	7.251462751044274e26	9497.343007229574	15079.239950023073
0.6164615117807606	3063.3549291406516	7.280292764090812e26	9509.57377925573	15077.993228010155
0.6172726453488931	3055.469603529746	7.309355998234965e26	9521.803540325878	15076.747251858915
0.6180837789170257	3047.5740648425212	7.338655284155983e26	9534.032291047564	15075.502027866412
0.6188949124851584	3039.668245394588	7.368193498724737e26	9546.260032033462	15074.257562345318
0.6197060460532909	3031.7520768528457	7.397973565527593e26	9558.486763901343	15073.013861626954
0.6205171796214235	3023.8254902463223	7.427998456142931e26	9570.712487274148	15071.770932065197
0.6213283131895561	3015.888415864637	7.45827119123524e26	9582.937202779973	15070.528780022352
0.6221394467576886	3007.9407833405457	7.488794841209349e26	9595.16091105207	15069.287411883517
0.6229505803258213	2999.982521610411	7.519572527511439e26	9607.383612728885	15068.046834053263
0.6237617138939539	2992.013558903385	7.550607423597375e26	9619.605308454076	15066.807052954911
0.6245728474620864	2984.0338227372135	7.581902755719898e26	9631.825998876486	15065.56807503258
0.625383981030219	2976.043239913117	7.613461805221281e26	9644.045684650277	15064.329906752513
0.6261951145983515	2968.0417364556106	7.645287907652155e26	9656.264366434747	15063.092554594903
0.6270062481664841	2960.029237648871	7.677384455916096e26	9668.482044894536	15061.856025062814
0.6278173817346168	2952.0056680237117	7.709754900404344e26	9680.698720699549	15060.620324681677
0.6286285153027493	2943.970951333752	7.742402750471019e26	9692.914394524987	15059.38545999788
0.6294396488708819	2935.9250105438364	7.775331575776666e26	9705.129067051383	15058.151437579516
0.6302507824390144	2927.8677678547106	7.808545007271374e26	9717.34273896459	15056.918264021902
0.631061916007147	2919.799144600436	7.842046739114975e26	9729.555410955834	15055.685945934729
0.6318730495752796	2911.7190613094153	7.875840529529266e26	9741.767083721701	15054.454489953583
0.6326841831434122	2903.6274376733986	7.909930202454099e26	9753.97775796418	15053.223902737464
0.6334953167115448	2895.5241925445207	7.944319648798516e26	9766.187434390657	15051.994190970947
0.6343064502796774	2887.4092439118326	7.979012828074995e26	9778.39611371396	15050.76536136307
0.6351175838478099	2879.2825089130606	8.014013769687073e26	9790.60379665237	15049.537420651579
0.6359287174159425	2871.1439037157684	8.049326575064826e26	9802.810483929636	15048.310375587826
0.636739850984075	2862.9933436391416	8.08495541861089e26	9815.016176275001	15047.084232957428
0.6375509845522077	2854.830743075088	8.120904549605726e26	9827.22087442322	15045.858999571301
0.6383621181203403	2846.656015477004	8.157178293753597e26	9839.424579114568	15044.634682266716
0.6391732516884728	2838.469073360978	8.193781055521138e26	9851.62729109492	15043.411287910027
0.6399843852566054	2830.269828294999	8.23071731863404e26	9863.82901111568	15042.188823398472
0.640795518824738	2822.0581907937667	8.267991649536409e26	9876.029739933829	15040.967295646537
0.6416066523928705	2813.8340704288676	8.305608697899127e26	9888.229478312142	15039.746711606589
0.6424177859610032	2805.5973757497027	8.34357319935572e26	9900.428227018861	15038.527078234132
0.6432289195291357	2797.3480142878534	8.381889977082885e26	9912.625986827905	15037.308402451567
0.6440400530972683	2789.085892516864	8.420563943998404e26	9924.822758518847	15036.090691274996
0.6448511866654009	2780.8109158738575	8.459600104765881e26	9937.018542876973	15034.873951762262
0.6456623202335334	2772.5229886635284	8.499003558346267e26	9949.213340693314	15033.658190994254
0.6464734538016661	2764.222014104399	8.538779499385738e26	9961.407152764627	15032.443416085373
0.6472845873697987	2755.9078943020722	8.578933221485279e26	9973.599979893484	15031.22963418217
0.6480957209379312	2747.580530226333	8.619470118672194e26	9985.791822888244	15030.01685246369
0.6489068545060638	2739.239821700941	8.660395688411396e26	9997.982682563124	15028.805078143858
0.6497179880741963	2730.885667383555	8.701715533568813e26	10010.17255973819	15027.594318471205
0.6505291216423289	2722.5179646673187	8.743435365721029e26	10022.361455239405	15026.384580718926
0.6513402552104616	2714.1366097829246	8.785561007130132e26	10034.549369898656	15025.17587220292
0.6521513887785941	2705.7414977076833	8.828098393458087e26	10046.736304553755	15023.968200272022
0.6529625223467267	2697.3325221599453	8.871053577044395e26	10058.922260048514	15022.761572311825
0.6537736559148593	2688.9095755827084	8.91443272906144e26	10071.107237232733	15021.555995745264
0.6545847894829918	2680.472549130699	8.958242143076478e26	10083.291236962263	15020.351478035682
0.6553959230511244	2672.0213325939176	9.002488238138138e26	10095.474260099021	15019.148026678731
0.656207056619257	2663.555814412938	9.047177561198131e26	10107.656307511006	15017.945649209549
0.6570181901873896	2655.0758816618422	9.09231679098156e26	10119.837380072355	15016.744353204564
0.6578293237555222	2646.581420020832	9.137912741272522e26	10132.01747866337	15015.544146281138
0.6586404573236547	2638.0723137459013	9.183972363616355e26	10144.196604170533	15014.345036098344
0.6594515908917873	2629.548445665692	9.230502752230208e26	10156.374757486592	15013.147030360587
0.6602627244599198	2621.0096970768163	9.27751114608717e26	10168.55193951052	15011.950136807627
0.6610738580280525	2612.4559477990447	9.32500493374881e26	10180.728151147607	15010.754363226748
0.6618849915961851	2603.8870761188214	9.372991656755491e26	10192.903393309465	15009.559717449907
0.6626961251643176	2595.302958765395	9.421479013889438e26	10205.077666914096	15008.366207355157
0.6635072587324502	2586.70347088123	9.470474864829283e26	10217.250972885891	15007.173840867274
0.6643183923005828	2578.0884859950056	9.519987235085369e26	10229.42331215571	15005.982625959365
0.6651295258687154	2569.4578760214904	9.57002431950584e26	10241.594685660888	15004.792570657833
0.665940659436848	2560.8115111117927	9.620594487471394e26	10253.765094345277	15003.603683026864
0.6667517930049806	2552.1492597631077	9.671706287641635e26	10265.934539159318	15002.415971189743
0.6675629265731131	2543.470988717706	9.723368451951392e26	10278.103021060035	15001.229443319318
0.6683740601412457	2534.776562950744	9.775589901454745e26	10290.270541011123	15000.044107643274
0.6691851937093782	2526.0658456216756	9.828379751236177e26	10302.437099982973	14998.859972441944
0.6699963272775109	2517.3386980684068	9.881747314599269e26	10314.602698952693	14997.677046055123
0.6708074608456435	2508.5949797505455	9.935702110794433e26	10326.767338904212	14996.495336878459
0.671618594413776	2499.8345481462484	9.990253868691103e26	10338.93102082826	14995.314853357708
0.6724297279819086	2491.0572588487535	1.0045412533109534e27	10351.09374572245	14994.135603993127
0.6732408615500411	2482.262965440371	1.0101188271854936e27	10363.255514591294	14992.957597245411
0.6740519951181737	2473.451519486551	1.0157591480273735e27	10375.416328446181	14991.780841705458
0.6748631286863064	2464.622770498664	1.0214632788666431e27	10387.576188305524	14990.605346048997
0.6756742622544389	2455.7765658347653	1.0272323069775572e27	10399.735095194803	14989.431119008535
0.6764853958225715	2446.9127507120675	1.0330673443614954e27	10411.893050146586	14988.258169382227
0.6772965293907041	2438.03116815503	1.0389695286634904e27	10424.050054200627	14987.086506034535
0.6781076629588366	2429.1316589543057	1.0449400237964158e27	10436.206108403885	14985.916137897211
0.6789187965269692	2420.214061618746	1.0509800206928729e27	10448.36121381059	14984.747073971535
0.6797299300951019	2411.278212326503	1.0570907382088862e27	10460.51537148231	14983.579323328764
0.6805410636632344	2402.3239449076113	1.0632734238388232e27	10472.668582488006	14982.412895115802
0.681352197231367	2393.351090699966	1.0695293545454697e27	10484.820847904064	14981.24779854506
0.6821633307994995	2384.359478597334	1.075859837763284e27	10496.972168814385	14980.084042908047
0.6829744643676321	2375.3489349640263	1.0822662122068095e27	10509.122546310451	14978.921637573605
0.6837855979357648	2366.319283587549	1.088749848843224e27	10521.271981491362	14977.760591989821
0.6845967315038973	2357.2703456191707	1.0953121518174052e27	10533.420475463905	14976.600915685736
0.6854078650720299	2348.201939525589	1.1019545596026622e27	10545.568029342652	14975.442618273837
0.6862189986401624	2339.1138810570674	1.1086785458787018e27	10557.714644250002	14974.285709455437
0.687030132208295	2330.005983085128	1.1154856207299242e27	10569.860321316239	14973.1301990098
0.6878412657764276	2320.8780556580436	1.1223773317657592e27	10582.005061679634	14971.976096810418
0.6886523993445602	2311.729905895207	1.1293552652584709e27	10594.148866486497	14970.823412822656
0.6894635329126928	2302.561337931093	1.1364210473550579e27	10606.291736891253	14969.672157106175
0.6902746664808254	2293.372152839362	1.1435763454437879e27	10618.43367405655	14968.522339816112
0.6910858000489579	2284.1621486108265	1.1508228691967312e27	10630.57467915328	14967.373971211744
0.6918969336170905	2274.93111999882	1.1581623723358482e27	10642.71475336073	14966.227061647782
0.692708067185223	2265.6788585035747	1.1655966536593112e27	10654.853897866598	14965.081621584222
0.6935192007533557	2256.4051523030075	1.1731275587468425e27	10666.992113867127	14963.93766158945
0.6943303343214883	2247.1097861743597	1.1807569813701508e27	10679.12940256717	14962.795192342805
0.6951414678896208	2237.7925414090673	1.1884868652420697e27	10691.26576518031	14961.654224636439
0.6959526014577534	2228.4531957513827	1.1963192053702316e27	10703.401202928897	14960.514769380736
0.696763735025886	2219.0915233257465	1.2042560500046268e27	10715.535717044198	14959.376837608359
0.6975748685940185	2209.7072944907222	1.2122995024339496e27	10727.669308766484	14958.240440470234
0.6983860021621512	2200.30027580598	1.2204517227067069e27	10739.80197934511	14957.105589245459
0.6991971357302837	2190.87022994565	1.2287149296575428e27	10751.93373003863	14955.972295345082
0.7000082692984163	2181.4169156019825	1.2370914028849064e27	10764.064562114927	14954.840570315488
0.7008194028665489	2171.9400874001503	1.2455834847979866e27	10776.194476851271	14953.71042579163
0.7016305364346814	2162.4394957920476	1.2541935830024037e27	10788.323475534404	14952.58187345572
0.7024416700028141	2152.914886993746	1.2629241721719976e27	10800.451559460615	14951.454925245327
0.7032528035709467	2143.3660027979936	1.271777796903514e27	10812.578729935965	14950.329593246273
0.7040639371390792	2133.792580534103	1.280757073843544e27	10824.70498827637	14949.205889698105
0.7048750707072118	2124.194352964063	1.2898646943958483e27	10836.830335807734	14948.083826998944
0.7056862042753443	2114.5710481662513	1.2991034273520067e27	10848.954773866084	14946.963417709896
0.7064973378434769	2104.922389411882	1.308476121842971e27	10861.078303797723	14945.844674558663
0.7073084714116096	2095.248095069565	1.3179857099834946e27	10873.20092695932	14944.727610447027
0.7081196049797421	2085.547878498989	1.3276352101989275e27	10885.322644718099	14943.612238458181
0.7089307385478747	2075.821447829746	1.3374277303005472e27	10897.443458451959	14942.498571851245
0.7097418721160073	2066.0685059450493	1.3473664708302085e27	10909.563369549634	14941.386624079405
0.7105530056841398	2056.2887503141837	1.357454728563451e27	10921.682379410857	14940.276408792866
0.7113641392522724	2046.4818728585128	1.3676959001338714e27	10933.800489446507	14939.167939844596
0.712175272820405	2036.6475598162945	1.378093485793424e27	10945.917701078783	14938.061231297912
0.7129864063885376	2026.7854915900032	1.3886510935761866e27	10958.034015741388	14936.956297432902
0.7137975399566702	2016.8953426483083	1.3993724431482686e27	10970.14943487969	14935.853152758476
0.7146086735248027	2006.976781279432	1.4102613705812618e27	10982.26395995093	14934.751812010622
0.7154198070929353	1997.0294694982347	1.421321832576721e27	10994.377592424384	14933.65229016704
0.7162309406610678	1987.0530628893962	1.4325579114647915e27	11006.490333781587	14932.554602456441
0.7170420742292005	1977.0472104333082	1.4439738201022106e27	11018.602185516527	14931.458764366793
0.7178532077973331	1967.0115543353368	1.4555739072388115e27	11030.713149135867	14930.364791654767
0.7186643413654656	1956.9457298481357	1.467362663027749e27	11042.823226159167	14929.272700355217
0.7194754749335982	1946.8493651325532	1.479344724559686e27	11054.932418119099	14928.182506796998
0.7202866085017308	1936.7220809718006	1.491524882383855e27	11067.040726561714	14927.094227602429
0.7210977420698634	1926.5634906568941	1.5039080865472434e27	11079.148153046654	14926.007879708215
0.721908875637996	1916.3731997812527	1.5164994534083085e27	11091.25469914744	14924.923480376327
0.7227200092061286	1906.1508060213757	1.529304272912757e27	11103.360366451741	14923.841047205555
0.7235311427742611	1895.8958989533803	1.5423280153663827e27	11115.46515656162	14922.760598148152
0.7243422763423937	1885.6080598063973	1.5555763399536086e27	11127.569071093872	14921.682151520863
0.7251534099105262	1875.2868612742727	1.5690551024638966e27	11139.672111680293	14920.605726023863
0.7259645434786589	1864.9318672626698	1.5827703640006558e27	11151.774279968004	14919.531340754571
0.7267756770467915	1854.5426326166858	1.59672840023279e27	11163.87557761976	14918.459015124758
0.727586810614924	1844.1187029510895	1.6109357108612052e27	11175.976006314164	14917.38876885552
0.7283979441830566	1833.6596143625266	1.625399029570863e27	11188.07556774606	14916.32062226937
0.7292090777511891	1823.164893165123	1.640125335016912e27	11200.174263626985	14915.254596155102
0.7300202113193217	1812.6340556453474	1.6551218615204558e27	11212.272095685503	14914.190711785906
0.7308313448874544	1802.066607770052	1.6703961115100575e27	11224.36906566767	14913.128990938474
0.7316424784555869	1791.462044935792	1.6859558674418408e27	11236.465175337386	14912.069455918883
0.7324536120237195	1780.8198516476969	1.7018092054598808e27	11248.560426476888	14911.012129583898
0.7332647455918521	1770.139501188047	1.7179645092009554e27	11260.654820887174	14909.957035362613
0.7340758791599846	1759.4204553794336	1.7344304845919118e27	11272.74836038849	14908.904197291251
0.7348870127281172	1748.6621642479765	1.7512161754593066e27	11284.84104682084	14907.853640038982
0.7356981462962499	1737.8640656907605	1.7683309800858835e27	11296.932882044504	14906.805388938128
0.7365092798643824	1727.025585148694	1.7857846687711912e27	11309.02386794058	14905.759470016748
0.737320413432515	1716.1461352734257	1.803587402454272e27	11321.114006411559	14904.715910033914
0.7381315470006475	1705.225115584932	1.82174975216967e27	11333.203299382012	14903.674736517482
0.7389426805687801	1694.2619120312559	1.8402827204678277e27	11345.291748799093	14902.635977794811
0.7397538141369128	1683.2558967208574	1.8591977632275004e27	11357.379356633297	14901.599663044382
0.7405649477050453	1672.2064275115902	1.878506813406507e27	11369.466124879147	14900.565822336548
0.7413760812731779	1661.1128476277383	1.8982223060018113e27	11381.552055555927	14899.534486681296
0.7421872148413104	1649.9744852607546	1.9183572050319412e27	11393.637150708484	14898.505688077898
0.742998348409443	1638.790653174223	1.9389250317790047e27	11405.72141240804	14897.479459569538
0.7438094819775756	1627.560648310373	1.9599398948092374e27	11417.804842753052	14896.455835302626
0.7446206155457082	1616.2837513788934	1.9814165224009944e27	11429.887443870144	14895.434850588625
0.7454317491138408	1604.9592263370528	2.0033702974400164e27	11441.969217915082	14894.416541961711
0.7462428826819734	1593.5863200900603	2.0258172934881537e27	11454.050167073785	14893.40094726094
0.7470540162501059	1582.1642620131397	2.0487743142384823e27	11466.130293563414	14892.388105702308
0.7478651498182385	1570.692263514567	2.0722589355540108e27	11478.209599633537	14891.378057960623
0.748676283386371	1559.1695176097635	2.0962895500090018e27	11490.288087567318	14890.370846258002
0.7494874169545037	1547.5951984571118	2.1208854161243404e27	11502.365759682873	14889.366514456538
0.7502985505226363	1535.9684610053832	2.146066706720336e27	11514.442618334446	14888.365107933158
0.7511096840907688	1524.2884404935658	2.171854568820288e27	11526.518665913834	14887.366673784683
0.7519208176589014	1512.554251987634	2.1982711780657908e27	11538.593904851843	14886.371261291073
0.752731951227034	1500.7649900377355	2.225339805568689e27	11550.668337620125	14885.37892180936
0.7535430847951665	1488.9197282691835	2.2530848849726782e27	11562.741966732881	14884.389708906392
0.7543542183632992	1477.0175189947643	2.281532086170872e27	11574.814794748703	14883.40367850311
0.7551653519314317	1465.0573928633098	2.3107083942535953e27	11586.886824272535	14882.420889033017
0.7559764854995643	1453.0383585200314	2.3406421955430618e27	11598.958057957816	14881.441401610355
0.7567876190676969	1440.959402333268	2.37136336890971e27	11611.028498508695	14880.46528021686
0.7575987526358294	1428.8194881658007	2.4029033852809873e27	11623.098148682446	14879.492591902568
0.7584098862039621	1416.6175570559265	2.4352954160263468e27	11635.16701129205	14878.523406992905
0.7592210197720947	1404.3525272293414	2.468574448210657e27	11647.235089208936	14877.557799336299
0.7600321533402272	1392.0232939840605	2.502777411359095e27	11659.30238536595	14876.59584655575
0.7608432869083598	1379.6287297275667	2.5379433137337344e27	11671.368902760538	14875.637630328076
0.7616544204764923	1367.1676841169988	2.574113390718539e27	11683.434644458119	14874.683236688517
0.7624655540446249	1354.6389843162508	2.6113312661658216e27	11695.499613595795	14873.732756362288
0.7632766876127576	1342.041435406854	2.649643127836166e27	11707.563813386276	14872.786285126978
0.7640878211808901	1329.373820983581	2.6890979186318215e27	11719.62724712214	14871.84392420998
0.7648989547490227	1316.6349039010381	2.7297475451158533e27	11731.68991818044	14870.905780720577
0.7657100883171553	1303.8234272580896	2.771647104499567e27	11743.751830027626	14869.971968122372
0.7665212218852878	1290.9381157440619	2.814855135322483e27	11755.812986224957	14869.04260675948
0.7673323554534204	1277.9776772138055	2.859433889249458e27	11767.873390434292	14868.11782442744
0.768143489021553	1264.9408046539768	2.9054496300897755e27	11779.933046424372	14867.19775700173
0.7689546225896856	1251.8261785776572	2.9529729626065945e27	11791.991958077662	14866.282549130541
0.7697657561578182	1238.6324699199913	3.0020791938179277e27	11804.050129397765	14865.372354997311
0.7705768897259507	1225.3583435122384	3.0528487307857723e27	11816.107564517475	14864.467339066832
0.7713880232940833	1212.0024623043248	3.1053675233829985e27	11828.164267707276	14863.56767631686
0.7721991568622159	1198.563492102675	3.159727540796635e27	11840.220243384441	14862.673554414176
0.7730102904303485	1185.0401075572581	3.2160273190059314e27	11852.275496124028	14861.785174567589
0.7738214239984811	1171.4309990267584	3.2743725510941443e27	11864.330030670108	14860.902752611588
0.7746325575666136	1157.7348807019846	3.334876750686611e27	11876.383851948225	14860.026520380765
0.7754436911347462	1143.950500160489	3.3976619885744e27	11888.43696507896	14859.156727232654
0.7762548247028788	1130.0766496639533	3.462859715014908e27	11900.489375392843	14858.293641741699
0.7770659582710114	1116.1118732640502	3.530611677301341e27	11912.541088442702	14857.43753495092
0.777877091839144	1102.0536721666988	3.601070949395911e27	11924.592109983398	14856.58863533449
0.7786882254072766	1087.8992186418482	3.6744030860228394e27	11936.642445954712	14855.74717747184
0.7794993589754091	1073.645550538485	3.75078742086035e27	11948.692102495055	14854.913416954034
0.7803104925435417	1059.2895619511487	3.830418531386292e27	11960.741085959518	14854.087632883136
0.7811216261116742	1044.8279929362118	3.9135078924020067e27	11972.789402940065	14853.270130732417
0.7819327596798069	1030.2574182287926	4.000285751540708e27	11984.837060288222	14852.46124564012
0.7827438932479395	1015.5742348774444	4.091003260385183e27	11996.884065140668	14851.661346213157
0.783555026816072	1000.7746486381344	4.185934904629882e27	12008.930424948154	14850.870838935212
0.7843661603842046	985.8546590806594	4.2853812688910084e27	12020.976147508143	14850.090173297267
0.7851772939523372	970.8100430415342	4.389672218291027e27	12033.021241002092	14849.319847781191
0.7859884275204697	955.6363362607811	4.499170566088005e27	12045.065714038123	14848.560416867589
0.7867995610886024	940.3288132489363	4.6142762775792726e27	12057.109575699546	14847.812499291706
0.7876106946567349	924.8824646465924	4.735431342070549e27	12069.152835600684	14847.076787783612
0.7884218282248675	909.2919720888742	4.8631254668988165e27	12081.195503951736	14846.354060485864
0.7892329617930001	893.5516801795488	4.997902680682232e27	12093.237591632713	14845.645193148112
0.7900440953611326	877.6555649413394	5.140369077206456e27	12105.279110279644	14844.951177672243
0.7908552289292652	861.5971983448509	5.291201931018692e27	12117.320072386761	14844.273141611548
0.7916663624973979	845.3697083019963	5.451160463958393e27	12129.360491425701	14843.612371724292
0.7924774960655304	828.9657333550795	5.621098624520057e27	12141.400381986035	14842.970343069263
0.793288629633663	812.3773711684455	5.801980336571018e27	12153.439759941957	14842.348754615072
0.7940997632017955	795.5961197414754	5.994897792045335e27	12165.478642651056	14841.749573098636
0.7949108967699281	778.6128100578061	6.201093525523736e27	12177.51704919284	14841.175087407622
0.7957220303380608	761.4175285544633	6.421987178146861e27	12189.555000656246	14840.627976494345
0.7965331639061933	743.9995272849848	6.659208269619397e27	12201.592520489834	14840.111394830683
0.7973442974743259	726.3471198600985	6.914636426382765e27	12213.629634929308	14839.629080832845
0.7981554310424585	708.4475594892157	7.190451307155648e27	12225.666373525319	14839.18549560283
0.798966564610591	690.2868957777793	7.489194938759822e27	12237.702769799042	14838.786002156581
0.7997776981787236	671.8498052249622	7.813850294979001e27	12249.738862064369	14838.437099282719
0.8005888317468562	653.119389346889	8.167941238139342e27	12261.77469446841	14838.146730030941
0.8013999653149888	634.0769323260113	8.555660930804195e27	12273.81031832217	14837.92469525264
0.8022110988831214	614.701607938907	8.98203867847706e27	12285.845793822338	14837.783209991547
0.8030222324512539	594.9701219827185	9.453159253186966e27	12297.881192301078	14837.737665195338
0.8038333660193865	574.8562712751669	9.976455136622567e27	12309.916599209937	14837.807692145834
0.804644499587519	554.3303946037307	1.0561101489024084e28	12321.95211813358	14838.01866818819
0.8054556331556517	533.3586803303114	1.1218558668824052e28	12333.987876276235	14838.403889425555
0.8062667667237843	511.90228215510064	1.196333104028698e28	12346.024032098214	14839.007772002253
0.8070779002919168	489.91617279280223	1.2814049367994079e28	12358.060786155374	14839.890680715806
0.8078890338600494	467.3476322106936	1.379505070135931e28	12370.098396842079	14841.136407485406
0.808700167428182	444.13421577548047	1.4938744166873026e28	12382.137203846578	14842.864108237787
0.8095113009963145	420.2009619001811	1.62892601702723e28	12394.17766414496	14845.24802810181
0.8103224345644472	395.456453950137	1.7908276042220644e28	12406.22040916246	14848.551437077851