0.	10000.	1.9884700000000003e25	0.	14261.239580057216
0.008178116004208395	9975.422971849608	1.989030416477908e25	116.79055664999422	14299.502361780982
0.01635623200841679	9953.14274895629	1.9896521382101805e25	233.87266370528837	14332.906301308492
0.024534348012625183	9932.18220032658	1.990307211361206e25	351.2151903388571	14363.42131788854
0.03271246401683358	9911.32634778646	1.990992755417514e25	468.80296988898243	14393.117652785566
0.040890580021041976	9890.687614552458	1.9917118816776484e25	586.6297164582674	14421.867454801153
0.049068696025250366	9870.141696824112	1.9924635934161216e25	704.6883056047637	14449.855567130262
0.05724681202945876	9849.550422337874	1.9932461018492433e25	822.9733846334107	14477.281495169751
0.06542492803366716	9828.841289998307	1.994057688637226e25	941.4808443219314	14504.252107142856
0.07360304403787556	9807.982814592171	1.994896789058181e25	1060.2071974712576	14530.818373028165
0.08178116004208395	9786.965300635458	1.9957619746071476e25	1179.1492403405134	14557.002478969838
0.08995927604629235	9765.789471108461	1.9966519362771903e25	1298.3038906098595	14582.813407577067
0.09813739205050073	9744.461345606544	1.9975654727576946e25	1417.6681097048252	14608.253725305744
0.10631550805470913	9722.989366920321	1.9985014817511803e25	1537.238867137391	14633.323260849613
0.11449362405891753	9701.383037104353	1.9994589524245987e25	1657.0131256968295	14658.020722662204
0.12267174006312592	9679.651985480952	2.0004369584165768e25	1776.9878370644142	14682.344803636903
0.13084985606733432	9657.805670967757	2.0014346511489545e25	1897.1599428587572	14706.294417203333
0.13902797207154272	9635.853055411293	2.0024512534627323e25	2017.526378241859	14729.869040565247
0.1472060880757511	9613.80249751417	2.003486053555891e25	2138.084076397428	14753.068770057385
0.1553842040799595	9591.661784966302	2.0045383993197743e25	2258.8299735042133	14775.894214769485
0.1635623200841679	9569.438048187052	2.005607693044756e25	2379.761013245434	14798.346575458127
0.1717404360883763	9547.137816542649	2.0066933865408817e25	2500.874151027877	14820.427540270322
0.1799185520925847	9524.767086238731	2.0077949766673356e25	2622.166357738448	14842.139180149243
0.1880966680967931	9502.331318281545	2.008912001231531e25	2743.6346228426005	14863.483945755803
0.19627478410100146	9479.83549483975	2.010044035264297e25	2865.2759570634175	14884.464593568795
0.20445290010520986	9457.284198980824	2.0111906876403356e25	2987.087394552377	14905.084088117965
0.21263101610941826	9434.681621608954	2.012351598013493e25	3109.0659946595383	14925.345602177527
0.22080913211362665	9412.031615560049	2.0135264340393387e25	3231.208843262519	14945.252459336545
0.22898724811783505	9389.337742254074	2.0147148888769814e25	3353.5130539156767	14964.808088066091
0.23716536412204345	9366.603307349851	2.0159166789068998e25	3475.975768469937	14984.015991709224
0.24534348012625184	9343.831389418341	2.0171315416958383e25	3598.5941577241288	15002.87972902895
0.25352159613046027	9321.024871884356	2.0183592341384287e25	3721.3654217199137	15021.402890665864
0.26169971213466864	9298.186477847668	2.0195995307806224e25	3844.286789907786	15039.589072416358
0.269877828138877	9275.318794647503	2.0208522222980577e25	3967.3555210811182	15057.44186225096
0.27805594414308543	9252.424293286651	2.0221171141269894e25	4090.5689033916697	15074.964834665507
0.2862340601472938	9229.50535608533	2.0233940252093974e25	4213.924254048441	15092.161530280086
0.2944121761515022	9206.564291978382	2.024682786862671e25	4337.418919105297	15109.035458694469
0.3025902921557106	9183.603363857026	2.0259832417419553e25	4461.050273048583	15125.59007741874
0.310768408159919	9160.624798576999	2.0272952429174433e25	4584.815718600192	15141.828799018656
0.3189465241641274	9137.630804432914	2.028618652993271e25	4708.712686029372	15157.754985288635
0.3271246401683358	9114.62358875811	2.029953343343759e25	4832.7386329424135	15173.371940181967
0.3353027561725442	9091.60536708646	2.0312991933946377e25	4956.891043781635	15188.682917304506
0.3434808721767526	9068.578384434142	2.032656089957472e25	5081.167429280486	15203.691106672459
0.351658988180961	9045.544918502592	2.0340239266364154e25	5205.565326078557	15218.399647829043
0.3598371041851694	9022.507298751472	2.035402603276084e25	5330.082296298482	15232.811621479632
0.36801522018937777	8999.467907436117	2.0367920254382897e25	5454.715926960122	15246.930059108165
0.3761933361935862	8976.429201866144	2.0381921039519948e25	5579.463829762581	15260.75793696756
0.38437145219779456	8953.393716846482	2.039602754451067e25	5704.323640388043	15274.298182211207
0.39254956820200293	8930.364075543239	2.0410238969986256e25	5829.293018389323	15287.553675218087
0.40072768420621135	8907.342998845697	2.0424554557007065e25	5954.369646685785	15300.527250745807
0.4089058002104197	8884.333312409875	2.0438973583499183e25	6079.55123112706	15313.221705491744
0.41708391621462815	8861.337955501991	2.045349536119377e25	6204.835500367617	15325.639798559941
0.4252620322188365	8838.359990218503	2.0468119232483116e25	6330.220205440682	15337.784250852506
0.43344014822304494	8815.402606409725	2.048284456763148e25	6455.703119489956	15349.657755772974
0.4416182642272533	8792.469130416197	2.049767076217427e25	6581.28203764437	15361.262979224977
0.44979638023146173	8769.563030449031	2.0512597234348224e25	6706.954776661004	15372.602562899183
0.4579744962356701	8746.687924233001	2.0527623422753226e25	6832.719174793058	15383.679130963048
0.4661526122398785	8723.847584109255	2.054274878432577e25	6958.5730917918345	15394.495291813346
0.4743307282440869	8701.045944216155	2.0557972792097976e25	7084.514408644962	15405.053641382445
0.4825088442482953	8678.287102893188	2.0573294933300615e25	7210.541027537346	15415.356770526056
0.4906869602525037	8655.575329973657	2.0588714707473345e25	7336.650871806553	15425.407266063556
0.4988650762567121	8632.91507086184	2.0604231624820306e25	7462.841885994786	15435.20771552923
0.5070431922609205	8610.310949184946	2.0619845204413516e25	7589.112035776073	15444.760712788539
0.5152213082651289	8587.767772211151	2.0635554972700807e25	7715.459308084762	15454.068859858487
0.5233994242693373	8565.290532474917	2.0651360462021108e25	7841.881711203869	15463.134771962172
0.5315775402735456	8542.884410364815	2.066726120912277e25	7968.3772748536885	15471.961082067632
0.539755656277754	8520.554776791287	2.068325675386881e25	8094.944050380108	15480.550443366312
0.5479337722819625	8498.307192683285	2.0699346637911995e25	8221.58011090648	15488.905534234349
0.5561118882861709	8476.147410050224	2.0715530403504653e25	8348.283551602566	15497.02906190065
0.5642900042903792	8454.081372305869	2.0731807592369792e25	8475.052489916741	15504.923765056898
0.5724681202945876	8432.115212311344	2.0748177744469317e25	8601.885065773104	15512.592418008531
0.5806462362987961	8410.255249724843	2.076464039712794e25	8728.7794420037	15520.037834280565
0.5888243523030045	8388.50798951754	2.078119508400223e25	8855.733804622661	15527.26286824262
0.5970024683072128	8366.880115534243	2.0797841333998116e25	8982.746363090193	15534.270419797791
0.6051805843114212	8345.378486764697	2.081457867063916e25	9109.815350856474	15541.063436842034
0.6133587003156297	8324.010130436283	2.083140661109656e25	9236.939025660626	15547.64491812997
0.621536816319838	8302.78223423825	2.0848324665461456e25	9364.115669980598	15554.017914207936
0.6297149323240464	8281.702138864954	2.086533233602543e25	9491.343591447358	15560.185527842503
0.6378930483282548	8260.77732608565	2.088242911664878e25	9618.621123301618	15566.150919468693
0.6460711643324633	8240.015407659263	2.0899614492142067e25	9745.946624867654	15571.917307205591
0.6542492803366716	8219.424112616382	2.0916887937746035e25	9873.31848203966	15577.487968212961
0.66242739634088	8199.011273264363	2.093424891861204e25	10000.735107724016	15582.866237300379
0.6706055123450884	8178.784809067377	2.095169688944038e25	10128.194942358152	15588.055508394176
0.6787836283492967	8158.752709394584	2.096923129408851e25	10255.696454386587	15593.059235714361
0.6869617443535052	8138.923014405205	2.098685156527459e25	10383.238140725607	15597.880932505674
0.6951398603577136	8119.3037954058755	2.100455712434134e25	10510.818527273514	15602.524170359662
0.703317976361922	8099.903133593963	2.102234738109834e25	10638.436169370476	15606.992576381961
0.7114960923661303	8080.729096804758	2.104022173370161e25	10766.089652241713	15611.289832823295
0.7196742083703388	8061.789715226992	2.105817956863997e25	10893.777591444077	15615.419674850727
0.7278523243745472	8043.09295442893	2.107622026076126e25	11021.49863329204	15619.385888291072
0.7360304403787555	8024.646694218561	2.1094343173351854e25	11149.251455249616	15623.192305460314
0.7442085563829639	8006.458696439619	2.1112547658328987e25	11277.03476630512	15626.842801656865
0.7523866723871724	7988.53657744608	2.1130833056471678e25	11404.8473073036	15630.341291739565
0.7605647883913808	7970.887779533226	2.114919869772476e25	11532.68785124783	15633.6917260907
0.7687429043955891	7953.519541364931	2.116764390158715e25	11660.555203577824	15636.898085247964
0.7769210203997975	7936.438868000681	2.118616797754945e25	11788.448202393987	15639.96437535903
0.7850991364040059	7919.652501549024	2.120477022562421e25	11916.365718645597	15642.894622010157
0.7932772524082143	7903.166891412025	2.1223449936881047e25	12044.30665626538	15645.692864449371
0.8014553684124227	7886.988165092631	2.1242206394147683e25	12172.269952252771	15648.363149809169
0.8096334844166311	7871.12209948956	2.1261038872677903e25	12300.254576717201	15650.909526898991
0.8178116004208394	7855.57409364934	2.1279946640903793e25	12428.259532862836	15653.336039329131
0.8259897164250479	7840.3491421019835	2.1298928961285857e25	12556.283856920109	15655.646719268005
0.8341678324292563	7825.451810191975	2.131798509114284e25	12684.326618023539	15657.845580127901
0.8423459484334647	7810.886210899138	2.133711428360099e25	12812.386918031572	15659.936610003959
0.850524064437673	7796.655983868178	2.13563157885271e25	12940.46389128984	15661.923764873984
0.8587021804418815	7782.7642760357	2.1375588853544216e25	13068.55670434328	15663.810961883484
0.8668802964460899	7769.233421817177	2.139493272304328e25	13196.664554790168	15665.599504769203
0.8750584124502983	7756.226572329898	2.141434630905025e25	13324.7865382966	15667.27298025191
0.8832365284545066	7743.440167523481	2.143382883067022e25	13452.921910951145	15668.874668513503
0.8914146444587151	7730.858739504949	2.1453379883270616e25	13581.070104043543	15670.40897514592
0.8995927604629235	7718.468630729175	2.1472999103493147e25	13709.230582860386	15671.879822900006
0.9077708764671318	7706.257701212837	2.149268616461642e25	13837.40284305594	15673.290726679465
0.9159489924713402	7694.215095367724	2.151244077262851e25	13965.586407571926	15674.644853711387
0.9241271084755486	7682.331053377295	2.1532262662886802e25	14093.780823999772	15675.94507242516
0.932305224479757	7670.5967579053295	2.1552151597282896e25	14221.985662305924	15677.193992457182
0.9404833404839654	7659.004207351713	2.1572107361748647e25	14350.20051285618	15678.393997994574
0.9486614564881738	7647.546111020852	2.1592129764166013e25	14478.424984689096	15679.547275520092
0.9568395724923822	7636.215800937345	2.16122186324612e25	14606.658703997784	15680.65583722375
0.9650176884965906	7625.007157786806	2.1632373812996908e25	14734.901312785812	15681.721540755098
0.973195804500799	7613.91454785835	2.1652595169126817e25	14863.152467676082	15682.74610622228
0.9813739205050074	7602.93276923549	2.167288257991918e25	14991.411838847815	15683.731130860031
0.9895520365092157	7592.0570055147045	2.169323593898032e25	15119.67910908213	15684.678101541724
0.9977301525134242	7581.282785775644	2.1713655153482286e25	15247.953972907124	15685.588405702563
1.0059082685176326	7570.605949973156	2.17341401432293e25	15376.23613582385	15686.463340863127
1.014086384521841	7560.022618578913	2.1754690839843437e25	15504.52531360405	15687.304122991349
1.0222645005260493	7549.529166271188	2.1775307186021073e25	15632.821231660964	15688.11189383949
1.0304426165302578	7539.122198331157	2.179598913484994e25	15761.123624457541	15688.887727465168
1.038620732534466	7528.79853024077	2.1816736649214427e25	15889.432234987165	15689.632635979964
1.0467988485386746	7518.555169351302	2.183754970123375e25	16017.746814284046	15690.34757468667
1.054976964542883	7508.389298673315	2.1858428271754846e25	16146.067120978418	15691.033446659818
1.0631550805470913	7498.298262397363	2.187937234988907e25	16274.392920886607	15691.691106859531
1.0713331965512998	7488.279552946063	2.1900381932603057e25	16402.723986632744	15692.32136575359
1.079511312555508	7478.330799478288	2.1921457024285145e25	16531.06009729768	15692.924992394086
1.0876894285597165	7468.449757258158	2.194259763639829e25	16659.40103809331	15693.502717698197
1.095867544563925	7458.634298288821	2.1963803787214713e25	16787.746600064092	15694.055237365888
1.1040456605681332	7448.882402601722	2.1985075501411482e25	16916.096579805944	15694.583214152632
1.1122237765723417	7439.192150874647	2.200641280984569e25	17044.45077921029	15695.087280095402
1.1204018925765502	7429.561717015174	2.202781574927908e25	17172.809005216754	15695.568038581901
1.1285800085807585	7419.989362114621	2.204928436212276e25	17301.17106959017	15696.026066201888
1.136758124584967	7410.473428360207	2.2070818696219642e25	17429.536788705977	15696.461914471774
1.1449362405891752	7401.0123338395315	2.209241880462839e25	17557.905983354256	15696.876111407604
1.1531143565933837	7391.604567581201	2.211408474542603e25	17686.278478550346	15697.269162950835
1.1612924725975922	7382.248685107455	2.2135816581541206e25	17814.654103363053	15697.641554298012
1.1694705886018004	7372.943304256293	2.215761438055568e25	17943.032690747707	15697.993751143495
1.177648704606009	7363.687101533286	2.217947821452569e25	18071.41407739275	15698.326200796902
1.1858268206102172	7354.478808516956	2.22014081599035e25	18199.79810357308	15698.639333237685
1.1940049366144256	7345.317208521168	2.222340429732309e25	18328.184613012447	15698.933562072621
1.2021830526186341	7336.2011338484945	2.224546671149629e25	18456.573452752782	15699.20928527301
1.2103611686228424	7327.129462902625	2.226759549112443e25	18584.96447302946	15699.466886068689
1.2185392846270509	7318.101117632361	2.2289790728701302e25	18713.35752715557	15699.706733979716
1.2267174006312593	7309.11506106173	2.231205252044586e25	18841.752471412034	15699.929185410152
1.2348955166354676	7300.170295162458	2.2334380966205744e25	18970.149164942908	15700.134584283007
1.243073632639676	7291.265858771096	2.2356776169383534e25	19098.547469656012	15700.323262657565
1.2512517486438843	7282.400825751464	2.2379238236775646e25	19226.94725012852	15700.495541350632
1.2594298646480928	7273.574303029008	2.2401767278508906e25	19355.348373517056	15700.651730475794
1.2676079806523013	7264.785429045876	2.242436340803031e25	19483.750709472948	15700.792129955926
1.2757860966565095	7256.033372189885	2.2447026741889855e25	19612.15413005938	15700.917030006764
1.283964212660718	7247.317329273193	2.2469757399793884e25	19740.55850967504	15701.026711591265
1.2921423286649265	7238.63652418847	2.249255550449615e25	19868.9637249805	15701.121446858697
1.3003204446691348	7229.990206639796	2.251542118169002e25	19997.369654827093	15701.201499516214
1.3084985606733432	7221.377650884619	2.2538354560018663e25	20125.776180189463	15701.267125207492
1.3166766766775515	7212.798154701102	2.2561355770933217e25	20254.1831841012	15701.31857189494
1.32485479268176	7204.2510380794565	2.2584424948743914e25	20382.59055159335	15701.356080192809
1.3330329086859685	7195.735642509686	2.260756223041479e25	20510.998169635717	15701.379883612128
1.3412110246901767	7187.251329900298	2.2630767755658383e25	20639.40592707992	15701.390208830879
1.3493891406943852	7178.79748166254	2.265404166685612e25	20767.813714604614	15701.38727608474
1.3575672566985935	7170.373497885377	2.2677384108948307e25	20896.221424664043	15701.371299458742
1.365745372702802	7161.978796547686	2.270079522942022e25	21024.628951438703	15701.34248707476
1.3739234887070104	7153.61281272186	2.272427517833377e25	21153.036190787596	15701.301041354076
1.3821016047112187	7145.274997999108	2.2747824108136864e25	21281.443040202903	15701.247159233555
1.3902797207154272	7136.964819565701	2.277144217377259e25	21409.84939876551	15701.18103237918
1.3984578367196356	7128.68175976904	2.279512953264489e25	21538.255167103656	15701.102847399825
1.406635952723844	7120.4253154698545	2.2818886344403074e25	21666.660247350323	15701.012786033882
1.4148140687280524	7112.194997465684	2.284271277111867e25	21795.064543106175	15700.911025296036
1.4229921847322606	7103.990329919216	2.2866608977168043e25	21923.467959400954	15700.797737708712
1.4311703007364691	7095.8108498202	2.289057512918816e25	22051.870402656386	15700.673091447752
1.4393484167406776	7087.656106522917	2.291461139612162e25	22180.271780655905	15700.537250501498
1.4475265327448859	7079.525661327487	2.2938717949043108e25	22308.672002501637	15700.390374834416
1.4557046487490943	7071.41908697768	2.2962894961308286e25	22437.070978592677	15700.232620512394
1.4638827647533026	7063.335967179234	2.2987142608447908e25	22565.46862058664	15700.06413981779
1.472060880757511	7055.275896450388	2.301146106811113e25	22693.864841375827	15699.885081434888
1.4802389967617195	7047.238479274539	2.303585052012872e25	22822.259555045297	15699.69559049239
1.4884171127659278	7039.223330293653	2.3060311146433495e25	22950.65267686159	15699.495808708
1.4965952287701363	7031.230073517719	2.3084843131036005e25	23079.044123232605	15699.285874592151
1.5047733447743448	7023.258342186237	2.3109446660084226e25	23207.433811685543	15699.065923473656
1.512951460778553	7015.3077783570525	2.313412192175585e25	23335.82166084456	15698.836087630772
1.5211295767827615	7007.37803279731	2.315886910627219e25	23464.20759040346	15698.596496400047
1.5293076927869698	6999.4687643522775	2.318368840591855e25	23592.591521098435	15698.347276254548
1.5374858087911782	6991.579640029538	2.3208580014962577e25	23720.97337469086	15698.088550917038
1.5456639247953867	6983.710334483854	2.3233544129748704e25	23849.35307394457	15697.820441426042
1.553842040799595	6975.860529909162	2.325858094850481e25	23977.730542598565	15697.543066195922
1.5620201568038035	6968.029915697194	2.3283690671518327e25	24106.105705354228	15697.256541147251
1.5701982728080117	6960.218188159395	2.3308873501082843e25	24234.47848784795	15696.960979762753
1.5783763888122202	6952.4250505343525	2.3334129641348116e25	24362.848816635593	15696.65649317398
1.5865545048164287	6944.650212518615	2.3359459298497973e25	24491.216619173378	15696.343190238817
1.594732620820637	6936.893390211023	2.338486268059955e25	24619.5818237957	15696.021177542254
1.6029107368248454	6929.154305825345	2.3410339997750157e25	24747.94435970363	15695.69055954053
1.611088852829054	6921.432687525888	2.343589146183132e25	24876.30415694058	15695.351438599497
1.6192669688332622	6913.728269336919	2.3461517286738453e25	25004.661146380473	15695.003915059378
1.6274450848374706	6906.040790817049	2.348721768828264e25	25133.01525971082	15694.64808731641
1.635623200841679	6898.369997052766	2.3512992884108176e25	25261.36642941277	15694.284051733217
1.6438013168458874	6890.715638247489	2.3538843093882816e25	25389.714588749222	15693.911902855172
1.6519794328500959	6883.07746992794	2.3564768539012125e25	25518.05967175008	15693.531733442942
1.660157548854304	6875.455252437854	2.359076944290639e25	25646.401613196467	15693.143634500166
1.6683356648585126	6867.848751014166	2.361684603076498e25	25774.740348605457	15692.747695349184
1.676513780862721	6860.257735586319	2.36429985297725e25	25903.075814217576	15692.344003588465
1.6846918968669293	6852.681980563331	2.3669227168888054e25	26031.4079469836	15691.932645224051
1.6928700128711378	6845.121264890885	2.3695532179021647e25	26159.736684553125	15691.513704695097
1.701048128875346	6837.575371736582	2.372191379291398e25	26288.061965257442	15691.087264909733
1.7092262448795545	6830.044088453609	2.374837224515445e25	26416.383728101348	15690.653407301868
1.717404360883763	6822.527206503289	2.377490777228933e25	26544.7019127481	15690.212211805392
1.7255824768879713	6815.024521221317	2.3801520612611625e25	26673.01645950928	15689.76375696172
1.7337605928921798	6807.535831906797	2.3828211006329165e25	26801.32730933451	15689.30811994343
1.741938708896388	6800.0609415121135	2.385497919548461e25	26929.63440379854	15688.845376586656
1.7501168249005965	6792.599656636234	2.388182542405111e25	27057.93768508945	15688.3756014198
1.758294940904805	6785.151787517376	2.3908749937760132e25	27186.237096001114	15687.89886766988
1.7664730569090132	6777.717147674024	2.393575298434652e25	27314.53257992044	15687.415247331717
1.7746511729132217	6770.295554121676	2.3962834813259916e25	27442.824080818336	15686.924811199704
1.7828292889174302	6762.886827152881	2.3989995675849417e25	27571.111543240087	15686.427628903517
1.7910074049216385	6755.490790213129	2.4017235825366247e25	27699.394912295505	15685.923768875395
1.799185520925847	6748.107269828591	2.404455551688863e25	27827.67413364913	15685.413298398898
1.8073636369300552	6740.736095641679	2.4071955007368586e25	27955.949153511105	15684.89628369291
1.8155417529342637	6733.3771001766945	2.409943455564707e25	28084.21991863013	15684.372789911637
1.8237198689384722	6726.030118830647	2.4126994422398323e25	28212.48637628197	15683.8428811855
1.8318979849426804	6718.694989839578	2.415463487019128e25	28340.748474262848	15683.306620577952
1.840076100946889	6711.3715541751335	2.4182356163456825e25	28469.006160880876	15682.764070171253
1.8482542169510972	6704.059655514127	2.421015856850047e25	28597.259384947934	15682.215291081831
1.8564323329553056	6696.759140098758	2.423804235352028e25	28725.50809577194	15681.660343478974
1.864610448959514	6689.469856692629	2.42660077885708e25	28853.752243148945	15681.099286610384
1.8727885649637224	6682.191656574594	2.4294055145629943e25	28981.991777355444	15680.53217877695
1.8809666809679308	6674.924393459755	2.4322184698515316e25	29110.226649141845	15679.959077415955
1.8891447969721393	6667.66792339949	2.4350396723016494e25	29238.4568097234	15679.380039096413
1.8973229129763476	6660.42210480457	2.437869149667934e25	29366.682210775678	15678.795119560078
1.905501028980556	6653.186798311485	2.440706929907985e25	29494.90280442676	15678.204373694552
1.9136791449847643	6645.961866775557	2.443553041173443e25	29623.118543250184	15677.607855569504
1.9218572609889728	6638.74717517997	2.4464075117923526e25	29751.329380258376	15677.005618472405
1.9300353769931813	6631.542590600766	2.4492703702981905e25	29879.535268896187	15676.397714915724
1.9382134929973895	6624.347982209507	2.452141645407805e25	30007.736163034668	15675.784196682527
1.946391609001598	6617.1632211740525	2.455021366033249e25	30135.932016964995	15675.165114759127
1.9545697250058065	6609.988180618078	2.4579095612843035e25	30264.122785392374	15674.540519411
1.9627478410100148	6602.822735626501	2.4608062604537747e25	30392.30842343041	15673.910460195182
1.9709259570142232	6595.666763111757	2.4637114930454823e25	30520.488886595656	15673.274985986804
1.9791040730184315	6588.5201418808965	2.4666252887394837e25	30648.66413080141	15672.634144981866
1.98728218902264	6581.3827524843755	2.4695476774305033e25	30776.834112352248	15671.987984681433
1.9954603050268485	6574.254477305185	2.4724786891936564e25	30904.998787938595	15671.336551955654
2.0036384210310567	6567.135200358364	2.475418354312579e25	31033.15811463139	15670.679893027655
2.011816537035265	6560.024807362922	2.4783667032632856e25	31161.312049876877	15670.01805351702
2.0199946530394737	6552.923185714372	2.4813237667195265e25	31289.460551491557	15669.351078388152
2.028172769043682	6545.830224389996	2.4842895755614518e25	31417.603577657326	15668.679012015189
2.03635088504789	6538.745813992205	2.4872641608549812e25	31545.741086917023	15668.00189819149
2.0445290010520987	6531.669846630243	2.490247553880706e25	31673.8730381695	15667.319780137712
2.052707117056307	6524.602215918019	2.4932397861238958e25	31801.9993906645	15666.632700506201
2.0608852330605156	6517.5428169904335	2.4962408892568947e25	31930.120103997382	15665.940701369866
2.069063349064724	6510.491546408184	2.4992508951713467e25	32058.23513810857	15665.243824272224
2.077241465068932	6503.448302150145	2.502269835953809e25	32186.344453271297	15664.542110223876
2.0854195810731406	6496.412983603911	2.5052977438911814e25	32314.448010092845	15663.83559973278
2.093597697077349	6489.38549149359	2.508334651494291e25	32442.545769513134	15663.124332755093
2.1017758130815576	6482.365727930129	2.5113805914608345e25	32570.63769279604	15662.408348756955
2.109953929085766	6475.35359628564	2.5144355967099907e25	32698.723741524474	15661.687686712969
2.118132045089974	6468.349001222435	2.5174997003653493e25	32826.80387759656	15660.962385115266
2.1263101610941826	6461.351848704495	2.520572935749762e25	32954.87806322485	15660.232481961404
2.134488277098391	6454.362045898133	2.5236553364124237e25	33082.94626093305	15659.498014760911
2.1426663931025995	6447.3795011614775	2.5267469361151746e25	33211.008433547766	15658.759020590593
2.150844509106808	6440.404124065668	2.529847768823973e25	33339.06454419763	15658.015536086075
2.159022625111016	6433.435825328795	2.532957868710931e25	33467.11455630287	15657.267597455875
2.1672007411152245	6426.47451682296	2.536077270188518e25	33595.15843359227	15656.515240447456
2.175378857119433	6419.520111526806	2.5392060078625356e25	33723.19614007297	15655.758500385016
2.1835569731236415	6412.572523517273	2.5423441165503352e25	33851.22764003733	15654.99741218282
2.19173508912785	6405.631667971786	2.545491631309191e25	33979.25289807579	15654.23201035302
2.1999132051320585	6398.697461077386	2.5486485874093703e25	34107.271879048545	15653.462329008871
2.2080913211362665	6391.769820048974	2.551815020333992e25	34235.28454808854	15652.688401833235
2.216269437140475	6384.848663201765	2.554990965787493e25	34363.29087061756	15651.910262148594
2.2244475531446835	6377.933909771633	2.5581764597007766e25	34491.290812319436	15651.127942888641
2.232625669148892	6371.025479952902	2.5613715382258247e25	34619.28433913925	15650.341476624219
2.2408037851531004	6364.123294975091	2.5645762377501216e25	34747.271417298274	15649.550895544739
2.2489819011573084	6357.227277008091	2.567790594880472e25	34875.252013280806	15648.756231475054
2.257160017161517	6350.337349124699	2.571014646436909e25	35003.22609382035	15647.957515890963
2.2653381331657254	6343.453435290176	2.5742484294828732e25	35131.19362591148	15647.154779920007
2.273516249169934	6336.575460345733	2.577491981311035e25	35259.15457679812	15646.348054359656
2.2816943651741424	6329.703350025274	2.5807453394467605e25	35387.108913977776	15645.537369633641
2.2898724811783504	6322.837030950313	2.5840085416386635e25	35515.05660519976	15644.722755856787
2.298050597182559	6315.976430565242	2.587281625877552e25	35642.99761845212	15643.90424281665
2.3062287131867674	6309.121477144096	2.5905646303862704e25	35770.93192196291	15643.081859991358
2.314406829190976	6302.272099815004	2.5938575936165743e25	35898.859484208384	15642.255636537055
2.3225849451951843	6295.428228458295	2.597160554274555e25	36026.78027389873	15641.425601283678
2.3307630611993924	6288.5897937405925	2.6004735512915167e25	36154.69425997309	15640.591782767598
2.338941177203601	6281.756727145306	2.603796623833122e25	36282.601411608026	15639.754209232497
2.3471192932078093	6274.928960892835	2.6071298113237616e25	36410.50169821288	15638.912908642737
2.355297409212018	6268.106427923761	2.6104731534275176e25	36538.39508941832	15638.067908634728
2.3634755252162263	6261.289061916536	2.6138266900482163e25	36666.281555078895	15637.219236575631
2.3716536412204343	6254.476797326005	2.617190461331281e25	36794.16106527953	15636.366919565178
2.379831757224643	6247.66956926485	2.6205645076844218e25	36922.033590321844	15635.510984406104
2.3880098732288513	6240.86731355663	2.6239488697516114e25	37049.89910072013	15634.65145751911
2.3961879892330598	6234.069966772255	2.627343588423776e25	37177.75756721106	15633.788365105078
2.4043661052372682	6227.27746606399	2.630748704861812e25	37305.608960740945	15632.921733135581
2.4125442212414767	6220.48974930035	2.6341642604599966e25	37433.45325246868	15632.051587345028
2.4207223372456848	6213.706754966736	2.637590296882913e25	37561.29041376214	15631.177953216406
2.4289004532498932	6206.928422203533	2.641026856044962e25	37689.12041619635	15630.30085596494
2.4370785692541017	6200.154690788078	2.644473980115151e25	37816.94323155146	15629.420320556816
2.44525668525831	6193.385501087496	2.647931711535868e25	37944.75883181101	15628.536371718055
2.4534348012625187	6186.620794125108	2.651400092990808e25	38072.567189160174	15627.649033941878
2.4616129172667267	6179.860511467725	2.6548791674518167e25	38200.368275983405	15626.758331494511
2.469791033270935	6173.104595304254	2.658368978140271e25	38328.162064862394	15625.864288379395
2.4779691492751437	6166.352988419863	2.661869568536184e25	38455.948528574234	15624.966928388507
2.486147265279352	6159.6056341538415	2.6653809824023946e25	38583.72764008957	15624.066275087835
2.4943253812835606	6152.8624763962	2.6689032637669747e25	38711.4993725708	15623.16235182485
2.5025034972877687	6146.1234595832575	2.6724364569221194e25	38839.263699370225	15622.255181731065
2.510681613291977	6139.388528688114	2.6759806064513405e25	38967.020594028734	15621.344787699345
2.5188597292961856	6132.6576292613045	2.679535757189204e25	39094.77003027383	15620.43119242929
2.527037845300394	6125.93070732399	2.6831019542734163e25	39222.51198201768	15619.514418404964
2.5352159613046026	6119.207709462991	2.6866792430971556e25	39350.24642335539	15618.594487919701
2.5433940773088106	6112.488582740712	2.6902676693498346e25	39477.97332856338	15617.671423050624
2.551572193313019	6105.773274719039	2.6938672790036997e25	39605.69267209769	15616.745245665586
2.5597503093172276	6099.061733483583	2.697478118300227e25	39733.4044285924	15615.815977448838
2.567928425321436	6092.353907597213	2.701100233771094e25	39861.108572858226	15614.883639890511
2.5761065413256445	6085.64974606865	2.704733672252571e25	39988.80507988121	15613.94825429626
2.584284657329853	6078.949198428712	2.708378480845524e25	40116.49392482074	15613.009841772813
2.592462773334061	6072.252214618739	2.71203470696878e25	40244.17508300799	15612.068423235116
2.6006408893382695	6065.558745095489	2.715702398313517e25	40371.84852994444	15611.124019429262
2.608819005342478	6058.868740709846	2.7193816028790783e25	40499.51424130034	15610.176650914409
2.6169971213466865	6052.182152740119	2.7230723689670736e25	40627.1721929133	15609.226338082835
2.625175237350895	6045.498932954597	2.7267747451619575e25	40754.82236078676	15608.273101136
2.633353353355103	6038.819033537767	2.7304887803531467e25	40882.46472108911	15607.316960110353
2.6415314693593115	6032.142407061488	2.7342145237527195e25	41010.09925015208	15606.35793487
2.64970958536352	6025.469006569599	2.7379520248522787e25	41137.72592446897	15605.396045088013
2.6578877013677285	6018.798785487713	2.741701333476508e25	41265.34472069281	15604.431310193226
2.666065817371937	6012.131697665061	2.7454624997420166e25	41392.95561563498	15603.463749506944
2.674243933376145	6005.467697322728	2.7492355740853954e25	41520.55858626419	15602.493382210852
2.6824220493803534	5998.806739056073	2.753020607267022e25	41648.15360970542	15601.520227331133
2.690600165384562	5992.148777882369	2.7568176503455027e25	41775.740663238656	15600.544303741297
2.6987782813887704	5985.493769195373	2.7606267546964607e25	41903.31972429648	15599.565630172185
2.706956397392979	5978.841668737747	2.7644479720488477e25	42030.89077046923	15598.58422517081
2.715134513397187	5972.192432634924	2.768281354423587e25	42158.453779491734	15597.600107147842
2.7233126294013954	5965.546017382518	2.772126954163106e25	42286.008729249195	15596.613294367045
2.731490745405604	5958.902379809468	2.7759848239743496e25	42413.555597782186	15595.623804942228
2.7396688614098124	5952.261477115976	2.779855016862881e25	42541.09436327265	15594.631656857366
2.747846977414021	5945.623266845658	2.78373758616153e25	42668.62500404773	15593.636867927955
2.756025093418229	5938.987706854345	2.787632585574868e25	42796.14749858712	15592.639455834858
2.7642032094224374	5932.354755382169	2.7915400691143375e25	42923.66182550918	15591.63943812825
2.772381325426646	5925.7243710029215	2.7954600911220885e25	43051.16796357272	15590.636832221726
2.7805594414308543	5919.096512591549	2.799392706313491e25	43178.665891686054	15589.631655399695
2.788737557435063	5912.471139335935	2.8033379697415977e25	43306.15558889373	15588.6239247923
2.7969156734392713	5905.848210729896	2.8072959367842048e25	43433.6370343726	15587.613657401826
2.8050937894434793	5899.227686649723	2.8112666632139057e25	43561.11020746153	15586.600870113567
2.813271905447688	5892.609527201676	2.815250205086998e25	43688.575087605925	15585.585579673008
2.8214500214518963	5885.993692838977	2.8192466188825715e25	43816.03165440963	15584.567802713285
2.8296281374561048	5879.380144321514	2.8232559614017364e25	43943.47988760587	15583.547555731533
2.8378062534603132	5872.768842682906	2.8272782897918278e25	44070.9197670562	15582.524855097205
2.8459843694645213	5866.159749240252	2.831313661612031e25	44198.351272766704	15581.499717061462
2.8541624854687297	5859.5528256075995	2.8353621347466777e25	44325.774384868266	15580.472157757284
2.8623406014729382	5852.948033685257	2.839423767440968e25	44453.189083621866	15579.442193203897
2.8705187174771467	5846.345335658457	2.8434986183583263e25	44580.59534942784	15578.409839302665
2.878696833481355	5839.744693979558	2.847586746491658e25	44707.99316280634	15577.37511182775
2.8868749494855632	5833.146071383066	2.851688211211019e25	44835.3825044098	15576.338026448519
2.8950530654897717	5826.549430849689	2.855803072295904e25	44962.76335502309	15575.298598718906
2.90323118149398	5819.954735613532	2.859931389880008e25	45090.135695548146	15574.256844080492
2.9114092974981887	5813.361949197711	2.8640732245053883e25	45217.4995070205	15573.21277788153
2.919587413502397	5806.771035392127	2.868228637086844e25	45344.85477060049	15572.166415330119
2.927765529506605	5800.181958216955	2.8723976889111206e25	45472.20146756439	15571.117771474597
2.9359436455108137	5793.594681944601	2.8765804417052613e25	45599.53957932127	15570.06686128006
2.944121761515022	5787.009171094744	2.8807769575578694e25	45726.86908739767	15569.013699640627
2.9522998775192306	5780.425390419379	2.8849872989434137e25	45854.18997343713	15567.958301351013
2.960477993523439	5773.843304920776	2.889211528792313e25	45981.50221921361	15566.90068109851
2.9686561095276476	5767.262879836865	2.8934497103947358e25	46108.80580661293	15565.840853464073
2.9768342255318556	5760.6840806379405	2.8977019074447504e25	46236.10071763999	15564.778832933738
2.985012341536064	5754.10687300024	2.9019681840979984e25	46363.38693442484	15563.714633891346
2.9931904575402726	5747.531222829752	2.9062486048757405e25	46490.66443920578	15562.648270624031
3.001368573544481	5740.957096277113	2.9105432347226584e25	46617.93321434213	15561.57975733427
3.0095466895486895	5734.384459699151	2.9148521390430843e25	46745.19324231189	15560.509108110651
3.0177248055528976	5727.813279664658	2.9191753836207796e25	46872.44450569944	15559.436336953348
3.025902921557106	5721.243522980447	2.923513034680897e25	46999.68698721117	15558.361457774725
3.0340810375613145	5714.675156615801	2.927865158901756e25	47126.92066966552	15557.284484387756
3.042259153565523	5708.108147754783	2.9322318233629023e25	47254.145535987176	15556.205430517462
3.0504372695697315	5701.542463855278	2.9366130956004515e25	47381.361569222674	15555.124309814873
3.0586153855739395	5694.978072499864	2.9410090435881033e25	47508.568752522035	15554.04113581575
3.066793501578148	5688.414941489278	2.945419735744218e25	47635.7670691484	15552.955921978999
3.0749716175823565	5681.853038844073	2.949845240921198e25	47762.95650247415	15551.868681681193
3.083149733586565	5675.292332728842	2.954285628457337e25	47890.13703598169	15550.779428205462
3.0913278495907734	5668.732791534639	2.958740968121867e25	48017.30865326138	15549.688174758692
3.0995059655949815	5662.174383849959	2.963211330133275e25	48144.4713380108	15548.594934467346
3.10768408159919	5655.617078428075	2.967696785183024e25	48271.62507403398	15547.499720361597
3.1158621976033984	5649.060844187945	2.9721974044401676e25	48398.76984524157	15546.402545393461
3.124040313607607	5642.505650274988	2.976713259522938e25	48525.905635651776	15545.303422442328
3.1322184296118154	5635.951465960643	2.9812444225385527e25	48653.03242938564	15544.202364299545
3.1403965456160234	5629.3982606984755	2.985790966063295e25	48780.1502106673	15543.099383680512
3.148574661620232	5622.846004177048	2.9903529631473002e25	48907.258963828244	15541.99449323652
3.1567527776244404	5616.2946661757	2.99493048734667e25	49034.35867330025	15540.887705517347
3.164930893628649	5609.744216669899	2.9995236126957275e25	49161.4493236185	15539.77903300785
3.1731090096328574	5603.194625825113	3.0041324137042363e25	49288.53089941972	15538.668488122205
3.181287125637066	5596.645863945039	3.0087569653931824e25	49415.6033854418	15537.556083197169
3.189465241641274	5590.097901473492	3.0133973432978085e25	49542.66676652316	15536.441830489814
3.1976433576454824	5583.550709056335	3.0180536234323783e25	49669.72102760237	15535.325742184237
3.205821473649691	5577.004257500506	3.022725882320057e25	49796.766153717224	15534.207830346386
3.2139995896538993	5570.458517719426	3.0274141970232935e25	49923.802130003955	15533.088107003856
3.222177705658108	5563.913460822505	3.0321186450899245e25	50050.82894169688	15531.966584128466
3.230355821662316	5557.369058036497	3.036839304610249e25	50177.84657412787	15530.84327361614
3.2385339376665243	5550.825280731554	3.041576254202065e25	50304.855012725784	15529.71818729297
3.246712053670733	5544.28210046275	3.0463295729896993e25	50431.85424301585	15528.591336926203
3.2548901696749413	5537.739488918972	3.0510993406345444e25	50558.84425061911	15527.462734212288
3.2630682856791497	5531.197417856808	3.0558856373683673e25	50685.82502125266	15526.332390762696
3.271246401683358	5524.655859256367	3.0606885439392886e25	50812.796540728144	15525.200318141424
3.2794245176875663	5518.1147852295335	3.0655081416325364e25	50939.758794951194	15524.066527846278
3.2876026336917747	5511.574167995657	3.0703445122972996e25	51066.7117699208	15522.931031305698
3.2957807496959832	5505.033979898566	3.0751977383485704e25	51193.655451729355	15521.793839882765
3.3039588657001917	5498.494193457541	3.0800679027357634e25	51320.5898265627	15520.654964888612
3.3121369817043997	5491.95478126757	3.0849550890099735e25	51447.51488069863	15519.514417557257
3.320315097708608	5485.415716072819	3.0898593812741667e25	51574.43060050623	15518.372209063617
3.3284932137128167	5478.876970762785	3.094780864189047e25	51701.33697244538	15517.228350527175
3.336671329717025	5472.3385183444125	3.0997196229988575e25	51828.23398306659	15516.082853005913
3.3448494457212337	5465.8003319134195	3.104675743568367e25	51955.12161901217	15514.935727492239
3.353027561725442	5459.262384729756	3.109649312312868e25	52081.999867013285	15513.786984927141
3.36120567772965	5452.724650143466	3.1146404162464544e25	52208.86871388886	15512.636636190924
3.3693837937338587	5446.1871015979395	3.119649143005293e25	52335.728146547524	15511.48469209872
3.377561909738067	5439.649712709889	3.1246755808160957e25	52462.57815198757	15510.331163416025
3.3857400257422756	5433.11245719852	3.1297198185011732e25	52589.418717293804	15509.176060852551
3.393918141746484	5426.575308874615	3.134781945499717e25	52716.249829637156	15508.019395058482
3.402096257750692	5420.038241643507	3.1398620518967057e25	52843.07147627712	15506.861176625971
3.4102743737549006	5413.501229565422	3.1449602283724012e25	52969.88364456022	15505.70141610075
3.418452489759109	5406.964246767144	3.1500765662551226e25	53096.68632191756	15504.540123967276
3.4266306057633176	5400.427267476579	3.1552111575006772e25	53223.47949586494	15503.37731066026
3.434808721767526	5393.89026605849	3.1603640946948195e25	53350.263154005435	15502.212986557724
3.442986837771734	5387.353216955455	3.165535471103828e25	53477.03728402655	15501.047161985689
3.4511649537759426	5380.816094713755	3.170725380623521e25	53603.80187369863	15499.87984721903
3.459343069780151	5374.278873988731	3.1759339177912564e25	53730.55691087562	15498.71105248427
3.4675211857843595	5367.741529546776	3.1811611778185594e25	53857.30238349698	15497.540787954531
3.475699301788568	5361.204036212336	3.186407256609538e25	53984.038279584296	15496.369063729979
3.483877417792776	5354.666368920366	3.1916722507139657e25	54110.76458724013	15495.195889850344
3.4920555337969845	5348.128502716238	3.1969562573525586e25	54237.48129464966	15494.021276340547
3.500233649801193	5341.5904127089825	3.20225937448127e25	54364.18839008138	15492.845233162467
3.5084117658054015	5335.052074109201	3.207581700718699e25	54490.88586188393	15491.66777023544
3.51658988180961	5328.513462226164	3.2129233353601025e25	54617.57369848567	15490.488897432606
3.5247679978138184	5321.974552460321	3.218284378415478e25	54744.25188839693	15489.308624580359
3.5329461138180265	5315.435320257753	3.2236649306435494e25	54870.92042020889	15488.126961450895
3.541124229822235	5308.895741178706	3.2290650934783585e25	54997.57928259132	15486.94391777522
3.5493023458264434	5302.355790867322	3.234484969072329e25	55124.228464292515	15485.75950323835
3.557480461830652	5295.815445032594	3.2399246603485563e25	55250.86795414142	15484.573727478268
3.5656585778348604	5289.274679477165	3.245384270944437e25	55377.49774104581	15483.386600089158
3.5738366938390684	5282.733470094221	3.250863905219264e25	55504.11781399057	15482.198130619916
3.582014809843277	5276.191792843451	3.256363668283275e25	55630.72816203793	15481.008328575363
3.5901929258474854	5269.649623727822	3.261883666044463e25	55757.328774329384	15479.817203410526
3.598371041851694	5263.10693885127	3.2674240051437773e25	55883.919640083404	15478.624764541899
3.6065491578559024	5256.563714413665	3.272984792974728e25	56010.50074859436	15477.43102134729
3.6147272738601104	5250.019926679117	3.27856613771031e25	56137.07208923264	15476.235983160612
3.622905389864319	5243.475551943779	3.2841681483432543e25	56263.63365144639	15475.039659266617
3.6310835058685274	5236.930566625093	3.289790934615454e25	56390.18542475932	15473.842058918084
3.639261621872736	5230.384947173446	3.295434607083159e25	56516.7273987697	15472.643191322799
3.6474397378769443	5223.838670091277	3.3010992771094466e25	56643.25956315047	15471.4430656395
3.6556178538811523	5217.291711974528	3.3067850568588984e25	56769.781907650904	15470.24169099418
3.663795969885361	5210.744049510991	3.3124920593082078e25	56896.294422094674	15469.039076478239
3.6719740858895693	5204.195659410838	3.318220398269793e25	57022.79709637828	15467.835231136063
3.680152201893778	5197.646518436956	3.3239701883989662e25	57149.28992047259	15466.630163971091
3.6883303178979863	5191.0966034490575	3.3297415451651303e25	57275.77288442207	15465.423883954736
3.6965084339021943	5184.545891365897	3.335534584889355e25	57402.24597834472	15464.216400020185
3.704686549906403	5177.994359125168	3.341349424780562e25	57528.709192431306	15463.007721055343
3.7128646659106113	5171.441983760484	3.34718618287548e25	57655.162516944925	15461.79785591768
3.7210427819148197	5164.888742347989	3.353044978091459e25	57781.605942220776	15460.58681342578
3.729220897919028	5158.334611990347	3.358925930245566e25	57908.03945866599	15459.374602356675
3.7373990139232367	5151.77956987391	3.364829160019183e25	58034.463056759814	15458.161231453854
3.7455771299274447	5145.223593270593	3.3707547889809586e25	58160.87672705293	15456.946709428896
3.753755245931653	5138.666659452324	3.3767029396331676e25	58287.28046016656	15455.731044927361
3.7619333619358617	5132.108745750967	3.3826737353819805e25	58413.674246792696	15454.514246571736
3.77011147794007	5125.549829574712	3.388667300528561e25	58540.058077693626	15453.296322963135
3.7782895939442787	5118.9898883673995	3.3946837603130366e25	58666.43194370184	15452.077282665607
3.7864677099484867	5112.428899586701	3.4007232409447207e25	58792.795835719815	15450.857134202324
3.794645825952695	5105.866840769367	3.406785869551284e25	58919.14974471973	15449.635886068352
3.8028239419569037	5099.303689495195	3.412871774216317e25	59045.49366174305	15448.413546724536
3.811002057961112	5092.739423402901	3.4189810839728343e25	59171.827577900236	15447.190124601037
3.8191801739653206	5086.174020140419	3.4251139288564114e25	59298.1514843705	15445.965628088476
3.8273582899695286	5079.607457399417	3.4312704398820587e25	59424.465372401486	15444.740065545793
3.835536405973737	5073.039712943305	3.437450749026902e25	59550.769233309045	15443.513445304385
3.8437145219779456	5066.470764564598	3.4436549892767053e25	59677.06305847713	15442.285775660412
3.851892637982154	5059.900590048891	3.4498832946661595e25	59803.34683935753	15441.05706487067
3.8600707539863626	5053.329167279778	3.45613580021298e25	59929.6205674694	15439.827321171615
3.8682488699905706	5046.756474176711	3.462412641951477e25	60055.88423439908	15438.5965527681
3.876426985994779	5040.182488656493	3.4687139569885897e25	60182.13783179982	15437.364767827092
3.8846051019989876	5033.607188674484	3.4750398834765554e25	60308.381351391494	15436.131974485646
3.892783218003196	5027.030552251216	3.481390560595285e25	60434.614784960344	15434.898180856322
3.9009613340074045	5020.452557432808	3.4877661286008863e25	60560.838124358954	15433.663395020365
3.909139450011613	5013.873182254762	3.4941667288703682e25	60687.05136150599	15432.427625021339
3.917317566015821	5007.29240482224	3.500592503832276e25	60813.254488385704	15431.190878880763
3.9254956820200295	5000.710203283719	3.507043597000318e25	60939.44749704786	15429.953164593606
3.933673798024238	4994.126555777396	3.5135201530342794e25	61065.630379607406	15428.714490118573
3.9418519140284465	4987.541440465057	3.5200223177112693e25	61191.80312824417	15427.474863385287
3.950030030032655	4980.954835572271	3.52655023790842e25	61317.96573520274	15426.23429230175
3.958208146036863	4974.366719357364	3.533104061651788e25	61444.11819279232	15424.992784749586
3.9663862620410715	4967.777070046691	3.5396839381641208e25	61570.260493386566	15423.75034857209
3.97456437804528	4961.185865928741	3.546290017798831e25	61696.392629423164	15422.506991593194
3.9827424940494884	4954.593085313117	3.552922452085307e25	61822.51459340359	15421.262721607252
3.990920610053697	4947.998706545247	3.559581393724274e25	61948.62637789291	15420.017546385829
3.999098726057905	4941.402707966411	3.5662669966443795e25	62074.72797551978	15418.771473668892
4.007276842062113	4934.805067921084	3.572979415983208e25	62200.819378975415	15417.524511167045
4.015454958066322	4928.205764802444	3.579718808084525e25	62326.90058101482	15416.276666571322
4.02363307407053	4921.604777046205	3.5864853305230316e25	62452.971574455805	15415.027947538521
4.031811190074738	4915.002083062166	3.5932791421463725e25	62579.03235217827	15413.7783616883
4.039989306078947	4908.397661276191	3.600100403049308e25	62705.08290712397	15412.52791662396
4.048167422083155	4901.791490156851	3.6069492745746904e25	62831.123232297	15411.276619931863
4.056345538087364	4895.183548186278	3.613825919361441e25	62957.15332076407	15410.024479172931
4.064523654091572	4888.573813816226	3.620730501377617e25	63083.17316565325	15408.771501874835
4.07270177009578	4881.962265555048	3.6276631858608363e25	63209.1827601538	15407.51769554916
4.080879886099989	4875.348881925039	3.6346241393653153e25	63335.18209751616	15406.263067683627
4.089058002104197	4868.733641411117	3.641613529831824e25	63461.17117105233	15405.007625732744
4.097236118108406	4862.116522545809	3.648631526512084e25	63587.1499741351	15403.751377134446
4.105414234112614	4855.497503872563	3.6556783000161357e25	63713.118500197925	15402.49432930344
4.113592350116822	4848.876563951849	3.6627540223203523e25	63839.07674273486	15401.236489632958
4.121770466121031	4842.2536813010465	3.669858866843195e25	63965.024695300286	15399.977865483488
4.129948582125239	4835.628834480673	3.67699300836807e25	64090.962351508635	15398.71846419963
4.138126698129448	4829.00200205716	3.6841566230951597e25	64216.88970503442	15397.458293103666
4.146304814133656	4822.373162617368	3.691349888637871e25	64342.8067496118	15396.197359498341
4.154482930137864	4815.742294701595	3.698572984114771e25	64468.71347903479	15394.935670654739
4.162661046142073	4809.1093768787205	3.7058260900728843e25	64594.60988715663	15393.673233827072
4.170839162146281	4802.4743877361	3.713109388509625e25	64720.49596788977	15392.410056250901
4.17901727815049	4795.837305841379	3.7204230629470527e25	64846.3717152058	15391.146145136392
4.187195394154698	4789.1981097545995	3.727767298425816e25	64972.23712313512	15389.881507670993
4.195373510158906	4782.556778050482	3.7351422814801774e25	65098.09218576682	15388.61615102411
4.203551626163115	4775.913289306679	3.7425482001808477e25	65223.93689724863	15387.350082345198
4.211729742167323	4769.267622106786	3.7499852441424763e25	65349.77125178665	15386.083308764784
4.219907858171532	4762.619754981642	3.757453604602304e25	65475.595243645235	15384.815837383538
4.22808597417574	4755.969666493096	3.76495347434332e25	65601.40886714666	15383.547675288844
4.236264090179948	4749.3173352153435	3.7724850477291346e25	65727.21211667113	15382.278829551353
4.244442206184157	4742.662739670101	3.780048520784811e25	65853.00498665657	15381.009307213104
4.252620322188365	4736.005858383496	3.787644091169055e25	65978.78747159836	15379.739115299068
4.260798438192574	4729.346669897337	3.7952719581702978e25	66104.55956604927	15378.468260819021
4.268976554196782	4722.685152739744	3.802932322739707e25	66230.32126461931	15377.196750762989
4.27715467020099	4716.021285433794	3.8106253875142006e25	66356.07256197561	15375.924592102909
4.285332786205199	4709.355046446161	3.8183513568879055e25	66481.81345284231	15374.65179178442
4.293510902209407	4702.686414273367	3.8261104369306814e25	66607.54393200018	15373.378356729934
4.301689018213616	4696.015367415076	3.8339028354366786e25	66733.26399428652	15372.104293834096
4.309867134217824	4689.341884305	3.8417287620083257e25	66858.97363459493	15370.829609976094
4.318045250222032	4682.665943383629	3.849588428013205e25	66984.6728478752	15369.554312028755
4.326223366226241	4675.987523091187	3.857482046597694e25	67110.36162913326	15368.278406849087
4.334401482230449	4669.306601852164	3.865409832713166e25	67236.03997343098	15367.001901276246
4.342579598234658	4662.623158073104	3.873372003149333e25	67361.70787588619	15365.72480213171
4.350757714238866	4655.937170100817	3.881368776600778e25	67487.36533167241	15364.44711621154
4.358935830243074	4649.248616303645	3.889400373587038e25	67613.01233601873	15363.168850302265
4.367113946247283	4642.557475034971	3.897467016507848e25	67738.64888420967	15361.890011174315
4.375292062251491	4635.863724598403	3.90556892973055e25	67864.27497158501	15360.610605575637
4.3834701782557	4629.167343284937	3.913706339538394e25	67989.89059353963	15359.330640239421
4.391648294259908	4622.468309370337	3.921879474156608e25	68115.49574552335	15358.050121883361
4.399826410264117	4615.766601119146	3.93008856377315e25	68241.09042304092	15356.76905721149
4.408004526268325	4609.06219675907	3.9383338405833295e25	68366.67462165176	15355.487452909245
4.416182642272533	4602.355074454951	3.946615538848202e25	68492.24833697003	15354.20531563919
4.424360758276742	4595.645212398473	3.954933894828528e25	68617.81156466433	15352.922652058145
4.43253887428095	4588.932588737754	3.963289146852971e25	68743.3643004576	15351.63946880362
4.440716990285159	4582.217181610607	3.971681535315519e25	68868.90654012703	15350.355772501376
4.448895106289367	4575.498969085995	3.980111302767219e25	68994.43827950385	15349.071569754644
4.457073222293575	4568.777929204993	3.988578693880838e25	69119.95951447323	15347.786867151392
4.465251338297784	4562.054040015703	3.997083955445095e25	69245.47024097416	15346.501671272641
4.473429454301992	4555.327279529432	4.005627336444079e25	69370.97045499936	15345.215988683285
4.481607570306201	4548.5976256761605	4.014209088115882e25	69496.46015259525	15343.929825924446
4.489785686310409	4541.8650563915	4.0228294638828455e25	69621.9393298617	15342.643189530521
4.497963802314617	4535.129549571371	4.031488719423324e25	69747.40798295203	15341.356086020625
4.506141918318826	4528.391083088261	4.040187112668318e25	69872.8661080727	15340.068521902347
4.514320034323034	4521.649634752414	4.048924903906072e25	69998.31370148342	15338.780503664439
4.522498150327243	4514.905182338892	4.0577023557398665e25	70123.75075949673	15337.49203778236
4.530676266331451	4508.15770360499	4.066519733086576e25	70249.17727847806	15336.20313072221
4.538854382335659	4501.407176266127	4.075377303255384e25	70374.59325484581	15334.913788936077
4.547032498339868	4494.653577967437	4.084275336026778e25	70499.9986850712	15333.624018858174
4.555210614344076	4487.896886334846	4.093214103571503e25	70625.39356567796	15332.333826912569
4.563388730348285	4481.137078951952	4.102193880519746e25	70750.77789324224	15331.043219510864
4.571566846352493	4474.374133368321	4.11121494397026e25	70876.15166439247	15329.752203054097
4.579744962356701	4467.608027079131	4.120277573557129e25	71001.51487580937	15328.460783928835
4.58792307836091	4460.838737514887	4.129382051503837e25	71126.86752422593	15327.168968505757
4.596101194365118	4454.066242086466	4.138528662566402e25	71252.20960642726	15325.876763148532
4.604279310369327	4447.290518163535	4.147717694092473e25	71377.54111925057	15324.584174210173
4.612457426373535	4440.511543039036	4.156949436119413e25	71502.86205958479	15323.29120802625
4.620635542377743	4433.729293964285	4.166224181331549e25	71628.17242437061	15321.99787092279
4.628813658381952	4426.94374814973	4.1755422250868454e25	71753.47221060033	15320.704169215574
4.63699177438616	4420.15488275785	4.184903865464664e25	71878.76141531787	15319.41010921159
4.645169890390369	4413.362674905184	4.194309403305941e25	72004.04003561898	15318.115697205274
4.653348006394577	4406.567101620691	4.203759142300044e25	72129.30806865057	15316.820939475116
4.661526122398785	4399.768139901181	4.213253388916244e25	72254.56551161097	15315.525842293127
4.669704238402994	4392.965766683062	4.2227924524764366e25	72379.81236174972	15314.230411924098
4.677882354407202	4386.159958884962	4.232376645168814e25	72505.04861636742	15312.93465457515
4.686060470411411	4379.350693344138	4.242006282144612e25	72630.27427281515	15311.638576388375
4.694238586415619	4372.5379468156	4.251681681526544e25	72755.48932849424	15310.342183553776
4.702416702419827	4365.72169601421	4.261403164389631e25	72880.69378085683	15309.04548227789
4.710594818424036	4358.901917595796	4.2711710548385195e25	73005.88762740578	15307.748478754736
4.718772934428244	4352.078588176843	4.280985680035275e25	73131.0708656947	15306.451179170315
4.726951050432453	4345.251684251255	4.29084737029857e25	73256.2434933275	15305.153589689664
4.735129166436661	4338.421182288141	4.3007564590369515e25	73381.40550795863	15303.855716475266
4.743307282440869	4331.587058693499	4.310713282828151e25	73506.55690729279	15302.557565679683
4.751485398445078	4324.7492898210285	4.320718181438952e25	73631.69768908506	15301.25914344811
4.759663514449286	4317.907851899445	4.330771497962658e25	73756.82785114065	15299.96045590513
4.7678416304534945	4311.0627211381225	4.340873578732941e25	73881.94739131488	15298.661509175621
4.7760197464577026	4304.213873672616	4.351024773404559e25	74007.05630751309	15297.362309372777
4.7841978624619115	4297.361285586109	4.361225434973726e25	74132.15459769058	15296.062862603781
4.7923759784661195	4290.504932837853	4.371475919920976e25	74257.24225985252	15294.763174956957
4.8005540944703275	4283.644791340346	4.38177658813813e25	74382.31929205387	15293.463252516482
4.8087322104745365	4276.780836934636	4.392127802996393e25	74507.38569239936	15292.163101358301
4.8169103264787445	4269.913045421083	4.402529931371206e25	74632.4414590433	15290.862727555643
4.825088442482953	4263.041392465305	4.412983343791928e25	74757.48659018968	15289.562137163615
4.8332665584871615	4256.1658536776395	4.423488414373902e25	74882.52108409193	15288.26133622997
4.8414446744913695	4249.286404596196	4.434045520888263e25	75007.54493905288	15286.96033079663
4.849622790495578	4242.403020681039	4.4446550448013566e25	75132.5581534247	15285.659126897475
4.8578009064997865	4235.515677323877	4.455317371354469e25	75257.56072560941	15284.357730560872
4.865979022503995	4228.624349807796	4.466032889572957e25	75382.55265405736	15283.056147802017
4.874157138508203	4221.729013334504	4.476801992376398e25	75507.53393726872	15281.754384630287
4.8823352545124115	4214.829643036523	4.487625076536741e25	75632.50457379255	15280.452447047128
4.89051337051662	4207.926213972532	4.498502542744535e25	75757.46456222708	15279.150341050039
4.898691486520828	4201.018701086723	4.5094347957426005e25	75882.41390121945	15277.848072624192
4.906869602525037	4194.107079236348	4.520422244315091e25	76007.35258946577	15276.545647747444
4.915047718529245	4187.191323204726	4.531465301308151e25	76132.28062571098	15275.24307239459
4.923225834533453	4180.271407703081	4.5425643836847915e25	76257.19800874888	15273.940352536154
4.931403950537662	4173.347307312563	4.55371991266438e25	76382.10473742208	15272.637494127657
4.93958206654187	4166.418996516691	4.564932313715029e25	76507.00081062179	15271.334503118003
4.947760182546079	4159.486449732421	4.576202016581061e25	76631.88622728795	15270.031385454868
4.955938298550287	4152.549641278567	4.5875294553665765e25	76756.76098640903	15268.72814707987
4.964116414554495	4145.608545394676	4.598915068553392e25	76881.62508702217	15267.424793931712
4.972294530558704	4138.66313618075	4.6103592991571864e25	77006.47852821292	15266.121331933617
4.980472646562912	4131.713387637125	4.621862594714625e25	77131.3213091153	15264.817767003966
4.988650762567121	4124.759273691111	4.633425407319274e25	77256.15342891176	15263.51410506087
4.996828878571329	4117.800768164499	4.645048193707326e25	77380.97488683308	15262.210352017333
5.005006994575537	4110.837844793088	4.656731415283471e25	77505.78568215838	15260.906513783111
5.013185110579746	4103.870477156491	4.668475538300411e25	77630.58581421511	15259.602596252515
5.021363226583954	4096.898638750093	4.680281033797737e25	77755.37528237884	15258.298605319698
5.029541342588163	4089.9223029677323	4.6921483776834945e25	77880.15408607341	15256.994546875476
5.037719458592371	4082.9414431253213	4.7040780507869775e25	78004.92222477077	15255.690426813393
5.045897574596579	4075.956032363587	4.716070539048235e25	78129.679697991	15254.38625100899
5.054075690600788	4068.966043749686	4.728126333432364e25	78254.42650530218	15253.082025282829
5.062253806604996	4061.971450244073	4.7402459300541e25	78379.16264631963	15251.77775541754
5.070431922609205	4054.972224685454	4.752429830222703e25	78503.88812070621	15250.473447259534
5.078610038613413	4047.9683398188204	4.764678540529068e25	78628.60292817278	15249.169106660614
5.086788154617621	4040.9597682084586	4.776992572983299e25	78753.30706847785	15247.864739455728
5.09496627062183	4033.9464823383523	4.789372444969825e25	78878.00054142768	15246.56035148287
5.103144386626038	4026.9284545667692	4.801818679376408e25	79002.68334687628	15245.255948576129
5.111322502630247	4019.9056571469505	4.8143318046181715e25	79127.35548472541	15243.951536566045
5.119500618634455	4012.878062183844	4.826912354814071e25	79252.01695492443	15242.64712127469
5.127678734638663	4005.8456416496383	4.839560869810685e25	79376.66775747029	15241.34270851923
5.135856850642872	3998.8083674059517	4.8522778952139116e25	79501.30789240754	15240.03830411764
5.14403496664708	3991.766211184451	4.865063982505084e25	79625.93735982821	15238.733913880604
5.152213082651289	3984.7191446039683	4.877919689074364e25	79750.55615987195	15237.42954361941
5.160391198655497	3977.6671391109207	4.890845578442825e25	79875.16429272584	15236.125199134935
5.168569314659706	3970.61016603393	4.903842220206282e25	79999.7617586244	15234.82088622852
5.176747430663914	3963.548196571098	4.916910190146733e25	80124.34855784956	15233.51661069604
5.184925546668122	3956.4812017862982	4.930050070320691e25	80248.92469073068	15232.212378332233
5.193103662672331	3949.4091526192046	4.9432624491190475e25	80373.49015764454	15230.90819493291
5.201281778676539	3942.332019823894	4.956547921493533e25	80498.0449590152	15229.604066280644
5.209459894680748	3935.2497740384147	4.9699070888769856e25	80622.58909531402	15228.299998159833
5.217638010684956	3928.1623857533464	4.983340559339075e25	80747.12256705966	15226.995996352858
5.225816126689164	3921.069825322447	4.9968489476545964e25	80871.64537481814	15225.692066641786
5.233994242693373	3913.972062967858	5.010432875407148e25	80996.15751920268	15224.388214806519
5.242172358697581	3906.869068703257	5.024092971188485e25	81120.65900087371	15223.084446615656
5.25035047470179	3899.7608124313115	5.03782987053257e25	81245.14982053897	15221.78076784442
5.258528590705998	3892.647263891569	5.051644216087559e25	81369.62997895328	15220.477184261335
5.266706706710206	3885.5283927035575	5.065536657659927e25	81494.09947691878	15219.17370164059
5.274884822714415	3878.404168273128	5.079507852463016e25	81618.55831528471	15217.870325745977
5.283062938718623	3871.2745598680845	5.093558465076899e25	81743.00649494739	15216.567062341255
5.291241054722832	3864.139536598429	5.107689167597015e25	81867.44401685035	15215.263917189872
5.29941917072704	3856.9990674139563	5.12190063967524e25	81991.87088198384	15213.960896056149
5.307597286731248	3849.8531211029713	5.136193568932437e25	82116.28709138674	15212.65800470192
5.315775402735457	3842.7016662973956	5.150568650456181e25	82240.6926461431	15211.355248890162
5.323953518739665	3835.544671409446	5.165026587653272e25	82365.0875473854	15210.052634375788
5.332131634743874	3828.382104709802	5.179568091765423e25	82489.47179629227	15208.750166916287
5.340309750748082	3821.2139343120057	5.194193882305742e25	82613.8453940901	15207.447852271529
5.34848786675229	3814.04012816512	5.208904687032874e25	82738.20834205221	15206.145696205684
5.356665982756499	3806.8606539890216	5.2237012422217775e25	82862.56064149908	15204.84370447002
5.364844098760707	3799.6754793431933	5.238584292646551e25	82986.90229379799	15203.541882820513
5.373022214764916	3792.484571616961	5.253554591744287e25	83111.23330036359	15202.240237017631
5.381200330769124	3785.2878980255005	5.268612901706404e25	83235.55366265742	15200.938772819913
5.389378446773332	3778.0854255915915	5.2837599936743275e25	83359.86338218828	15199.637495987941
5.397556562777541	3770.877121108711	5.298996647931093e25	83484.16246051207	15198.336412275821
5.405734678781749	3763.66295121578	5.314323653860991e25	83608.45089923163	15197.035527442913
5.413912794785958	3756.442882346175	5.329741810181839e25	83732.72869999697	15195.734847242351
5.422090910790166	3749.216880776917	5.345251925045953e25	83856.99586450483	15194.434377349098
5.430269026794374	3741.9849125779438	5.3608548162002295e25	83981.25239449844	15193.134123482532
5.438447142798583	3734.7469435452485	5.376551311266844e25	84105.49829176805	15191.834091384515
5.446625258802791	3727.502939346162	5.392342247625222e25	84229.7335581507	15190.534286806167
5.454803374807	3720.2528654099265	5.4082284727553265e25	84353.95819553071	15189.234715496288
5.462981490811208	3712.996686971956	5.42421084429506e25	84478.17220583923	15187.935383206026
5.471159606815416	3705.7343690743874	5.440290230166437e25	84602.37559105456	15186.636295689766
5.479337722819625	3698.465876489712	5.456467508938697e25	84726.56835320198	15185.337458695381
5.487515838823833	3691.1911738151443	5.472743569733975e25	84850.7504943537	15184.038877975921
5.495693954828042	3683.9102254190675	5.4891193125269795e25	84974.92201662918	15182.740559287
5.50387207083225	3676.6229954715354	5.50559564823845e25	85099.08292219494	15181.442508387767
5.512050186836458	3669.329447890263	5.522173498983855e25	85223.2332132645	15180.14473103467
5.520228302840667	3662.029546352999	5.538853798238756e25	85347.37289209847	15178.847232984403
5.528406418844875	3654.723254337646	5.555637490914874e25	85471.5019610046	15177.550019998802
5.536584534849084	3647.410535082618	5.572525533624144e25	85595.62042233774	15176.253097843612
5.544762650853292	3640.0913515865523	5.5895188947765374e25	85719.72827849971	15174.956472282296
5.552940766857501	3632.765666625802	5.60661855500847e25	85843.82553194037	15173.660149087176
5.561118882861709	3625.4334427383887	5.623825506843744e25	85967.91218515532	15172.364134030513
5.569296998865917	3618.09464216306	5.6411407555978505e25	86091.98824068846	15171.068432879489
5.577475114870126	3610.749226943497	5.6585653189929265e25	86216.05370113054	15169.773051412369
5.585653230874334	3603.3971588769714	5.6761002275884015e25	86340.10856911958	15168.477995411422
5.5938313468785426	3596.0383994968	5.693746524958343e25	86464.152847341	15167.183270660113
5.602009462882751	3588.6729100471593	5.711505268006952e25	86588.1865385274	15165.888882939298
5.610187578886959	3581.3006515449924	5.72937752695955e25	86712.20964545872	15164.594838039508
5.6183656948911675	3573.9215847381006	5.747364385723973e25	86836.2221709623	15163.301141752583
5.626543810895376	3566.5356701164615	5.765466942053917e25	86960.22411791285	15162.007799877685
5.6347219268995845	3559.1428679154938	5.783686307713356e25	87084.21548923245	15160.714818217955
5.6429000429037925	3551.743138053081	5.802023608980746e25	87208.19628789085	15159.422202575526
5.651078158908001	3544.3364401825124	5.820479986523377e25	87332.166516905	15158.129958756163
5.6592562749122095	3536.9227336971007	5.8390565958352485e25	87456.12617933951	15156.838092576323
5.6674343909164175	3529.501977698555	5.857754607403321e25	87580.0752783065	15155.54660985303
5.6756125069206265	3522.0741310195726	5.876575206949142e25	87704.01381696579	15154.255516413585
5.6837906229248345	3514.6391521787177	5.895519595783533e25	87827.94179852483	15152.964818084145
5.6919687389290425	3507.1969993884363	5.914588991012724e25	87951.85922623872	15151.67452069562
5.7001468549332515	3499.747630579899	5.933784625695847e25	88075.76610341028	15150.38463008602
5.7083249709374595	3492.291003391947	5.953107749189012e25	88199.66243339004	15149.095152101505
5.716503086941668	3484.827075160088	5.972559627396651e25	88323.54821957643	15147.806092593459
5.7246812029458765	3477.3558029131423	5.992141543045737e25	88447.42346541575	15146.517457420225
5.7328593189500845	3469.8771433177103	6.0118547961320965e25	88571.28817440222	15145.229252438114
5.741037434954293	3462.39105276978	6.031700703911489e25	88695.14235007798	15143.941483516757
5.7492155509585015	3454.8974873335856	6.0516806013734895e25	88818.98599603318	15142.65415653268
5.75739366696271	3447.396402765176	6.071795841496224e25	88942.81911590623	15141.36727736967
5.765571782966918	3439.8877544839725	6.0920477955174825e25	89066.64171338339	15140.080851910046
5.7737498989711264	3432.3714975318867	6.112437853399283e25	89190.45379219888	15138.79488596587
5.781928014975335	3424.847586669789	6.132967423950974e25	89314.2553561347	15137.509385408763
5.790106130979543	3417.315976286958	6.153637935264057e25	89438.04640902091	15136.224356135428
5.798284246983752	3409.7766204422373	6.174450834970414e25	89561.82695473594	15134.939804050684
5.80646236298796	3402.2294728579045	6.1954075905467355e25	89685.59699720642	15133.655735070366
5.814640478992168	3394.6744868381397	6.216509689924411e25	89809.35654040736	15132.372155104622
5.822818594996377	3387.111615369748	6.237758641501909e25	89933.10558836222	15131.08907008059
5.830996711000585	3379.54081107176	6.259155974692882e25	90056.84414514292	15129.806485931183
5.839174827004794	3371.9620261863142	6.280703240279039e25	90180.57221487009	15128.524408595938
5.847352943009002	3364.375212604522	6.302402010611491e25	90304.28980171276	15127.242844027971
5.85553105901321	3356.780321817027	6.324253880251714e25	90427.99690988877	15125.961798182705
5.863709175017419	3349.1773048999426	6.346260466247666e25	90551.69354366462	15124.681277020416
5.871887291021627	3341.566112581331	6.368423408497467e25	90675.37970735568	15123.401286517143
5.880065407025836	3333.9466951799777	6.3907443701638996e25	90799.05540532623	15122.12183265399
5.888243523030044	3326.3190026281213	6.413225038034316e25	90922.72064198939	15120.842921424755
5.896421639034252	3318.682984454175	6.435867123073536e25	91046.37542180746	15119.564558831968
5.904599755038461	3311.038589725618	6.458672360930722e25	91170.01974929185	15118.286750878928
5.912777871042669	3303.385767138839	6.481642512074071e25	91293.65362900299	15117.009503587049
5.920955987046878	3295.7244649570257	6.504779362506243e25	91417.27706555078	15115.73282298502
5.929134103051086	3288.054631032049	6.528084724034295e25	91540.89006359428	15114.456715114191
5.937312219055295	3280.376212772217	6.551560434897214e25	91664.49262784215	15113.181186025262
5.945490335059503	3272.6891571114616	6.575208360271578e25	91788.08476305244	15111.906241773011
5.953668451063711	3264.993410572586	6.599030392628006e25	91911.66647403286	15110.631888428565
5.96184656706792	3257.288919220796	6.623028452274839e25	92035.23776564079	15109.35813207337
5.970024683072128	3249.575628663612	6.647204487866389e25	92158.79864278332	15108.084978800305
5.978202799076337	3241.8534840708594	6.671560476952606e25	92282.3491104176	15106.812434717105
5.986380915080545	3234.122430096098	6.696098426562611e25	92405.88917355056	15105.540505936207
5.994559031084753	3226.3824109256752	6.720820373717032e25	92529.41883723927	15104.269198584028
6.002737147088962	3218.633370266722	6.745728385955892e25	92652.93810659094	15102.998518798991
6.01091526309317	3210.8752513475542	6.77082456191242e25	92776.44698676303	15101.7284727341
6.019093379097379	3203.1079968923177	6.796111031971756e25	92899.94548296342	15100.459066554102
6.027271495101587	3195.3315491576855	6.821589958682219e25	93023.43360045046	15099.190306443075
6.035449611105795	3187.545849809271	6.847263537711433e25	93146.91134453291	15097.922198584409
6.043627727110004	3179.7508400411725	6.873133998231117e25	93270.37872057052	15096.65474918282
6.051805843114212	3171.9464605209873	6.899203603515246e25	93393.83573397346	15095.387964457237
6.059983959118421	3164.132651381158	6.925474651797246e25	93517.28239020317	15094.12185064032
6.068162075122629	3156.3093522231716	6.951949476621039e25	93640.71869477171	15092.856413980182
6.076340191126837	3148.4765021087046	6.978630447899306e25	93764.14465324272	15091.591660741176
6.084518307131046	3140.6340394885815	7.0055199727872e25	93887.56027123121	15090.32759719398
6.092696423135254	3132.7819022969784	7.0326204954677965e25	94010.96555440286	15089.064229632346
6.100874539139463	3124.920027880925	7.059934498873122e25	94134.36050847547	15087.801564359803
6.109052655143671	3117.0483530277806	7.087464504957388e25	94257.74513921802	15086.539607624498
6.117230771147879	3109.16681395899	7.115213075503659e25	94381.11945245067	15085.278365725186
6.125408887152088	3101.275346209924	7.143182813245558e25	94504.48345404532	15084.017844994314
6.133587003156296	3093.373884776708	7.171376362236608e25	94627.83714992573	15082.758051790015
6.141765119160505	3085.462364020092	7.199796409007746e25	94751.18054606784	15081.498992483586
6.149943235164713	3077.540717684068	7.228445683102421e25	94874.51364849957	15080.24067346319
6.158121351168921	3069.608878912682	7.257326958118101e25	94997.83646330122	15078.983101139038
6.16629946717313	3061.66678014964	7.286443052927388e25	95121.14899660581	15077.726281928959
6.174477583177338	3053.7143532048976	7.315796831944083e25	95244.45125459849	15076.470222271068
6.182655699181547	3045.751529230937	7.345391206551367e25	95367.74324351743	15075.214928621197
6.190833815185755	3037.778238715885	7.375229135912174e25	95491.02496965362	15073.960407454611
6.199011931189963	3029.794411465132	7.405313627627612e25	95614.29643935077	15072.706665264128
6.207190047194172	3021.799976605876	7.435647739841159e25	95737.55765900672	15071.45370856339
6.21536816319838	3013.794862562586	7.466234580434784e25	95860.80863507072	15070.201543884792
6.223546279202589	3005.7789969946302	7.497077309923805e25	95984.04937404834	15068.950177771136
6.231724395206797	2997.752306886365	7.528179141510455e25	96107.27988249644	15067.699616792941
6.239902511211005	2989.7147184804303	7.559543342490634e25	96230.50016702649	15066.449867539066
6.248080627215214	2981.6661572857683	7.591173235270362e25	96353.7102343039	15065.200936620637
6.256258743219422	2973.606548064088	7.623072198564198e25	96476.91009104818	15063.95283067098
6.264436859223631	2965.535814755121	7.655243668896214e25	96600.0997440332	15062.705556335797
6.272614975227839	2957.453880551119	7.687691141473472e25	96723.27920008729	15061.459120287642
6.280793091232047	2949.3606678524347	7.7204181714617875e25	96846.44846609334	15060.213529220813
6.288971207236256	2941.2560982542136	7.753428375568117e25	96969.6075489893	15058.968789851773
6.297149323240464	2933.1400925624102	7.786725432847163e25	97092.75645576784	15057.724908923972
6.305327439244673	2925.0125707171755	7.820313086723185e25	97215.89519347716	15056.481893198288
6.313505555248881	2916.8734518113165	7.854195145987018e25	97339.02376922061	15055.239749458611
6.32168367125309	2908.722654096844	7.888375486200187e25	97462.14219015719	15053.998484515145
6.329861787257298	2900.5600949514633	7.922858051552165e25	97585.25046350186	15052.75810520167
6.338039903261506	2892.3856908756106	7.957646855817316e25	97708.34859652536	15051.518618378113
6.346218019265715	2884.1993574997555	7.992745984188298e25	97831.43659655478	15050.280030933622
6.354396135269923	2876.0010094882537	8.02815959518103e25	97954.5144709736	15049.042349775302
6.362574251274132	2867.790560595628	8.06389192163357e25	98077.58222722178	15047.805581839217
6.37075236727834	2859.567923645424	8.099947272821363e25	98200.63987279616	15046.56973408971
6.378930483282548	2851.333010499414	8.136330036280902e25	98323.68741525085	15045.33481351798
6.387108599286757	2843.085732048956	8.173044679248695e25	98446.72486219708	15044.10082714352
6.395286715290965	2834.825998217747	8.210095750436178e25	98569.75222130353	15042.867782017365
6.403464831295174	2826.553717916126	8.247487882283081e25	98692.76950029685	15041.635685218524
6.411642947299382	2818.268798981059	8.28522579286964e25	98815.77670696154	15040.404543847733
6.41982106330359	2809.971148266725	8.323314287642738e25	98938.77384914046	15039.174365042862
6.427999179307799	2801.660671560484	8.361758261280678e25	99061.76093473457	15037.945155903844
6.436177295312007	2793.33727358364	8.400562700336613e25	99184.73797170304	15036.716923568707
6.444355411316216	2785.000857964289	8.439732684963666e25	99307.70496806382	15035.489675252198
6.452533527320424	2776.6513272521247	8.479273391123938e25	99430.66193189389	15034.263418203815
6.460711643324632	2768.288582781801	8.519190093260023e25	99553.60887132963	15033.038159692265
6.468889759328841	2759.912524807484	8.559488166423741e25	99676.54579456718	15031.81390702809
6.477067875333049	2751.5230523990717	8.60017308830174e25	99799.47270986233	15030.590667552313
6.4852459913372575	2743.1200634450906	8.641250442369995e25	99922.38962553132	15029.368448640316
6.493424107341466	2734.703454641181	8.682725919810634e25	100045.29654995061	15028.147257703682
6.501602223345674	2726.2731214609657	8.724605322398207e25	100168.19349155755	15026.927102189544
6.5097803393498825	2717.828958064385	8.76689456564835e25	100291.08045885053	15025.707989571623
6.517958455354091	2709.370857398727	8.809599680952808e25	100413.95746038918	15024.489927367686
6.5261365713582995	2700.898711103303	8.852726818448512e25	100536.82450479471	15023.27292313059
6.5343146873625075	2692.412409502482	8.896282250609535e25	100659.68160075044	15022.056984450754
6.542492803366716	2683.9118416030014	8.940272374291933e25	100782.52875700161	15020.842118960341
6.5506709193709245	2675.3968950422845	8.984703714799397e25	100905.36598235636	15019.628334328974
6.5588490353751325	2666.8674560258673	9.029582928855565e25	101028.19328568553	15018.415638260189
6.5670271513793415	2658.323409387723	9.074916807574735e25	101151.01067592317	15017.204038503989
6.5752052673835495	2649.7646385161897	9.120712280076767e25	101273.81816206683	15015.993542850461
6.5833833833877575	2641.1910253391316	9.166976417236215e25	101396.61575317806	15014.78415913209
6.5915614993919664	2632.6024503129	9.213716434817719e25	101519.40345838256	15013.5758952278
6.5997396153961745	2623.9987923779254	9.260939697588034e25	101642.18128687062	15012.36875905994
6.607917731400383	2615.379928874143	9.308653723568233e25	101764.94924789759	15011.162758588114
6.6160958474045914	2606.745735617846	9.356866186926001e25	101887.70735078397	15009.957901825204
6.6242739634087995	2598.096086808308	9.405584923298998e25	102010.45560491615	15008.754196828093
6.632452079413008	2589.4308550308665	9.454817932383528e25	102133.19401974625	15007.551651704465
6.640630195417216	2580.7499111874054	9.504573385470826e25	102255.92260479364	15006.350274607757
6.648808311421425	2572.05312452832	9.554859625758949e25	102378.64136964388	15005.15007374695
6.656986427425633	2563.3403625507276	9.605685175869954e25	102501.35032395007	15003.951057378415
6.665164543429842	2554.6114909539565	9.657058741931069e25	102624.04947743296	15002.753233804755
6.67334265943405	2545.8663737080337	9.70898921872721e25	102746.73883988164	15001.55661139056
6.681520775438258	2537.104872931712	9.761485694305886e25	102869.41842115363	15000.361198550992
6.689698891442467	2528.3268488923973	9.814557455729702e25	102992.08823117563	14999.167003758514
6.697877007446675	2519.5321599953954	9.868213994128987e25	103114.74827994383	14997.974035546933
6.706055123450884	2510.7206626486354	9.922465011009642e25	103237.39857752438	14996.782302499441
6.714233239455092	2501.892211317869	9.977320423587617e25	103360.0391340539	14995.591813262674
6.7224113554593	2493.0466584630913	1.0032790370613055e26	103482.66995973993	14994.402576541233
6.730589471463509	2484.183854502712	1.0088885219846164e26	103605.29106486142	14993.2146010096
6.738767587467717	2475.303647774516	1.0145615572414717e26	103727.90245976804	14992.027895437299
6.746945703471926	2466.405884500336	1.020299227103252e26	103850.50415488197	14990.842468701976
6.755123819476134	2457.490408702464	1.0261026407045293e26	103973.09616069829	14989.658329742104
6.763301935480342	2448.557062177163	1.0319729326476108e26	104095.67848778519	14988.475487560285
6.771480051484551	2439.6056844754644	1.0379112638367941e26	104218.25114678504	14987.293951228805
6.779658167488759	2430.6361128466056	1.0439188221862877e26	104340.81414841452	14986.113729889452
6.787836283492968	2421.6481821863604	1.0499968234343883e26	104463.36750346543	14984.934832754365
6.796014399497176	2412.64172499172	1.0561465119825744e26	104585.91122280521	14983.757269108353
6.804192515501384	2403.6165713381124	1.0623691616119977e26	104708.44531737741	14982.581048313721
6.812370631505593	2394.572548764269	1.0686660766280603e26	104830.96979820271	14981.406179803811
6.820548747509801	2385.5094822506567	1.0750385924866496e26	104953.48467637892	14980.232673088432
6.82872686351401	2376.4271941851493	1.081488076944604e26	105075.98996308223	14979.060537758953
6.836904979518218	2367.325504298787	1.088015930917384e26	105198.48566956745	14977.889783488155
6.845083095522426	2358.204229614171	1.094623589501266e26	105320.97180716884	14976.720420033114
6.853261211526635	2349.063184373445	1.101312523102163e26	105443.44838730086	14975.552457235572
6.861439327530843	2339.902180018371	1.108084238489567e26	105565.9154214589	14974.385905028765
6.869617443535052	2330.721025045233	1.1149402798432411e26	105688.37292121978	14973.220773429292
6.87779555953926	2321.519525011827	1.1218822300410468e26	105810.8208982426	14972.057072547448
6.885973675543468	2312.2974824650646	1.128911711822156e26	105933.25936426963	14970.894812589531
6.894151791547677	2303.054696870461	1.1360303890416168e26	106055.68833112696	14969.734003859112
6.902329907551885	2293.7909645343543	1.1432399680929005e26	106178.10781072546	14968.574656758046
6.910508023556094	2284.5060785674577	1.150542199034963e26	106300.51781506135	14967.416781793943
6.918686139560302	2275.199828784585	1.1579388771955917e26	106422.91835621721	14966.260389578694
6.92686425556451	2265.87200159054	1.1654318446422489e26	106545.3094463629	14965.10549082643
6.935042371568719	2256.5223799820747	1.1730229916344617e26	106667.69109775635	14963.95209636604
6.943220487572927	2247.1507434417535	1.1807142582092475e26	106790.06332274443	14962.80021714079
6.951398603577136	2237.7568678481234	1.1885076359684889e26	106912.42613376421	14961.649864210078
6.959576719581344	2228.3405254221184	1.1964051694923863e26	107034.77954334333	14960.501048756354
6.967754835585552	2218.901484639416	1.2044089585341684e26	107157.12356410186	14959.353782087881
6.975932951589761	2209.439510070062	1.2125211595098174e26	107279.4582087524	14958.208075633576
6.984111067593969	2199.9543623773466	1.2207439876939051e26	107401.78349010179	14957.063940957334
6.992289183598178	2190.4457982000076	1.2290797190816619e26	107524.099421052	14955.92138975869
7.000467299602386	2180.9135700551738	1.2375306926184412e26	107646.40601460122	14954.780433876695
7.008645415606594	2171.357426258282	1.2460993121422043e26	107768.70328384479	14953.641085235484
7.016823531610803	2161.777110810497	1.2547880490329865e26	107890.99124197596	14952.503355822066
7.025001647615011	2152.172363322899	1.263599444152822e26	108013.26990228673	14951.367257883172
7.03317976361922	2142.5429188102144	1.2725361107267048e26	108135.53927817018	14950.232803814299
7.041357879623428	2132.8885076974843	1.2816007366900152e26	108257.79938312125	14949.10000617396
7.049535995627637	2123.208855671321	1.290796087421925e26	108380.05023073833	14947.968877683881
7.057714111631845	2113.503683561466	1.3001250086058661e26	108502.29183472453	14946.839431233875
7.065892227636053	2103.7727072315606	1.3095904290389455e26	108624.52420888901	14945.711679887794
7.074070343640262	2094.015637454908	1.3191953639286221e26	108746.74736714868	14944.585636889109
7.08224845964447	2084.2321798074927	1.328942917743908e26	108868.96132352928	14943.46131566839
7.090426575648679	2074.422034456644	1.3388362879482733e26	108991.16609216727	14942.338729840209
7.098604691652887	2064.584896126948	1.3488787682486508e26	109113.36168731128	14941.21789322027
7.106782807657095	2054.7204539321624	1.3590737522399547e26	109235.54812332368	14940.098819829025
7.114960923661304	2044.8283912247905	1.3694247374481634e26	109357.72541468247	14938.9815238967
7.123139039665512	2034.908385467421	1.3799353290007747e26	109479.89357598279	14937.866019872918
7.131317155669721	2024.9601080751024	1.3906092439717623e26	109602.05262193887	14936.752322432923
7.139495271673929	2014.9832242835807	1.4014503160706255e26	109724.20256738621	14935.640446488344
7.147673387678137	2004.9773929217286	1.4124624994902558e26	109846.34342728274	14934.530407187063
7.155851503682346	1994.9422663122944	1.4236498744484116e26	109968.47521671164	14933.422219930104
7.164029619686554	1984.877490095327	1.4350166518483213e26	110090.59795088295	14932.315900378708
7.172207735690763	1974.782703051172	1.4465671785834035e26	110212.71164513595	14931.211464464475
7.180385851694971	1964.6575369085933	1.4583059434014664e26	110334.81631494149	14930.10892839726
7.188563967699179	1954.5016162016532	1.4702375819100386e26	110456.91197590374	14929.008308680535
7.196742083703388	1944.3145580555995	1.482366883821267e26	110578.99864376367	14927.909622119985
7.204920199707596	1934.0959719364155	1.4946987982580579e26	110701.07633440038	14926.812885828971
7.213098315711805	1923.8454595258188	1.5072384412817727e26	110823.14506383457	14925.718117249424
7.221276431716013	1913.5626144956163	1.5199911024743786e26	110945.2048482308	14924.62533416272
7.229454547720221	1903.247022279929	1.5329622527551009e26	111067.2557039007	14923.534554702064
7.23763266372443	1892.8982598758705	1.5461575518057448e26	111189.29764730549	14922.445797369131
7.245810779728638	1882.5158955947077	1.559582856657584e26	111311.33069505933	14921.359081047194
7.253988895732847	1872.0994888822356	1.573244229972075e26	111433.35486393244	14920.274425022695
7.262167011737055	1861.6485899647532	1.5871479495968747e26	111555.3701708544	14919.191848988028
7.270345127741263	1851.1627397046202	1.601300517853296e26	111677.37663291705	14918.111372893018
7.278523243745472	1840.6414693106583	1.6157086717982934e26	111799.37426737693	14917.033017158332
7.28670135974968	1830.0843000653495	1.6303793940782485e26	111921.36309166021	14915.956802770515
7.294879475753889	1819.4907430721169	1.6453199237043498e26	112043.34312336643	14914.882751201223
7.303057591758097	1808.8602989554786	1.660537768624171e26	112165.31438027298	14913.810884427483
7.311235707762305	1798.1924576056679	1.6760407174219165e26	112287.27688033885	14912.741224958196
7.319413823766514	1787.4866978610191	1.6918368539751018e26	112409.23064170987	14911.673795855144
7.327591939770722	1776.7424871691205	1.7079345697516752e26	112531.17568272223	14910.608620756468
7.335770055774931	1765.9592813154266	1.724342580082359e26	112653.11202190822	14909.545723907173
7.343948171779139	1755.1365241013357	1.741069939295032e26	112775.03967800092	14908.485130188617
7.352126287783347	1744.2736470026605	1.758126057439532e26	112896.9586699396	14907.426865147847
7.360304403787556	1733.370068831605	1.7755207179100416e26	113018.86901687532	14906.370955030645
7.368482519791764	1722.4251953858982	1.7932640961741684e26	113140.77073817668	14905.317426815838
7.3766606357959725	1711.4384191169922	1.8113667797160533e26	113262.66385343592	14904.266308255037
7.384838751800181	1700.4091186934943	1.8298397887756e26	113384.5483824761	14903.21762790505
7.393016867804389	1689.336658656187	1.8486945991711135e26	113506.4243453566	14902.171415173056
7.4011949838085975	1678.2203890572737	1.8679431656909472e26	113628.29176238121	14901.127700363575
7.409373099812806	1667.0596450448518	1.887597947511483e26	113750.15065410532	14900.086514724357
7.4175512158170145	1655.8537464648757	1.9076719349483048e26	113872.00104134387	14899.047890497215
7.4257293318212225	1644.6019974305557	1.9281786785510883e26	113993.8429451799	14898.01186097153
7.4339074478254314	1633.303685927642	1.949132318870639e26	114115.67638697305	14896.978460544058
7.4420855638296395	1621.9580834067615	1.9705476191529238e26	114237.50138836887	14895.947724783362
7.4502636798338475	1610.5644442439836	1.9924400005489896e26	114359.317971309	14894.91969048652
7.458441795838056	1599.1220053891243	2.0148255786362754e26	114481.12615804124	14893.894395759333
7.4666199118422645	1587.6299859044188	2.037721203057505e26	114602.92597113058	14892.871880091512
7.474798027846473	1576.087586511251	2.0611444998663224e26	114724.71743347093	14891.852184438232
7.482976143850681	1564.4939891321558	2.0851139167104518e26	114846.50056829744	14890.835351308911
7.4911542598548895	1552.8483564442329	2.109648771139452e26	114968.27539919953	14889.821424862595
7.499332375859098	1541.1498314052121	2.1347693034006095e26	115090.04195013504	14888.810450946221
7.507510491863306	1529.3975369008604	2.1604967298024943e26	115211.80024544215	14887.802476910821
7.515688607867515	1517.5905751270875	2.186853305602694e26	115333.55030985558	14886.797552309072
7.523866723871723	1505.728027260793	2.2138623866731187e26	115455.29216852371	14885.795728839466
7.532044839875931	1493.8089530329462	2.2415484997641418e26	115577.02584702693	14884.79706042283
7.54022295588014	1481.832390316949	2.269937416416434e26	115698.75137139617	14883.801603348651
7.548401071884348	1469.7973547463987	2.299056232863071e26	115820.46876813282	14882.809416433374
7.556579187888557	1457.7028393542414	2.3289334566561616e26	115942.17806423038	14881.82056119163
7.564757303892765	1445.5478142639615	2.3595990989765878e26	116063.87928719688	14880.835102022927
7.572935419896973	1433.3312264398537	2.3910847757586003e26	116185.57246507957	14879.853106415823
7.581113535901182	1421.0519993570258	2.4234238163282635e26	116307.25762649102	14878.874645158397
7.58929165190539	1408.709032923053	2.456651380878072e26	116428.93480063693	14877.899792583132
7.597469767909599	1396.301203377499	2.4908045884177686e26	116550.60401734647	14876.928626824812
7.605647883913807	1383.827363290333	2.5259226541013187e26	116672.26530710411	14875.961230103365
7.613825999918015	1371.2863416576126	2.562047039998234e26	116793.91870108449	14874.997689029424
7.622004115922224	1358.6769441254744	2.5992216185060706e26	116915.56423118974	14874.038094940759
7.630182231926432	1345.9979533662952	2.6374928497248854e26	117037.20193008939	14873.082544268798
7.638360347930641	1333.248129626043	2.676909974450565e26	117158.83183126374	14872.131138939883
7.646538463934849	1320.42621147397	2.717525229075292e26	117280.45396905125	14871.183986815222
7.654716579939057	1307.5309166972936	2.7593940694589244e26	117402.06837869735	14870.241202166186
7.662894695943266	1294.5609436371988	2.8025754303564412e26	117523.67509641065	14869.302906208737
7.671072811947474	1281.5149727293713	2.847131999037088e26	117645.27415942126	14868.369227682128
7.679250927951683	1268.3916684356213	2.8931305187445104e26	117766.86560604506	14867.440303486284
7.687429043955891	1255.1896816069373	2.9406421232950843e26	117888.44947575334	14866.516279384385
7.695607159960099	1241.9076523561143	2.9897427024356706e26	118010.0258092481	14865.597310777155
7.703785275964308	1228.5442135063843	3.040513308174551e26	118131.59464854475	14864.68356353902
7.711963391968516	1215.0979947940314	3.0930405991931575e26	118253.15603705881	14863.775214248051
7.720141507972725	1201.567627649301	3.147417336307831e26	118374.71001969936	14862.872452035714
7.728319623976933	1187.9517511303916	3.2037429271839255e26	118496.25664297845	14861.975479896983
7.736497739981141	1174.2490188386248	3.262124033676625e26	118617.79595512812	14861.084515642311
7.74467585598535	1160.4581070892864	3.322675246134717e26	118739.328006227	14860.199793298625
7.752853971989558	1146.5777245235518	3.385519831950027e26	118860.85284833888	14859.321564661152
7.761032087993767	1132.6066234486584	3.450790577030707e26	118982.37053566588	14858.450101017737
7.769210203997975	1118.543436234181	3.518630716891847e26	119103.88112469518	14857.585684271426
7.777388320002183	1104.3857666162535	3.589194988243353e26	119225.38467406541	14856.728554364816
7.785566436006392	1090.1307391565356	3.662650808636487e26	119346.88124432482	14855.878948308942
7.7937445520106	1075.7753408508524	3.739179600325444e26	119468.37089804516	14855.037124422104
7.801922668014809	1061.3164117032406	3.818978287970328e26	119589.85370000674	14854.203364886667
7.810100784019017	1046.750634203707	3.902260988149967e26	119711.32971740469	14853.377978670118
7.818278900023226	1032.0745217049696	3.9892609297348954e26	119832.79902008199	14852.561304884552
7.826457016027434	1017.284405751575	4.080232629536831e26	119954.2616807906	14851.753716674899
7.834635132031642	1002.3764220067835	4.175454390086898e26	120075.71777548938	14850.955625720564
7.842813248035851	987.3464949283339	4.275231133085759e26	120197.16738367878	14850.16748748483
7.850991364040059	972.1903207856291	4.379897655053943e26	120318.61058878251	14849.38980734442
7.859169480044268	956.903348658569	4.489822402215388e26	120440.0474785873	14848.62314776677
7.867347596048476	941.4807597179556	4.605411783843428e26	120561.4781457409	14847.8681367807
7.875525712052684	925.9174438094428	4.727115190477571e26	120682.90268832773	14847.125477974347
7.883703828056893	910.2079735285345	4.855430850507914e26	120804.32121053623	14846.39596227847
7.891881944061101	894.346575271213	4.9909126310636576e26	120925.73382342147	14845.680480528865
7.90006006006531	878.3270965397353	5.134178037218496e26	121047.14064579524	14844.980042353713
7.908238176069518	862.1429692731865	5.2859176165687385e26	121168.54180528052	14844.295796505765
7.916416292073726	845.7871683933944	5.4469060912488744e26	121289.93743954459	14843.629055122057
7.924594408077935	829.2521648203979	5.618015585912577e26	121411.32769775418	14842.98132381311
7.932772524082143	812.529872009692	5.800231431913679e26	121532.71274230295	14842.354338540938
7.940950640086352	795.611584880432	5.9946711518821744e26	121654.09275087513	14841.750111112744
7.94912875609056	778.4879097796767	6.202607401458604e26	121775.4679189243	14841.170985683615
7.957306872094768	761.1486837100576	6.425495836585367e26	121896.8384626675	14840.61970944218
7.965484988098977	743.5828807843172	6.665009267036718e26	122018.20462273443	14840.099521727476
7.973663104103185	725.7785035377912	6.923079687281927e26	122139.5666686341	14839.614267322911
7.981841220107394	707.7224554502169	7.201950529592823e26	122260.92490427845	14839.168541750003
7.990019336111602	689.4003911505883	7.50424200083928e26	122382.27967485256	14838.767879406712
7.99819745211581	670.7965386417009	7.833033682008103e26	122503.63137545608	14838.418999672067
8.006375568120019	651.8934871619924	8.19196985946056e26	122624.98046206686	14838.13013245735
8.014553684124227	632.6719322652006	8.585395131929954e26	122746.32746559048	14837.911456080446
8.022731800128435	613.1103671860229	9.018530980820007e26	122867.67301007558	14837.775687601508
8.030909916132645	593.1847042940365	9.497709053439893e26	122989.0178366358	14837.73889519185
8.039088032136853	572.8678083517698	1.0030682561123337e27	123110.36283523301	14837.821636877343
8.04726614814106	552.1289130659381	1.0627049014334e27	123231.70908761899	14838.050578732771
8.055444264145269	530.9328832554927	1.129883327664885e27	123353.05792627184	14838.460841259252
8.063622380149477	509.23926946466304	1.2061306813881937e27	123474.41101680305	14839.099475458284
8.071800496153687	487.0010774572122	1.2934162535604356e27	123595.77047554552	14840.030738199777
8.079978612157895	464.16313823693855	1.394323998683276e27	123717.1390413599	14841.344319766129
8.088156728162103	440.65990638963115	1.5123126319878557e27	123838.52033333686	14843.168581668051
8.09633484416631	416.4124164733611	1.6521200197072067e27	123959.91924938605	14845.692634750123
8.104512960170519	391.3239607012324	1.8204147849460247e27	124081.34260510294	14849.204736742338
8.112691076174729	365.2737517719002	2.0268914059083013e27	124202.80020165893	14854.162450950666
8.120869192178937	338.1072675301369	2.2862059268885285e27	124324.30670287655	14861.328712490806
8.129047308183145	309.6208206894752	2.621615801531415e27	124445.88514575013	14872.055893719535
8.137225424187353	279.53536168861336	3.0723750962981284e27	124567.57403534204	14888.935810770736
8.14540354019156	247.44832632602322	3.7103432916586623e27	124689.4432043614	14917.478094747014
8.15358165619577	212.7348047694273	4.6827113405662483e27	124811.63448668593	14971.223804946221
8.161759772199979	174.3083214060427	6.345773683011307e27	124934.48923952303	15091.661765493089
8.169937888204187	129.85337381294897	9.840757634433753e27	125059.10634282319	15466.162557493722