0.	10000.	1.9884700000000003e25	0.	11947.778103686114
0.01096374404436411	9971.235238524443	1.9901559966618725e25	131.02369835166962	11953.4576255927
0.02192748808872822	9942.72966166464	1.991847945318128e25	262.1085749623185	11958.938837522437
0.032891232133092335	9914.498706415507	1.9935457934463345e25	393.2524764281483	11964.225544102095
0.04385497617745644	9886.557850173811	1.9952494905610154e25	524.4532912962002	11969.32159296198
0.05481872022182055	9858.922574763816	1.9969589879597612e25	655.7089505253747	11974.230872170854
0.06578246426618467	9831.608323403487	1.998674238507717e25	787.0174279134848	11978.957310370677
0.07674620831054878	9804.63045692385	2.000395196432495e25	918.3767405594118	11983.504875821625
0.08770995235491288	9778.004204601068	2.0021218171383723e25	1049.7849492765097	11987.877574569926
0.09867369639927699	9751.744615605448	2.0038540570341387e25	1181.2401589778087	11992.07944418736
0.1096374404436411	9725.866502571113	2.0055918733820066e25	1312.7405190169115	11996.114555129523
0.12060118448800522	9700.384385148685	2.007335224170991e25	1444.2842235479848	11999.987007892962
0.13156492853236934	9675.312431526057	2.0090840679817817e25	1575.8695118307828	12003.700929247736
0.14252867257673343	9650.664397781375	2.0108383638925245e25	1707.4946684864574	12007.260466425836
0.15349241662109755	9626.453571376842	2.0125980713829036e25	1839.1580237026076	12010.669784279016
0.16445616066546165	9602.692703661172	2.0143631502599403e25	1970.8579534092837	12013.93306203162
0.17541990470982577	9579.393948772955	2.0161335605931273e25	2102.5928794140664	12017.054487777472
0.1863836487541899	9556.568803790984	2.01790926265668e25	2234.361269463149	12020.038252506127
0.19734739279855398	9534.228048228802	2.019690216900748e25	2366.1616372413123	12022.88854485458
0.2083111368429181	9512.381686678833	2.0214763839161613e25	2497.992542321889	12025.60954639985
0.2192748808872822	9491.03889328653	2.023267724425484e25	2629.8525900606905	12028.205425266156
0.23023862493164632	9470.2079616433	2.0250641992541816e25	2761.740431407975	12030.680330386174
0.24120236897601044	9449.896256960817	2.0268657693679884e25	2893.654762665711	12033.038384303049
0.25216611302037456	9430.110174714551	2.0286723958425177e25	3025.594325163361	12035.2836777508
0.2631298570647387	9410.855103078413	2.030484039923232e25	3157.5579048789136	12037.420263471524
0.27409360110910275	9392.135392849228	2.032300663018714e25	3289.5443319851147	12039.452150074549
0.28505734515346687	9373.954333612115	2.0341222267512694e25	3421.5524803327735	12041.38329563282
0.296021089197831	9356.314135662735	2.0359486930015186e25	3553.581266874149	12043.217602181057
0.3069848332421951	9339.44189056923	2.0377800152115323e25	3685.629544342741	12044.936129798567
0.31794857728655923	9323.003695760312	2.0396161459039575e25	3817.6961971158375	12046.577003676797
0.3289123213309233	9306.890969028005	2.0414570655283056e25	3949.7804835146403	12048.153665155365
0.3398760653752874	9291.07839785847	2.0433027579910793e25	4081.8817252941003	12049.670710018669
0.35083980941965154	9275.543937265245	2.0451532095690357e25	4213.999291391414	12051.132167952472
0.36180355346401566	9260.268231813598	2.04700840859642e25	4346.132592276235	12052.541599822087
0.3727672975083798	9245.234164537991	2.0488683452285605e25	4478.281075244642	12053.902173699174
0.38373104155274385	9230.426499977388	2.0507330112436303e25	4610.444220456276	12055.216725638315
0.39469478559710797	9215.831599194657	2.052602399860945e25	4742.621537571749	12056.487808478954
0.4056585296414721	9201.437188292106	2.054476505603879e25	4874.812562872673	12057.717731495764
0.4166222736858362	9187.232169323015	2.0563553241749275e25	5007.016856775544	12058.908593049182
0.42758601773020033	9173.206464332427	2.0582388523413073e25	5139.234001673029	12060.062307713542
0.4385497617745644	9159.350885087668	2.0601270878524373e25	5271.463600045992	12061.180628939404
0.4495135058189285	9145.657024187052	2.0620200293459724e25	5403.705272805292	12062.265168075886
0.46047724986329264	9132.11716290624	2.0639176762804607e25	5535.958657824499	12063.317410617115
0.47144099390765676	9118.724192511158	2.0658200288700643e25	5668.223408638289	12064.338730158152
0.4824047379520209	9105.471547199126	2.0677270880370586e25	5800.499193282576	12065.330400251922
0.493368481996385	9092.353146369176	2.0696388553552653e25	5932.785693255672	12066.293604695053
0.5043322260407491	9079.363344620819	2.0715553330049318e25	6065.082602583663	12067.229446467316
0.5152959700851132	9066.496888465825	2.0734765237284925e25	6197.389626979351	12068.138955520206
0.5262597141294774	9053.748877915612	2.0754024308113704e25	6329.706483077898	12069.02309564135
0.5372234581738414	9041.114734099607	2.0773330580194532e25	6462.032897746296	12069.88277030762
0.5481872022182055	9028.590169147246	2.079268409598893e25	6594.368607451742	12070.71882816055
0.5591509462625697	9016.171160483795	2.081208490241698e25	6726.713357686883	12071.532067744123
0.5701146903069337	9003.853928016177	2.083153305053302e25	6859.066902443596	12072.323241649123
0.5810784343512979	8991.634913822705	2.0851028595327603e25	6991.42900373092	12073.093060243655
0.592042178395662	8979.510763547254	2.0870571595523164e25	7123.799431129503	12073.842195050704
0.603005922440026	8967.47831033364	2.089016211345578e25	7256.177961384083	12074.571281742308
0.6139696664843902	8955.534560072183	2.090980021493462e25	7388.564378024406	12075.280922857335
0.6249334105287543	8943.676678233298	2.092948596891727e25	7520.958471015426	12075.971690248109
0.6358971545731185	8931.901978112644	2.0949219447390783e25	7653.360036435131	12076.644127288104
0.6468608986174825	8920.20790978539	2.0969000725413666e25	7785.768876170567	12077.298750899556
0.6578246426618466	8908.592050260899	2.0988829880928854e25	7918.184797640576	12077.936053395539
0.6687883867062108	8897.052095177798	2.1008706994483366e25	8050.607613533735	12078.556504023409
0.6797521307505748	8885.585850294594	2.1028632149240953e25	8183.037141562927	12079.160550295332
0.690715874794939	8874.191224000115	2.1048605431038603e25	8315.473204236163	12079.748619756068
0.7016796188393031	8862.866220787766	2.1068626928035786e25	8447.915628645447	12080.321121262245
0.7126433628836671	8851.608935043438	2.108869673066343e25	8580.364246267998	12080.878446031817
0.7236071069280313	8840.417545099765	2.1108814931845084e25	8712.81889277847	12081.420968750608
0.7345708509723954	8829.2903085297	2.1128981626484292e25	8845.2794078737	12081.949048532812
0.7455345950167596	8818.225556972939	2.1149196911627927e25	8977.745635106261	12082.463029855959
0.7564983390611236	8807.221691691366	2.1169460886502325e25	9110.21742172894	12082.963243408143
0.7674620831054877	8796.27717971262	2.1189773652303948e25	9242.69461854911	12083.450006861274
0.7784258271498519	8785.390549807928	2.1210135312078564e25	9375.177079788076	12083.92362560902
0.7893895711942159	8774.560389154623	2.1230545970886933e25	9507.664662951476	12084.38439343696
0.8003533152385801	8763.785340143786	2.1251005735438178e25	9640.15722870486	12084.832593158366
0.8113170592829442	8753.064097053151	2.127151471447638e25	9772.654640757632	12085.268497167885
0.8222808033273082	8742.395403598466	2.1292073018347216e25	9905.156765750218	12085.692367945525
0.8332445473716724	8731.778050265062	2.131268075905245e25	10037.663473148703	12086.104458443091
0.8442082914160365	8721.210871595244	2.133333805043874e25	10170.174635142419	12086.505012781547
0.8551720354604007	8710.692744210677	2.1354045007878557e25	10302.690126552845	12086.894266733929
0.8661357795047647	8700.222584430448	2.1374801748382275e25	10435.20982474105	12087.272448039615
0.8770995235491288	8689.799346532882	2.139560839046414e25	10567.73360952234	12087.63977680811
0.888063267593493	8679.422020822229	2.14164650541716e25	10700.261363084961	12087.996465837874
0.899027011637857	8669.08963167479	2.1437371861270725e25	10832.792969912849	12088.34272099909
0.9099907556822212	8658.801236351883	2.145832893467665e25	10965.328316709392	12088.67874154368
0.9209544997265853	8648.555923002235	2.1479336399005423e25	11097.867292328649	12089.004720416031
0.9319182437709495	8638.352809415064	2.150039438024885e25	11230.409787706474	12089.320844530605
0.9428819878153135	8628.191041810625	2.1521503005711846e25	11362.955695795783	12089.627295042015
0.9538457318596776	8618.069793279237	2.1542662404272016e25	11495.504911505293	12089.92424760517
0.9648094759040418	8607.988262865243	2.1563872705922813e25	11628.057331640728	12090.211872565464
0.9757732199484058	8597.945674114391	2.158513404227714e25	11760.612854847184	12090.490335259163
0.98673696399277	8587.941274490557	2.1606446546002344e25	11893.171381556185	12090.759796102386
0.9977007080371341	8577.974333739758	2.162781035135391e25	12025.732813931318	12091.02041082036
1.0086644520814982	8568.044143458726	2.164922559368077e25	12158.29705581951	12091.272330708636
1.0196281961258622	8558.150015889263	2.1670692409694683e25	12290.864012702827	12091.515702859577
1.0305919401702264	8548.291283164084	2.1692210937429263e25	12423.433591653098	12091.750670232386
1.0415556842145905	8538.467296627461	2.1713781315994523e25	12556.005701288512	12091.977371864721
1.0525194282589547	8528.677425624597	2.1735403686018265e25	12688.580251730535	12092.195943019336
1.0634831723033187	8518.921057436282	2.175707818903185e25	12821.157154563482	12092.406515315046
1.0744469163476829	8509.197595934304	2.1778804968120944e25	12953.736322795437	12092.60921690184
1.085410660392047	8499.506461465508	2.180058416724018e25	13086.317670820854	12092.804172516295
1.096374404436411	8489.84708979029	2.182241593185986e25	13218.901114383396	12092.991503671543
1.1073381484807752	8480.218931955651	2.18443004083188e25	13351.486570543164	12093.171328760749
1.1183018925251393	8470.621453057987	2.1866237744520945e25	13484.073957640418	12093.343763179371
1.1292656365695033	8461.054132486908	2.1888228089148847e25	13616.663195265035	12093.508919434662
1.1402293806138675	8451.516462829686	2.1910271592348752e25	13749.254204224804	12093.666907221064
1.1511931246582316	8442.007949728002	2.19323684051513e25	13881.846906515568	12093.817833535122
1.1621568687025958	8432.528111223406	2.1954518680021362e25	14014.441225291537	12093.961802728236
1.1731206127469598	8423.076477416505	2.197672257026718e25	14147.037084837119	12094.098916612647
1.184084356791324	8413.652589838173	2.1998980230714906e25	14279.634410539673	12094.229274611103
1.1950481008356881	8404.256001472353	2.2021291816878447e25	14412.233128863572	12094.352973802628
1.206011844880052	8394.886275883462	2.2043657485837794e25	14544.833167325012	12094.47010898913
1.2169755889244163	8385.542987206185	2.2066077395392853e25	14677.434454467848	12094.580772790647
1.2279393329687804	8376.225719505412	2.2088551704782647e25	14810.036919839295	12094.685055709599
1.2389030770131444	8366.934066756972	2.211108057411445e25	14942.640493967887	12094.783046214456
1.2498668210575086	8357.667632289696	2.213366416477162e25	15075.245108340805	12094.87483075533
1.2608305651018727	8348.426028513706	2.215630263915506e25	15207.850695382678	12094.960493864306
1.271794309146237	8339.208876695095	2.217899616077598e25	15340.457188434639	12095.04011822039
1.2827580531906009	8330.01580661818	2.2201744894318246e25	15473.064521734375	12095.113784701718
1.293721797234965	8320.84645637539	2.222454900540708e25	15605.672630396652	12095.181572463456
1.3046855412793292	8311.700471929646	2.2247408660995603e25	15738.281450394425	12095.24355891518
1.3156492853236932	8302.577507235414	2.2270324028824108e25	15870.890918540608	12095.299819849526
1.3266130293680574	8293.477223427664	2.229329527808838e25	16003.50097247053	12095.350429472765
1.3375767734124215	8284.399289226572	2.2316322578663443e25	16136.1115506244	12095.395460452613
1.3485405174567855	8275.343380179294	2.233940610195037e25	16268.722592230515	12095.434983908146
1.3595042615011497	8266.309178969317	2.236254601998818e25	16401.334037288885	12095.469069480248
1.3704680055455138	8257.296374573805	2.2385742506343793e25	16533.94582655548	12095.497785430647
1.381431749589878	8248.304662715313	2.240899573525023e25	16666.557901527147	12095.521198659548
1.392395493634242	8239.3337451258	2.243230588240618e25	16799.17020442685	12095.539374755364
1.4033592376786062	8230.38332972266	2.2455673124390647e25	16931.78267818923	12095.552377961047
1.4143229817229703	8221.453130398024	2.247909763874113e25	17064.395266446598	12095.560271280725
1.4252867257673343	8212.54286662914	2.2502579604426667e25	17197.007913515463	12095.563116497382
1.4362504698116985	8203.652263580261	2.2526119201087706e25	17329.62056438289	12095.560974217766
1.4472142138560626	8194.781051653745	2.2549716609900953e25	17462.233164694233	12095.553903873635
1.4581779579004268	8185.928966784854	2.2573372012684476e25	17594.845660739804	12095.54196375932
1.4691417019447908	8177.095749698653	2.259708559272663e25	17727.45799944325	12095.525211086097
1.480105445989155	8168.281146297269	2.262085753415127e25	17860.070128350104	12095.503702005526
1.4910691900335191	8159.484907284968	2.264468802221991e25	17992.68199561527	12095.477491640166
1.502032934077883	8150.70678798831	2.2668577243445197e25	18125.293549991977	12095.446634065202
1.5129966781222473	8141.946548483515	2.2692525385094083e25	18257.904740821872	12095.411182393984
1.5239604221666114	8133.203953096202	2.271653263597327e25	18390.51551802342	12095.371188778665
1.5349241662109754	8124.478770674959	2.2740599185542965e25	18523.12583208118	12095.326704453444
1.5458879102553396	8115.770774151397	2.276472522470932e25	18655.735634036468	12095.277779663531
1.5568516542997037	8107.079740654968	2.2788910945291266e25	18788.344875477065	12095.224463808883
1.567815398344068	8098.405451330362	2.281315654017585e25	18920.953508527222	12095.166805434876
1.5787791423884319	8089.747691112617	2.283746220359482e25	19053.561485838785	12095.104852258903
1.589742886432796	8081.106248941283	2.286182813049682e25	19186.168760582557	12095.038651147635
1.6007066304771602	8072.480917287703	2.2886254517395514e25	19318.77528643853	12094.968248165877
1.6116703745215242	8063.871492318513	2.291074156153277e25	19451.38101758695	12094.89368860438
1.6226341185658884	8055.277773716055	2.2935289461452446e25	19583.98590870195	12094.815017003139
1.6335978626102525	8046.699564556869	2.295989841689654e25	19716.58991494005	12094.732277140134
1.6445616066546165	8038.1366713379775	2.298456862841887e25	19849.192991934506	12094.645512055768
1.6555253506989807	8029.5889038229125	2.30093002980164e25	19981.795095787336	12094.554764092169
1.6664890947433448	8021.056074945994	2.303409362860597e25	20114.396183059165	12094.460074908045
1.677452838787709	8012.538000773256	2.3058948824327572e25	20246.996210765607	12094.36148547858
1.688416582832073	8004.034500362422	2.3083866090567843e25	20379.59513636641	12094.259036097497
1.6993803268764371	7995.545395844891	2.3108845633532884e25	20512.192917759865	12094.152766428295
1.7103440709208013	7987.070512141777	2.3133887660873133e25	20644.789513276726	12094.042715510097
1.7213078149651653	7978.609677095617	2.3158992381209643e25	20777.38488167044	12093.928921769286
1.7322715590095294	7970.162721233415	2.3184160004364563e25	20909.978982114077	12093.811422982908
1.7432353030538936	7961.729477835558	2.3209390741461794e25	21042.571774190877	12093.690256353239
1.7541990470982576	7953.309782875165	2.3234684804452394e25	21175.16321788841	12093.56545851567
1.7651627911426218	7944.903474810456	2.326004240672985e25	21307.75327359414	12093.437065555025
1.776126535186986	7936.510394647732	2.328546376282676e25	21440.341902086293	12093.305112973903
1.78709027923135	7928.130385946462	2.3310949088181427e25	21572.929064530927	12093.16963575391
1.798054023275714	7919.763294518464	2.333649859976677e25	21705.51472247426	12093.030668352143
1.8090177673200782	7911.408968688438	2.3362112515436326e25	21838.098837836773	12092.888244719023
1.8199815113644424	7903.067258989991	2.3387791054424377e25	21970.68137290959	12092.742398267143
1.8309452554088064	7894.7380181459375	2.3413534437179817e25	22103.26229034611	12092.593161930816
1.8419089994531705	7886.42110129626	2.343934288508024e25	22235.841553159426	12092.440568169637
1.8528727434975347	7878.116365569015	2.3465216620947602e25	22368.419124715398	12092.284648974495
1.863836487541899	7869.823670268921	2.3491155868728145e25	22500.994968727522	12092.125435842565
1.8748002315862629	7861.542876764513	2.351716085348524e25	22633.569049252565	12091.96295983428
1.885763975630627	7853.273848342282	2.3543231801777512e25	22766.141330686114	12091.797251568869
1.8967277196749912	7845.016450419412	2.356936894104036e25	22898.711777755587	12091.628341240475
1.9076914637193552	7836.77055030662	2.359557250005922e25	23031.280355518218	12091.456258586233
1.9186552077637193	7828.536017142859	2.36218427090295e25	23163.84702935489	12091.281032942257
1.9296189518080835	7820.312722017151	2.3648179799048923e25	23296.411764964952	12091.102693236
1.9405826958524475	7812.1005378042	2.3674584002661946e25	23428.974528363917	12090.921267973154
1.9515464398968116	7803.899339126285	2.370105555374162e25	23561.535285876587	12090.736785248107
1.9625101839411758	7795.709002430638	2.3727594687108623e25	23694.094004133844	12090.549272795983
1.97347392798554	7787.529405784286	2.3754201639112816e25	23826.650650069605	12090.358757983586
1.984437672029904	7779.360428973328	2.3780876647261714e25	23959.20519091442	12090.165267810333
1.9954014160742681	7771.20195346319	2.3807619950277144e25	24091.75759419361	12089.968828888257
2.0063651601186323	7763.053862231783	2.3834431788404205e25	24224.30782772257	12089.769467485823
2.0173289041629965	7754.916039922088	2.3861312402839177e25	24356.855859601754	12089.567209531304
2.0282926482073607	7746.788372706939	2.3888262036208434e25	24489.401658215167	12089.36208061077
2.0392563922517244	7738.670748216217	2.3915280932588414e25	24621.945192224794	12089.15410595123
2.0502201362960886	7730.563055649961	2.3942369337034622e25	24754.48643056716	12088.94331046617
2.0611838803404527	7722.465185610177	2.3969527496123794e25	24887.02534245124	12088.729718752249
2.072147624384817	7714.377030093554	2.3996755657816554e25	25019.561897352738	12088.513355085439
2.083111368429181	7706.298482628638	2.4024054071122316e25	25152.09606501227	12088.294243416423
2.0940751124735453	7698.229438033053	2.405142298654088e25	25284.62781543155	12088.072407400945
2.1050388565179095	7690.169792418803	2.4078862656043526e25	25417.157118870044	12087.847870402336
2.116002600562273	7682.1194433421315	2.4106373332560953e25	25549.683945841472	12087.62065548722
2.1269663446066374	7674.078289582542	2.4133955270776135e25	25682.208267110866	12087.390785418162
2.1379300886510015	7666.046231145011	2.416160872659004e25	25814.730053691415	12087.158282684328
2.1488938326953657	7658.023169397209	2.4189333957128934e25	25947.249276841158	12086.923169509662
2.15985757673973	7650.009006946661	2.4217131220877277e25	26079.765908060326	12086.685467836287
2.170821320784094	7642.003647412282	2.4245000778027935e25	26212.279919088334	12086.445199323383
2.181785064828458	7634.006995846809	2.4272942889711054e25	26344.791281900732	12086.202385384462
2.192748808872822	7626.0189582937055	2.430095781875193e25	26477.29996870651	12085.957047180083
2.203712552917186	7618.039441939614	2.4329045829368202e25	26609.805951944916	12085.709205604657
2.2146762969615503	7610.0683552560595	2.4357207186876287e25	26742.30920428304	12085.458881303728
2.2256400410059145	7602.105607561	2.4385442158453765e25	26874.80969861296	12085.206094681374
2.2366037850502787	7594.151109414313	2.441375101246262e25	27007.30740804906	12084.950865912548
2.247567529094643	7586.204772503941	2.4442134018564807e25	27139.8023059253	12084.69321481509
2.2585312731390066	7578.266509450491	2.447059144800083e25	27272.294365791593	12084.433160996485
2.2694950171833708	7570.33623391763	2.449912357360132e25	27404.78356141186	12084.17072387049
2.280458761227735	7562.413860620925	2.4527730669261266e25	27537.26986676177	12083.905922670148
2.291422505272099	7554.499305153231	2.455641301075975e25	27669.753256026324	12083.638776377104
2.3023862493164633	7546.5924841648175	2.4585170875185142e25	27802.23370359767	12083.3693037597
2.3133499933608275	7538.693315224512	2.4614004540962415e25	27934.71118407236	12083.097523376375
2.3243137374051916	7530.801716907652	2.4642914288038627e25	28067.185672249485	12082.823453589459
2.3352774814495554	7522.917608582448	2.4671900398137945e25	28199.65714312832	12082.547112527385
2.3462412254939196	7515.040910671227	2.4700963154049063e25	28332.125571905664	12082.268518125293
2.3572049695382837	7507.171544354514	2.473010284041952e25	28464.590933974054	12081.98768811776
2.368168713582648	7499.309431707155	2.4759319743376055e25	28597.053204919157	12081.704640055597
2.379132457627012	7491.454495757795	2.478861415042138e25	28729.512360517423	12081.419391274956
2.3900962016713763	7483.6066603404	2.481798635050359e25	28861.968376735625	12081.131958928005
2.40105994571574	7475.765850032473	2.4847436634503646e25	28994.421229726813	12080.842359979606
2.412023689760104	7467.9319903077585	2.487696529460818e25	29126.87089582912	12080.550611226172
2.4229874338044683	7460.1050074944105	2.490657262440573e25	29259.317351563688	12080.256729258435
2.4339511778488325	7452.284828613686	2.4936258919376186e25	29391.760573632688	12079.96073049574
2.4449149218931967	7444.471381499964	2.4966024476534993e25	29524.200538917412	12079.662631185682
2.455878665937561	7436.664594803783	2.4995869594227732e25	29656.637224476315	12079.362447418296
2.466842409981925	7428.864397853105	2.502579457258021e25	29789.070607543075	12079.060195083448
2.477806154026289	7421.070720694747	2.505579971351488e25	29921.50066552482	12078.755889915632
2.488769898070653	7413.2834941971505	2.5085885320241973e25	30053.92737600036	12078.449547490369
2.499733642115017	7405.502649945492	2.5116051697634974e25	30186.350716718443	12078.141183233754
2.5106973861593813	7397.728120137383	2.514629915255874e25	30318.770665595963	12077.830812382193
2.5216611302037455	7389.959837703366	2.5176627993200567e25	30451.187200716104	12077.518450030107
2.5326248742481097	7382.197736319509	2.520703852932657e25	30583.600300326663	12077.20411112214
2.543588618292474	7374.441750224121	2.523753107273306e25	30716.009942838427	12076.88781045917
2.5545523623368376	7366.691814371924	2.5268105936717092e25	30848.416106823446	12076.569562666058
2.5655161063812018	7358.947864475002	2.5298763436069465e25	30980.81877101322	12076.249382166405
2.576479850425566	7351.209836780516	2.5329503887546716e25	31113.21791429641	12075.927283222927
2.58744359446993	7343.477668123011	2.5360327609662857e25	31245.61351571743	12075.603280018315
2.5984073385142943	7335.75129606252	2.5391234922359703e25	31378.0055544754	12075.277386583268
2.6093710825586585	7328.030658733575	2.542222614742685e25	31510.394009922613	12074.949616817623
2.6203348266030226	7320.315694796852	2.5453301608669835e25	31642.77886156306	12074.619984482106
2.6312985706473864	7312.606343614847	2.5484461631300565e25	31775.16008905088	12074.28850321528
2.6422623146917505	7304.902545153478	2.551570654227486e25	31907.537672188966	12073.955186500505
2.6532260587361147	7297.204239788799	2.5547036670704537e25	32039.911590927357	12073.620047693656
2.664189802780479	7289.511368578314	2.557845234720963e25	32172.281825361784	12073.28310002761
2.675153546824843	7281.823873177371	2.560995390406522e25	32304.648355732348	12072.94435661821
2.6861172908692073	7274.141695693872	2.56415416756952e25	32437.011162422114	12072.603830428978
2.697081034913571	7266.464778802146	2.567321599826194e25	32569.3702259557	12072.261534311525
2.708044778957935	7258.7930657976785	2.570497720950555e25	32701.725526998045	12071.917481000592
2.7190085230022993	7251.126500422069	2.573682564921369e25	32834.07704635298	12071.571683116437
2.7299722670466635	7243.465026867566	2.576876165919115e25	32966.424764961856	12071.224153135294
2.7409360110910277	7235.808589959905	2.5800785582782383e25	33098.76866390232	12070.874903433018
2.751899755135392	7228.157135008702	2.5832897765245697e25	33231.108724387166	12070.52394627028
2.762863499179756	7220.51060772871	2.5865098554088233e25	33363.44492776297	12070.17129380049
2.7738272432241198	7212.868954426763	2.5897388298391897e25	33495.77725550882	12069.816958047191
2.784790987268484	7205.232121863551	2.59297673490575e25	33628.10568923523	12069.460950933244
2.795754731312848	7197.600057200536	2.5962236059294306e25	33760.43021068267	12069.103284270182
2.8067184753572123	7189.972708116221	2.5994794784069394e25	33892.75080172057	12068.74396977446
2.8176822194015765	7182.350022802303	2.6027443880097294e25	34025.067444346096	12068.383019039195
2.8286459634459407	7174.7319498330935	2.6060183706326625e25	34157.38012068306	12068.020443558533
2.839609707490305	7167.1184382341025	2.6093014623727686e25	34289.68881298074	12067.65625472564
2.8505734515346686	7159.509437497568	2.6125936995093473e25	34421.99350361276	12067.290463842482
2.8615371955790327	7151.904897540655	2.6158951185162983e25	34554.294175076015	12066.92308209403
2.872500939623397	7144.304768732447	2.6192057560715915e25	34686.59080998953	12066.554120578416
2.883464683667761	7136.709001778227	2.622525649087666e25	34818.883391093506	12066.183590270755
2.8944284277121253	7129.117547911161	2.6258548346465365e25	34951.17190124773	12065.811502025374
2.9053921717564895	7121.530358781522	2.629193350030806e25	35083.45632343033	12065.4378665998
2.9163559158008536	7113.947386351672	2.632541232769584e25	35215.736640737276	12065.062694681325
2.9273196598452174	7106.368582998063	2.6358985205768362e25	35348.01283638111	12064.685996874474
2.9382834038895815	7098.793901551149	2.6392652513586174e25	35480.284893690114	12064.30778369939
2.9492471479339457	7091.223295173992	2.6426414632574047e25	35612.552796107266	12063.928065574466
2.96021089197831	7083.656717386709	2.646027194636311e25	35744.81652718928	12063.546852825177
2.971174636022674	7076.094122160315	2.649422484043682e25	35877.076070605646	12063.1641556971
2.9821383800670382	7068.535463832077	2.652827370245785e25	36009.33141013782	12062.779984353168
2.993102124111402	7060.980697021973	2.656241892261133e25	36141.58252967825	12062.394348862663
3.004065868155766	7053.429776793349	2.659666089299665e25	36273.829413229294	12062.007259207418
3.0150296122001303	7045.882658523069	2.6631000007910994e25	36406.072044902285	12061.61872528922
3.0259933562444945	7038.339297988129	2.666543666374329e25	36538.310408916645	12061.228756932562
3.0369571002888587	7030.799651255746	2.669997125936412e25	36670.54448959894	12060.837363879817
3.047920844333223	7023.26367472802	2.6734604195901105e25	36802.77427138206	12060.444555780416
3.058884588377587	7015.731325211436	2.6769335876469406e25	36934.99973880431	12060.05034221509
3.0698483324219508	7008.202559827176	2.680416670653252e25	37067.220876508654	12059.654732686087
3.080812076466315	7000.677335952069	2.6839097094167234e25	37199.43766924195	12059.257736622845
3.091775820510679	6993.155611379388	2.687412744942548e25	37331.6501018539	12058.859363365653
3.1027395645550433	6985.637344201504	2.6909258184588716e25	37463.85815929632	12058.459622187143
3.1137033085994075	6978.12249276173	2.694448971462957e25	37596.06182662218	12058.058522282863
3.1246670526437716	6970.611015746725	2.697982245675137e25	37728.26108898483	12057.656072782847
3.135630796688136	6963.102872201284	2.7015256830296964e25	37860.45593163724	12057.252282736941
3.1465945407324996	6955.5980214354695	2.7050793257151877e25	37992.6463399312	12056.847161123078
3.1575582847768637	6948.096423008692	2.7086432161811346e25	38124.832299316586	12056.440716848652
3.168522028821228	6940.598036835197	2.7122173970940054e25	38257.01379534068	12056.032958758522
3.179485772865592	6933.102823120741	2.7158019113648366e25	38389.190813647365	12055.623895625891
3.1904495169099563	6925.610742399626	2.719396802137684e25	38521.363339976386	12055.213536152594
3.2014132609543204	6918.1217553644365	2.7230021128392134e25	38653.53136016229	12054.801888973505
3.2123770049986846	6910.635823049686	2.7266178871263186e25	38785.69486013411	12054.388962654128
3.2233407490430483	6903.152906827854	2.730244168884991e25	38917.853825914164	12053.974765677143
3.2343044930874125	6895.672968276407	2.7338810022822947e25	39050.00824361738	12053.559306440851
3.2452682371317767	6888.195969227413	2.737528431742574e25	39182.158099450535	12053.14259330401
3.256231981176141	6880.721871828476	2.7411865019274087e25	39314.303379711746	12052.724634572705
3.267195725220505	6873.250638493242	2.7448552577503358e25	39446.444070789905	12052.30543849399
3.2781594692648692	6865.78223185914	2.7485347443876973e25	39578.58015916391	12051.885013242074
3.289123213309233	6858.316614777195	2.7522250073071e25	39710.711631401915	12051.463366928067
3.300086957353597	6850.853750423208	2.755926092203528e25	39842.83847416078	12051.04050760919
3.3110507013979613	6843.393602231357	2.759638045032366e25	39974.960674185364	12050.616443285655
3.3220144454423255	6835.936133793097	2.7633609120550293e25	40107.07821830784	12050.19118189452
3.3329781894866897	6828.4813089981435	2.7670947397770374e25	40239.19109344708	12049.764731308642
3.343941933531054	6821.029091994532	2.7708395749715365e25	40371.29928660804	12049.33709934964
3.354905677575418	6813.579447163237	2.7745954646687326e25	40503.40278488077	12048.908293782344
3.3658694216197818	6806.132339071746	2.778362456205742e25	40635.50157544148	12048.478322317744
3.376833165664146	6798.687732509411	2.7821405971901064e25	40767.59564554785	12048.047192601109
3.38779690970851	6791.245592546811	2.785929935491561e25	40899.684982543644	12047.61491222798
3.3987606537528743	6783.805884488485	2.789730519255237e25	41031.769573855556	12047.181488741904
3.4097243977972385	6776.368573808453	2.793542396925056e25	41163.84940699116	12046.746929631561
3.4206881418416026	6768.933626175241	2.7973656172366314e25	41295.92446953966	12046.31124233244
3.431651885885967	6761.501007524514	2.8012002291939758e25	41427.99474917359	12045.874434222142
3.4426156299303305	6754.070684038564	2.8050462820817096e25	41560.06023364524	12045.436512633269
3.4535793739746947	6746.642622061536	2.808903825486901e25	41692.12091078565	12044.99748484471
3.464543118019059	6739.2167881029	2.8127729093064843e25	41824.17676850616	12044.557358086375
3.475506862063423	6731.793148943469	2.816653583710598e25	41956.22779479849	12044.116139535656
3.4864706061077873	6724.371671571133	2.8205458991565333e25	42088.27397773156	12043.673836320406
3.4974343501521514	6716.952323142936	2.824449906408662e25	42220.315305451055	12043.230455520219
3.508398094196515	6709.535070974187	2.8283656565588383e25	42352.351766181666	12042.786004164322
3.5193618382408793	6702.119882632251	2.8322932009770484e25	42484.38334822536	12042.340489243168
3.5303255822852435	6694.706725883847	2.836232591327502e25	42616.41003995904	12041.893917688898
3.5412893263296077	6687.295568665557	2.840183879587868e25	42748.43182983481	12041.446296393591
3.552253070373972	6679.886379056023	2.8441471180788874e25	42880.44870638209	12040.997632186121
3.563216814418336	6672.479125378869	2.8481223594056633e25	43012.46065820436	12040.547931839445
3.5741805584627	6665.073776147921	2.8521096564748164e25	43144.46767397781	12040.097202091501
3.585144302507064	6657.670300042955	2.856109062515254e25	43276.46974245248	12039.645449639616
3.596108046551428	6650.268665866511	2.8601206311109238e25	43408.46685245338	12039.192681137278
3.6070717905957923	6642.868842643859	2.8641444161389816e25	43540.45899287723	12038.738903196814
3.6180355346401565	6635.47079958244	2.8681804717855952e25	43672.44615269182	12038.284122390107
3.6289992786845207	6628.074506056676	2.8722288525698835e25	43804.42832093787	12037.82834524338
3.639963022728885	6620.679931577435	2.876289613374294e25	43936.40548672832	12037.371578234686
3.650926766773249	6613.2870458443895	2.8803628093863793e25	44068.377639245686	12036.91382780426
3.6618905108176127	6605.895818738884	2.8844484961109433e25	44200.34476774204	12036.455100351943
3.672854254861977	6598.506220312915	2.8885467293966272e25	44332.30686154116	12035.995402239918
3.683817998906341	6591.1182207177635	2.892657565461664e25	44464.26391003628	12035.53473978157
3.6947817429507053	6583.731790290418	2.896781060843656e25	44596.215902688404	12035.073119250272
3.7057454869950694	6576.346899552842	2.900917272407265e25	44728.1628290269	12034.610546883487
3.7167092310394336	6568.9635191891175	2.9050662573703316e25	44860.10467865113	12034.147028879903
3.727672975083798	6561.581619976451	2.9092280733260455e25	44992.04144122747	12033.682571398529
3.7386367191281615	6554.201172858099	2.9134027782031917e25	45123.97310648842	12033.217180556261
3.7496004631725257	6546.822148962145	2.9175904302691984e25	45255.899664233955	12032.750862433282
3.76056420721689	6539.444519572566	2.9217910881515645e25	45387.8211043318	12032.283623074542
3.771527951261254	6532.068256062671	2.926004810859576e25	45519.73741671469	12031.815468484307
3.7824916953056182	6524.693329946251	2.930231657756284e25	45651.64859138001	12031.346404632382
3.7934554393499824	6517.319712918339	2.9344716885555545e25	45783.554618391754	12030.876437451077
3.804419183394346	6509.947376846934	2.9387249633369724e25	45915.455487879175	12030.405572837219
3.8153829274387103	6502.57629367592	2.9429915425686284e25	46047.35119003485	12029.93381665002
3.8263466714830745	6495.206435469678	2.9472714870928694e25	46179.241715114884	12029.461174712516
3.8373104155274387	6487.837774479163	2.9515648581142177e25	46311.12705344071	12028.987652817974
3.848274159571803	6480.4702830962915	2.9558717172087703e25	46443.00719539675	12028.5132567244
3.859237903616167	6473.103933803067	2.960192126348075e25	46574.8821314292	12028.037992149548
3.870201647660531	6465.7386991886515	2.964526147900796e25	46706.75185204696	12027.561864778856
3.881165391704895	6458.374552020347	2.9688738446070527e25	46838.616347822535	12027.084880266862
3.892129135749259	6451.011465202715	2.973235279586185e25	46970.47560938944	12026.607044230455
3.9030928797936233	6443.649411736515	2.977610516360199e25	47102.32962744142	12026.12836223414
3.9140566238379875	6436.288364712436	2.981999618871739e25	47234.178392734	12025.648839819523
3.9250203678823516	6428.928297375888	2.9864026514433463e25	47366.02189608418	12025.168482503721
3.935984111926716	6421.569183123476	2.990819678786142e25	47497.86012836829	12024.687295774678
3.94694785597108	6414.210995450392	2.995250766022336e25	47629.69308052185	12024.205285087255
3.9579116000154437	6406.853707915068	2.9996959787167517e25	47761.52074354151	12023.722455864225
3.968875344059808	6399.497294238896	3.004155382823638e25	47893.3431084832	12023.238813495413
3.979839088104172	6392.141728251585	3.0086290447064983e25	48025.16016646073	12022.75436334031
3.9908028321485363	6384.786983900873	3.013117031141476e25	48156.97190864629	12022.269110729378
4.0017665761929	6377.4330352609095	3.0176194093305726e25	48288.77832627191	12021.783060964066
4.012730320237265	6370.079856460015	3.022136246928098e25	48420.57941062699	12021.296219313184
4.023694064281629	6362.727421749398	3.0266676119994964e25	48552.375153057525	12020.808591018149
4.034657808325993	6355.375705515867	3.0312135730274215e25	48684.16554496726	12020.320181287958
4.045621552370357	6348.024682251218	3.035774198935409e25	48815.95057781807	12019.830995305543
4.056585296414721	6340.674326519197	3.040349559107926e25	48947.7302431276	12019.341038223165
4.067549040459085	6333.324612987488	3.044939723361883e25	49079.504532468956	12018.850315164907
4.078512784503449	6325.975516451381	3.0495447619474804e25	49211.27343747243	12018.358831230405
4.089476528547813	6318.627011819636	3.0541647455630423e25	49343.03694982447	12017.86659149029
4.100440272592177	6311.27907405301	3.058799745377415e25	49474.79506126596	12017.373600983121
4.111404016636541	6303.931678199802	3.0634498330160815e25	49606.5477635924	12016.879864721195
4.1223677606809055	6296.584799445866	3.0681150805535774e25	49738.29504865558	12016.385387692862
4.13333150472527	6289.238413081079	3.072795560520279e25	49870.03690836157	12015.890174860588
4.144295248769634	6281.892494451593	3.077491345926226e25	50001.77333466971	12015.394231159868
4.155258992813998	6274.547018972182	3.08220251026481e25	50133.50431959339	12014.89756149534
4.166222736858362	6267.2019621816535	3.0869291274938033e25	50265.22985520093	12014.400170748046
4.177186480902726	6259.857299718513	3.0916712720486957e25	50396.94993361338	12013.902063775267
4.1881502249470905	6252.513007316544	3.0964290188314225e25	50528.66454700397	12013.403245409536
4.199113968991455	6245.169060789338	3.101202443234628e25	50660.37368759944	12012.903720457893
4.210077713035819	6237.825435990292	3.105991621185188e25	50792.07734768027	12012.403493701295
4.221041457080182	6230.4821088850385	3.1107966290706445e25	50923.77551957765	12011.902569896292
4.232005201124546	6223.139055541845	3.115617543759871e25	51055.46819567431	12011.400953766644
4.2429689451689105	6215.796252121412	3.120454442641613e25	51187.15536840674	12010.898650007595
4.253932689213275	6208.453674809582	3.1253074036297495e25	51318.837030261675	12010.395663291589
4.264896433257639	6201.11129988034	3.1301765051325982e25	51450.51317377571	12009.891998274845
4.275860177302003	6193.769103733352	3.1350618260721648e25	51582.183791538264	12009.387659593165
4.286823921346367	6186.427062839555	3.1399634458844666e25	51713.84887618937	12008.882651858285
4.297787665390731	6179.0851537156905	3.144881444529728e25	51845.508420417835	12008.376979654042
4.308751409435096	6171.743352929158	3.149815902520757e25	51977.16241696356	12007.870647541487
4.31971515347946	6164.401637154945	3.154766900890175e25	52108.81085861744	12007.363660061228
4.330678897523824	6157.059983161783	3.159734521184203e25	52240.45373821844	12006.856021732847
4.341642641568188	6149.718367787021	3.164718845490874e25	52372.09104865473	12006.34773705357
4.352606385612552	6142.376767883547	3.169719956493996e25	52503.72278286557	12005.838810496578
4.363570129656916	6135.035160407943	3.1747379373944635e25	52635.34893383795	12005.32924651194
4.37453387370128	6127.693522388836	3.1797728719306745e25	52766.969494606456	12004.81904952945
4.385497617745644	6120.35183092174	3.1848248444227707e25	52898.584458256046	12004.30822395787
4.396461361790008	6113.010063178233	3.18989393974115e25	53030.19381791963	12003.796774185455
4.407425105834372	6105.6681963770025	3.1949802433232874e25	53161.79756677657	12003.28470457822
4.4183888498787365	6098.3262077872105	3.200083841208395e25	53293.3956980551	12002.772019480435
4.429352593923101	6090.984074767803	3.205204819999006e25	53424.98820503179	12002.258723219615
4.440316337967465	6083.64177474777	3.2103432668564083e25	53556.575081028976	12001.744820099088
4.451280082011829	6076.299285208397	3.215499269532566e25	53688.156319416084	12001.230314403498
4.462243826056193	6068.95658364194	3.2206729164243866e25	53819.73191361111	12000.715210394055
4.473207570100557	6061.613647647401	3.2258642964897374e25	53951.301857077495	12000.199512315494
4.4841713141449215	6054.270454896486	3.2310734992656773e25	54082.86614332417	11999.683224393944
4.495135058189286	6046.9269831149195	3.236300614918072e25	54214.42476590816	11999.166350835927
4.506098802233649	6039.58321004204	3.2415457342514902e25	54345.977718432034	11998.64889582723
4.517062546278013	6032.23911348131	3.246808948661674e25	54477.52499454278	11998.130863532402
4.528026290322377	6024.894671311995	3.2520903501687954e25	54609.06658793411	11997.612258099445
4.5389900343667415	6017.549861454037	3.2573900314363638e25	54740.60249234582	11997.093083657162
4.549953778411106	6010.204661903483	3.262708085731737e25	54872.132701561306	11996.573344317836
4.56091752245547	6002.8590507102035	3.2680446069678023e25	55003.65720940936	11996.053044175518
4.571881266499834	5995.513005918097	3.273399689745503e25	55135.176009764284	11995.532187293533
4.582845010544198	5988.166505667062	3.2787734292855633e25	55266.689096544345	11995.010777703183
4.593808754588562	5980.819528159514	3.284165921447476e25	55398.19646371167	11994.488819437192
4.604772498632927	5973.472051629119	3.289577262759014e25	55529.698105272415	11993.966316511398
4.615736242677291	5966.124054313753	3.295007550454643e25	55661.194015277324	11993.44327292226
4.626699986721655	5958.77551452903	3.300456882414358e25	55792.68418782077	11992.919692651034
4.637663730766019	5951.426410647229	3.3059253571940237e25	55924.16861704038	11992.395579662467
4.648627474810383	5944.076721095909	3.311413074022211e25	56055.647297116855	11991.870937904916
4.659591218854747	5936.72642434063	3.316920132821047e25	56187.120222274534	11991.345771309421
4.670554962899111	5929.375498842339	3.3224466342508965e25	56318.587386781044	11990.820083786924
4.681518706943475	5922.023923135975	3.3279926796466136e25	56450.04878494648	11990.293879235389
4.692482450987839	5914.671675801366	3.3335583710433816e25	56581.50441112326	11989.767161533626
4.703446195032203	5907.318735461794	3.339143811188825e25	56712.95425970631	11989.239934545758
4.7144099390765675	5899.965080792013	3.344749103551717e25	56844.39832513338	11988.712202120758
4.725373683120932	5892.6106904482485	3.3503743523647077e25	56975.83660188428	11988.18396808756
4.736337427165296	5885.255543155786	3.356019662570651e25	57107.26908448018	11987.655236261444
4.74730117120966	5877.899617696267	3.3616851398379902e25	57238.695767483834	11987.126010443415
4.758264915254024	5870.542892871481	3.3673708905996722e25	57370.116645500406	11986.596294417981
4.769228659298388	5863.185347539102	3.373077022027515e25	57501.53171317633	11986.066091955883
4.7801924033427525	5855.826960555654	3.378803642070153e25	57632.9409651988	11985.535406810784
4.791156147387117	5848.467710798005	3.3845508594453445e25	57764.34439629586	11985.004242718484
4.80211989143148	5841.107577207575	3.3903187836333296e25	57895.74200123725	11984.472603403168
4.813083635475844	5833.746538782781	3.3961075248879476e25	58027.13377483341	11983.940492576072
4.824047379520208	5826.384574510285	3.4019171942674232e25	58158.51971193486	11983.407913930856
4.8350111235645725	5819.021663393263	3.4077479036256076e25	58289.8998074323	11982.87487114581
4.845974867608937	5811.657784495476	3.4135997656116106e25	58421.27405625746	11982.34136788714
4.856938611653301	5804.292916900683	3.419472893689346e25	58552.64245338214	11981.807407806333
4.867902355697665	5796.9270397310775	3.425367402116437e25	58684.00499381766	11981.272994541721
4.878866099742029	5789.560132127321	3.431283405974914e25	58815.361672614745	11980.73813171734
4.889829843786393	5782.192173233925	3.4372210212266934e25	58946.71248486488	11980.202822942478
4.900793587830758	5774.823142241661	3.443180364645906e25	59078.05742569889	11979.66707181286
4.911757331875122	5767.453018364307	3.4491615538260143e25	59209.39649028573	11979.13088191155
4.922721075919486	5760.081780840053	3.4551647072315264e25	59340.729673834474	11978.594256808492
4.93368481996385	5752.709408939793	3.4611899441932096e25	59472.05697159398	11978.057200061281
4.944648564008214	5745.335881936186	3.4672373849071996e25	59603.37837885075	11977.519715213142
4.955612308052578	5737.9611791155385	3.473307150453489e25	59734.69389093001	11976.981805793963
4.966576052096942	5730.585279805779	3.479399362805306e25	59866.0035031971	11976.443475322516
4.977539796141306	5723.208163358144	3.4855141448021615e25	59997.307211054846	11975.904727305418
4.98850354018567	5715.8298091344805	3.4916516201750547e25	60128.6050099437	11975.365565236352
4.999467284230034	5708.450196495115	3.497811913626889e25	60259.89689534386	11974.825992595448
5.0104310282743985	5701.069304835629	3.503995150748158e25	60391.182862773305	11974.286012852537
5.021394772318763	5693.687113564025	3.510201458026638e25	60522.4629077868	11973.745629464607
5.032358516363127	5686.303602104912	3.516430962906903e25	60653.73702597794	11973.204845876846
5.043322260407491	5678.918749929033	3.5226837937799453e25	60785.0052129786	11972.663665526728
5.054286004451855	5671.532536488161	3.5289600799820326e25	60916.267464456956	11972.122091831081
5.065249748496219	5664.144941236147	3.5352599518216238e25	61047.5237761184	11971.580128112118
5.0762134925405835	5656.755943683402	3.541583540587684e25	61178.7741437059	11971.037777705917
5.087177236584948	5649.365523334605	3.5479309785290607e25	61310.018562998266	11970.495043982388
5.098140980629311	5641.97365970705	3.5543023988576118e25	61441.25702981047	11969.95193030391
5.109104724673675	5634.580332334867	3.5606979358164254e25	61572.48953999591	11969.40844002035
5.120068468718039	5627.185520719394	3.5671177246770497e25	61703.716089444155	11968.86457646689
5.1310322127624035	5619.789204387587	3.5735619016882013e25	61834.9366740802	11968.320342968369
5.141995956806768	5612.391362907166	3.580030604132853e25	61966.15128986646	11967.775742840555
5.152959700851132	5604.991975848416	3.586523970337987e25	62097.35993280207	11967.230779387735
5.163923444895496	5597.5910227590675	3.593042139663753e25	62228.56259892112	11966.685455900719
5.17488718893986	5590.188483180014	3.599585252540997e25	62359.75928429391	11966.139775658756
5.185850932984224	5582.784336700976	3.6061534504781833e25	62490.94998502785	11965.593741932458
5.196814677028589	5575.378562900503	3.6127468760353977e25	62622.13469726512	11965.047357980944
5.207778421072953	5567.971141362762	3.619365672832732e25	62753.31341718299	11964.500627052561
5.218742165117317	5560.562051684037	3.626009985622716e25	62884.48614099579	11963.953552385872
5.229705909161681	5553.151273438718	3.6326799602833305e25	63015.652864952775	11963.406137207072
5.240669653206045	5545.738786207655	3.6393757437695228e25	63146.81358533751	11962.858384732244
5.251633397250409	5538.324569584452	3.646097484179652e25	63277.968298469816	11962.310298168164
5.262597141294773	5530.908603153662	3.6528453307688133e25	63409.117000704944	11961.76188071067
5.273560885339137	5523.490866519867	3.6596194338935936e25	63540.25968843198	11961.213135547032
5.284524629383501	5516.07133929058	3.666419945079412e25	63671.396358075166	11960.664065854879
5.295488373427865	5508.650001022486	3.6732470170938184e25	63802.52700609459	11960.11467479831
5.3064521174722294	5501.226831293323	3.680100803832635e25	63933.651628984015	11959.564965533484
5.317415861516594	5493.801809694766	3.686981460354819e25	64064.77022327125	11959.014941208216
5.328379605560958	5486.374915829244	3.693889142971426e25	64195.882785519985	11958.464604961811
5.339343349605322	5478.946129244439	3.7008240092239834e25	64326.989312327714	11957.913959920535
5.350307093649686	5471.515429493519	3.7077862178435826e25	64458.089800325215	11957.363009202145
5.36127083769405	5464.082796152627	3.7147759288260087e25	64589.184246178505	11956.811755917262
5.3722345817384145	5456.648208773008	3.721793303435771e25	64720.272646587844	11956.260203166188
5.383198325782779	5449.211646907734	3.7288385041508353e25	64851.354998286326	11955.708354040997
5.394162069827142	5441.773090102943	3.7359116947391697e25	64982.431298041294	11955.156211624844
5.405125813871506	5434.3325178713085	3.743013040332482e25	65113.50154265479	11954.603778990475
5.41608955791587	5426.889909724478	3.750142707308531e25	65244.56572896148	11954.05105920247
5.4270533019602345	5419.445245171066	3.757300863328886e25	65375.62385382897	11953.498055317581
5.438017046004599	5411.99850371784	3.7644876774788894e25	65506.67591416067	11952.944770384904
5.448980790048963	5404.549664857744	3.771703320094854e25	65637.7219068912	11952.391207444933
5.459944534093327	5397.098708067081	3.778947962881518e25	65768.7618289889	11951.837369529625
5.470908278137691	5389.645612788088	3.7862217789792853e25	65899.795677456	11951.28325966147
5.481872022182055	5382.190358464455	3.7935249428743327e25	66030.82344932745	11950.728880856026
5.49283576622642	5374.732924528213	3.8008576304330635e25	66161.84514167093	11950.174236121347
5.503799510270784	5367.273290396995	3.8082200189358567e25	66292.86075158723	11949.619328457822
5.514763254315148	5359.811435481142	3.8156122870939106e25	66423.87027621035	11949.06416085889
5.525726998359512	5352.347339146896	3.823034615089353e25	66554.8737127069	11948.5087363085
5.536690742403876	5344.880980753316	3.830487184534892e25	66685.87105827591	11947.95305778501
5.5476544864482396	5337.412339655876	3.8379701784934866e25	66816.86231014856	11947.397128182065
5.558618230492604	5329.941395198724	3.8454837815349196e25	66947.8474655882	11946.840950403135
5.569581974536968	5322.468126715938	3.8530281797121064e25	67078.82652189015	11946.284527387146
5.580545718581332	5314.992513482125	3.8606035606159825e25	67209.79947638174	11945.727862066939
5.591509462625696	5307.5145347437765	3.868210113350313e25	67340.7663264221	11945.17095736624
5.60247320667006	5300.0341697459335	3.875848028564538e25	67471.72706940281	11944.613816202644
5.613436950714425	5292.551397717144	3.883517498487862e25	67602.68170274764	11944.056441486571
5.624400694758789	5285.066197856405	3.89121871690874e25	67733.63022391187	11943.49883612043
5.635364438803153	5277.578549342172	3.898951879183655e25	67864.57263038223	11942.941002999463
5.646328182847517	5270.088431329385	3.906717182294695e25	67995.50891967758	11942.382945011721
5.657291926891881	5262.5958229225635	3.914514824899483e25	68126.43908934857	11941.824665035887
5.6682556709362455	5255.100703217355	3.922345007262283e25	68257.36313697716	11941.266165944997
5.67921941498061	5247.603051283932	3.930207931292863e25	68388.28106017657	11940.707450604976
5.690183159024973	5240.102846166314	3.938103800573243e25	68519.1928565914	11940.14852187483
5.701146903069337	5232.6000668866545	3.946032820392133e25	68650.09852389798	11939.589382607135
5.712110647113701	5225.09469241089	3.953995197787166e25	68780.99805980375	11939.030035645637
5.7230743911580655	5217.586701686023	3.961991141496435e25	68911.8914620471	11938.470483827983
5.73403813520243	5210.0760736311595	3.970020861986396e25	69042.77872839733	11937.910729985348
5.745001879246794	5202.562787133819	3.978084571505622e25	69173.65985665501	11937.350776942421
5.755965623291158	5195.046821075874	3.986182484087892e25	69304.53484465192	11936.790627519084
5.766929367335522	5187.528154259942	3.994314815583043e25	69435.40369025024	11936.230284525527
5.777893111379886	5180.006765463378	4.002481783664554e25	69566.26639134312	11935.669750766136
5.7888568554242505	5172.482633437894	4.0106836078315344e25	69697.12294585432	11935.109029039673
5.799820599468615	5164.955736896848	4.018920509448385e25	69827.97335173831	11934.548122138396
5.810784343512979	5157.4260545341895	4.027192711760065e25	69958.81760698021	11933.987032849805
5.821748087557343	5149.893565008605	4.035500439895491e25	70089.65570959558	11933.425763955462
5.832711831601707	5142.358246902141	4.043843920967696e25	70220.48765763074	11932.864318227914
5.8436755756460705	5134.820078769435	4.052223383988459e25	70351.313449162	11932.30269843491
5.854639319690435	5127.279039138908	4.060639059912039e25	70482.13308229577	11931.740907339181
5.865603063734799	5119.735106500891	4.069091181712392e25	70612.94655516927	11931.178947697987
5.876566807779163	5112.188259291678	4.077579984370068e25	70743.7538659499	11930.616822262022
5.887530551823527	5104.638475930397	4.086105704860701e25	70874.55501283491	11930.054533778191
5.898494295867891	5097.085734780841	4.094668582206976e25	71005.34999405146	11929.492084987105
5.909458039912256	5089.53001412985	4.1032688575519165e25	71136.13880785699	11928.929478621501
5.92042178395662	5081.97129224614	4.111906774116979e25	71266.92145253914	11928.36671741078
5.931385528000984	5074.409547359306	4.1205825772276865e25	71397.6979264152	11927.803804079504
5.942349272045348	5066.844757657166	4.129296514319213e25	71528.46822783198	11927.240741347592
5.953313016089712	5059.276901274411	4.138048834999918e25	71659.2323551663	11926.677531929547
5.9642767601340765	5051.705956276812	4.146839791131857e25	71789.99030682509	11926.114178533402
5.975240504178441	5044.131900697324	4.155669636742446e25	71920.74208124467	11925.550683863305
5.986204248222804	5036.554712517605	4.164538628077358e25	72051.4876768907	11924.987050618607
5.997167992267168	5028.974369666651	4.173447023630428e25	72182.22709225847	11924.423281493891
6.008131736311532	5021.390850025854	4.182395084269905e25	72312.96032587379	11923.85937918187
6.0190954803558965	5013.804131444621	4.191383073046402e25	72443.68737629033	11923.295346343477
6.030059224400261	5006.214191724769	4.2004112553995285e25	72574.4082420916	11922.731185590388
6.041022968444625	4998.621008569771	4.209479899173809e25	72705.1229218896	11922.166899567772
6.051986712488989	4991.0245596427385	4.218589274569882e25	72835.8314143256	11921.602490936259
6.062950456533353	4983.4248225634565	4.227739654195372e25	72966.53371806987	11921.037962350849
6.073914200577717	4975.821774905407	4.236931313084591e25	73097.22983182175	11920.473316462187
6.0848779446220815	4968.215394168148	4.246164528746711e25	73227.91975430961	11919.908555914952
6.095841688666446	4960.605657765497	4.255439581226513e25	73358.60348429084	11919.343683347117
6.10680543271081	4952.992543092058	4.264756753065118e25	73489.28102055179	11918.778701395197
6.117769176755174	4945.376027467718	4.274116329361175e25	73619.95236190766	11918.213612689206
6.128732920799538	4937.7560881528125	4.283518597787731e25	73750.6175072024	11917.648419855239
6.1396966648439015	4930.132702354106	4.292963848628647e25	73881.27645530885	11917.083125515284
6.150660408888266	4922.505847211615	4.30245237477166e25	74011.92920512815	11916.517732286802
6.16162415293263	4914.875499780692	4.3119844718596775e25	74142.57575559062	11915.952242781146
6.172587896976994	4907.2416370633955	4.321560438208384e25	74273.2161056552	11915.386659606327
6.183551641021358	4899.604236004664	4.3311805748433215e25	74403.85025430913	11914.820985366729
6.194515385065722	4891.963273481212	4.340845185532213e25	74534.47820056796	11914.255222662483
6.205479129110087	4884.318726296246	4.3505545768696335e25	74665.09994347612	11913.68937408915
6.216442873154451	4876.670571210068	4.36030905827952e25	74795.71548210664	11913.12344224049
6.227406617198815	4869.018784873047	4.370108942056314e25	74926.32481556066	11912.557429702429
6.238370361243179	4861.363343870228	4.379954543359211e25	75056.92794296742	11911.991339057757
6.249334105287543	4853.704224738567	4.389846180277349e25	75187.52486348472	11911.42517288733
6.2602978493319075	4846.041403922556	4.399784173900942e25	75318.11557629891	11910.858933766584
6.271261593376272	4838.374857807019	4.40976884828898e25	75448.70008062432	11910.29262426829
6.282225337420635	4830.7045627097705	4.419800530490555e25	75579.27837570319	11909.726246962162
6.293189081464999	4823.030494865135	4.429879550631825e25	75709.85046080606	11909.159804413714
6.304152825509363	4815.352630398247	4.44000624202603e25	75840.41633523194	11908.59329918318
6.3151165695537275	4807.670945390188	4.450180941074186e25	75970.97599830774	11908.026733828496
6.326080313598092	4799.985415838398	4.460403987321275e25	76101.52944938805	11907.460110904607
6.337044057642456	4792.296017661003	4.470675723515133e25	76232.0766878555	11906.89343296317
6.34800780168682	4784.602726712755	4.480996495711483e25	76362.61771312126	11906.326702553824
6.358971545731184	4776.905518720262	4.491366653234675e25	76493.15252462382	11905.759922219757
6.369935289775548	4769.204369357026	4.501786548744317e25	76623.68112182981	11905.193094503144
6.3808990338199125	4761.499254212035	4.512256538257558e25	76754.20350423368	11904.626221943709
6.391862777864277	4753.7901487844265	4.522776981202301e25	76884.71967135766	11904.059307076817
6.402826521908641	4746.077028485222	4.533348240450301e25	77015.22962275177	11903.492352435298
6.413790265953005	4738.359868649938	4.543970682367626e25	77145.73335799386	11902.92536055015
6.424754009997369	4730.63864453991	4.554644676802494e25	77276.23087668922	11902.358333950646
6.4357177540417325	4722.913331267276	4.565370597339161e25	77406.72217847162	11901.79127515921
6.446681498086097	4715.183903894929	4.5761488210224e25	77537.20726300153	11901.224186699012
6.457645242130461	4707.450337394823	4.586979728616568e25	77667.6861299676	11900.657071090256
6.468608986174825	4699.712606632773	4.597863704592822e25	77798.15877908596	11900.089930849856
6.479572730219189	4691.970686406413	4.608801137155387e25	77928.62521010032	11899.522768496214
6.490536474263553	4684.224551411231	4.619792418305428e25	78059.08542278189	11898.955586507145
6.501500218307918	4676.474176214722	4.6308379439518136e25	78189.53941692892	11898.388387342473
6.512463962352282	4668.719535322702	4.6419381138435625e25	78319.98719236671	11897.821173498012
6.523427706396646	4660.960603123951	4.653093331683706e25	78450.42874894803	11897.25394746947
6.53439145044101	4653.197353903895	4.664304005161661e25	78580.86408655299	11896.686711749622
6.545355194485374	4645.429761857399	4.675570545990549e25	78711.2932050889	11896.119468829473
6.5563189385297385	4637.6578010808635	4.686893369999493e25	78841.71610449062	11895.552221197968
6.567282682574103	4629.881445567439	4.698272897061401e25	78972.13278471971	11894.98497134194
6.578246426618466	4622.100669177565	4.709709551485241e25	79102.54324576624	11894.41772174337
6.58921017066283	4614.315445678155	4.721203761551588e25	79232.94748764586	11893.85047488256
6.600173914707194	4606.525748737441	4.732755959928204e25	79363.34551040214	11893.283233238582
6.6111376587515585	4598.731551906646	4.7443665837863695e25	79493.7373141067	11892.71599928777
6.622101402795923	4590.932828640592	4.756036074423982e25	79624.12289885656	11892.148775505686
6.633065146840287	4583.129552283251	4.767764877747183e25	79754.50226477691	11891.581564365177
6.644028890884651	4575.321696034162	4.779553444325755e25	79884.8754120206	11891.014368334692
6.654992634929015	4567.509232992635	4.791402229019708e25	80015.2423407659	11890.447189882167
6.665956378973379	4559.69213615797	4.803311691489824e25	80145.60305121934	11889.880031474471
6.6769201230177435	4551.870378397611	4.815282296174492e25	80275.95754361482	11889.312895576446
6.687883867062108	4544.043932475882	4.827314511976147e25	80406.3058182117	11888.745784650891
6.698847611106472	4536.212771041789	4.839408812835719e25	80536.64787529763	11888.178701159732
6.709811355150836	4528.376866586089	4.851565677638831e25	80666.98371518742	11887.611647560596
6.7207750991952	4520.536191487649	4.863785589927536e25	80797.31333822131	11887.044626310715
6.7317388432395635	4512.690718022773	4.876069038490248e25	80927.63674476792	11886.477639866904
6.742702587283928	4504.840418326481	4.888416517184658e25	81057.95393522277	11885.910690683104
6.753666331328292	4496.985264414575	4.900828524727648e25	81188.26491000682	11885.34378121267
6.764630075372656	4489.125228169798	4.913305565345527e25	81318.56966956955	11884.77691390761
6.77559381941702	4481.26028135398	4.925848148458872e25	81448.86821438701	11884.210091219307
6.786557563461384	4473.39039559718	4.938456788573715e25	81579.1605449608	11883.643315597079
6.797521307505749	4465.515542362415	4.951132005989379e25	81709.4466618211	11883.076589487297
6.808485051550113	4457.635693004305	4.963874326338471e25	81839.72656552438	11882.509915337438
6.819448795594477	4449.750818752478	4.976684280552693e25	81970.00025665275	11881.943295594585
6.830412539638841	4441.860890682508	4.989562405577276e25	82100.26773581695	11881.376732703176
6.841376283683205	4433.965879739936	5.0025092438803295e25	82230.52900365375	11880.810229107894
6.8523400277275694	4426.065756730006	5.01552534344198e25	82360.78406082556	11880.243787253168
6.863303771771934	4418.160492278846	5.028611258737311e25	82491.03290802427	11879.677409579523
6.874267515816297	4410.250056900312	5.041767549543845e25	82621.27554596578	11879.111098529045
6.885231259860661	4402.334420971542	5.05499478188913e25	82751.51197539405	11878.544856544171
6.896195003905025	4394.413554699661	5.068293528120552e25	82881.74219708065	11877.978686066053
6.907158747949389	4386.487428160934	5.081664366110326e25	83011.96621182116	11877.412589535363
6.918122491993754	4378.556011272103	5.095107880822334e25	83142.1840204416	11876.846569392572
6.929086236038118	4370.619273799232	5.1086246628364295e25	83272.39562379151	11876.280628078646
6.940049980082482	4362.677185328806	5.122215309564636e25	83402.60102274887	11875.714768029895
6.951013724126846	4354.729715316664	5.135880425015498e25	83532.80021821854	11875.1489916443
6.96197746817121	4346.776833078056	5.1496206191875855e25	83662.99321112949	11874.583301323335
6.9729412122155745	4338.818507730114	5.163436509679427e25	83793.18000244033	11874.017699497404
6.983904956259939	4330.854708255518	5.177328720013818e25	83923.36059313311	11873.452188596182
6.994868700304303	4322.8854034641445	5.191297881090009e25	84053.53498421868	11872.886771048961
7.005832444348667	4314.910561985008	5.205344630828652e25	84183.7031767344	11872.32144928412
7.01679618839303	4306.930152289814	5.219469613667879e25	84313.86517174222	11871.75622572941
7.0277599324373945	4298.9441426741905	5.233673482093229e25	84444.02097033407	11871.191102812141
7.038723676481759	4290.952501279956	5.247956894925609e25	84574.17057362502	11870.626082961358
7.049687420526123	4282.9551960571	5.262320519006791e25	84704.31398275917	11870.06116860384
7.060651164570487	4274.952194789585	5.2767650285207e25	84834.45119890674	11869.49636216702
7.071614908614851	4266.943465096257	5.291291104656653e25	84964.58222326265	11868.931666079852
7.082578652659215	4258.928974370864	5.305899437616287e25	85094.70705705283	11868.367082767523
7.0935423967035796	4250.908689869461	5.32059072360118e25	85224.82570152372	11867.802614658194
7.104506140747944	4242.882578628276	5.335365668628875e25	85354.93815795495	11867.238264178646
7.115469884792308	4234.850607539969	5.350224984842408e25	85485.04442764643	11866.674033757945
7.126433628836672	4226.812743270182	5.365169394279366e25	85615.14451193047	11866.109925822657
7.137397372881036	4218.768952329595	5.380199625692349e25	85745.23841216108	11865.545942803368
7.1483611169254	4210.719201008164	5.3953164173904955e25	85875.32612972274	11864.982087127577
7.159324860969765	4202.66345541245	5.410520515373352e25	86005.40766602397	11864.418361224753
7.170288605014128	4194.601681435702	5.425812674657042e25	86135.48302250114	11863.85476752439
7.181252349058492	4186.53384477979	5.4411936590231335e25	86265.55220061746	11863.291308455979
7.192216093102856	4178.459910959465	5.45666424056795e25	86395.61520186119	11862.727986451473
7.20317983714722	4170.379845262224	5.472225201382603e25	86525.67202775016	11862.164803941996
7.214143581191585	4162.293612803121	5.487877331250971e25	86655.72267982476	11861.601763361241
7.225107325235949	4154.201178446192	5.503621430988947e25	86785.76715965717	11861.038867141857
7.236071069280313	4146.102506888939	5.519458308712579e25	86915.8054688404	11860.47611771973
7.247034813324677	4137.997562553974	5.535388784387841e25	87045.83760900047	11859.913517527712
7.257998557369041	4129.886309703247	5.551413685265398e25	87175.86358178365	11859.35106900439
7.2689623014134055	4121.768712336116	5.567533850690892e25	87305.88338886919	11858.788774585311
7.27992604545777	4113.644734278421	5.58375012783718e25	87435.89703195733	11858.226636711774
7.290889789502134	4105.514339095924	5.600063375809482e25	87565.90451277998	11857.664657823287
7.301853533546498	4097.377490148746	5.616474462545134e25	87695.90583309198	11857.102840362264
7.312817277590861	4089.234150535185	5.632984267377823e25	87825.90099467752	11856.541186771128
7.3237810216352255	4081.0842831423674	5.64959367973402e25	87955.88999934639	11855.979699494314
7.33474476567959	4072.927850627872	5.66630359962775e25	88085.87284893496	11855.418380979414
7.345708509723954	4064.76481539347	5.683114938669569e25	88215.84954530807	11854.857233673609
7.356672253768318	4056.5951396301184	5.700028618256048e25	88345.82009035443	11854.29626002876
7.367635997812682	4048.4187852534947	5.717045572765723e25	88475.78448599386	11853.73546249621
7.378599741857046	4040.2357139781243	5.73416674576145e25	88605.74273416784	11853.174843532599
7.3895634859014105	4032.045887194546	5.751393094881351e25	88735.69483685055	11852.614405581515
7.400527229945775	4023.849266104964	5.768725586894709e25	88865.6407960369	11852.054151052445
7.411490973990139	4015.6458116245626	5.7861652030320094e25	88995.58061375393	11851.494082388523
7.422454718034503	4007.435484448364	5.80371293431484e25	89125.51429205052	11850.934202045357
7.433418462078867	3999.218244961176	5.821369785922253e25	89255.44183300657	11850.37451247781
7.444382206123231	3990.994053317633	5.839136774274336e25	89385.3632387262	11849.815016144086
7.455345950167596	3982.7628693959373	5.8570149289342925e25	89515.27851134165	11849.255715504514
7.466309694211959	3974.5246527831378	5.875005292711985e25	89645.1876530126	11848.696613019489
7.477273438256323	3966.279362812542	5.8931089203548025e25	89775.09066592359	11848.13771115344
7.488237182300687	3958.0269585175574	5.911326881747772e25	89904.98755228987	11847.579012371163
7.499200926345051	3949.767398701446	5.92966025776229e25	90034.8783143488	11847.020519143382
7.510164670389416	3941.500641811155	5.948110145906219e25	90164.76295437053	11846.462233938277
7.52112841443378	3933.226646075681	5.9666776545426175e25	90294.64147464639	11845.90415923106
7.532092158478144	3924.9453693829314	5.985363909080017e25	90424.51387750043	11845.346297496295
7.543055902522508	3916.656769364394	6.004170046832183e25	90554.38016527914	11844.78865121364
7.554019646566872	3908.3608033020023	6.023097221573783e25	90684.24034035964	11844.231222861947
7.5649833906112365	3900.0574282127213	6.042146600876587e25	90814.09440514434	11843.674014925384
7.575947134655601	3891.746600812713	6.061319367447575e25	90943.9423620631	11843.117029891308
7.586910878699965	3883.4282774782005	6.080616720222373e25	91073.78421357462	11842.56027024805
7.597874622744329	3875.102414309273	6.100039871879094e25	91203.61996216171	11842.003738489135
7.608838366788692	3866.76896704834	6.119590053531831e25	91333.44961033906	11841.447437109086
7.6198021108330565	3858.427891176687	6.139268509137843e25	91463.27316064326	11840.8913686089
7.630765854877421	3850.0791417602527	6.159076502621853e25	91593.0906156443	11840.335535487467
7.641729598921785	3841.7226736148828	6.179015310929316e25	91722.90197793368	11839.779940251863
7.652693342966149	3833.3584411720685	6.199086231095302e25	91852.70725013567	11839.224585409811
7.663657087010513	3824.986398570665	6.219290574754888e25	91982.50643489792	11838.669473474725
7.674620831054877	3816.6064995734278	6.23962967269101e25	92112.29953489837	11838.114606962541
7.6855845750992415	3808.2186976132325	6.260104872772835e25	92242.08655284144	11837.559988392895
7.696548319143606	3799.82294578178	6.280717540406688e25	92371.86749145862	11837.005620290678
7.70751206318797	3791.419196772653	6.30146906101363e25	92501.64235351137	11836.451505181592
7.718475807232334	3783.007402969913	6.3223608359902475e25	92631.41114178502	11835.897645598692
7.729439551276698	3774.587516340531	6.343394289197279e25	92761.17385909782	11835.344044076068
7.740403295321062	3766.1594885592217	6.3645708596806015e25	92890.9305082899	11834.790703156415
7.751367039365427	3757.7232708402194	6.385892010434276e25	93020.68109223543	11834.23762538205
7.76233078340979	3749.2788141027727	6.4073592202906265e25	93150.42561383075	11833.684813304471
7.773294527454154	3740.8260688208793	6.428973991949181e25	93280.16407600517	11833.13226947606
7.784258271498518	3732.36498511854	6.4507378461572906e25	93409.89648171235	11832.579996456756
7.795222015542882	3723.895512702019	6.472652325525676e25	93539.62283393527	11832.027996809036
7.806185759587247	3715.417600877522	6.494718994892348e25	93669.3431356862	11831.476273101083
7.817149503631611	3706.9311985729983	6.516939439564822e25	93799.0573900039	11830.924827904506
7.828113247675975	3698.436254306256	6.539315267229407e25	93928.76559995559	11830.373663754797
7.839076991720339	3689.9327161600186	6.5618481090755585e25	94058.4677686375	11829.822783207817
7.850040735764703	3681.4205318291906	6.584539617775725e25	94188.16389917233	11829.272188845394
7.8610044798090675	3672.899648577231	6.60739146981911e25	94317.85399471181	11828.721883253382
7.871968223853432	3664.3700131968817	6.6304053663028045e25	94447.53805843701	11828.171869020282
7.882931967897796	3655.831572082783	6.653583030935927e25	94577.2160935557	11827.622148741606
7.89389571194216	3647.2842711918615	6.6769262127663855e25	94706.88810330503	11827.072725018612
7.904859455986523	3638.728056004476	6.7004366864973325e25	94836.55409095141	11826.523600456256
7.9158232000308875	3630.162871581053	6.724116250702714e25	94966.21405978814	11825.974777666554
7.926786944075252	3621.5886625113226	6.747966730966438e25	95095.8680131384	11825.426259266635
7.937750688119616	3613.005372911462	6.771989979608785e25	95225.51595435447	11824.87804787913
7.94871443216398	3604.4129464498055	6.7961878742101355e25	95355.15788681572	11824.330146133201
7.959678176208344	3595.8113262820953	6.820562321144829e25	95484.7938139319	11823.782556662072
7.970641920252708	3587.200455089217	6.845115254673074e25	95614.4237391417	11823.235282106065
7.9816056642970725	3578.580275090338	6.869848635792371e25	95744.0476659112	11822.688325112695
7.992569408341437	3569.950727977173	6.894764456083614e25	95873.66559773726	11822.141688334308
8.0035331523858	3561.3117549441304	6.919864736306225e25	96003.2775381456	11821.595374430144
8.014496896430165	3552.663296703126	6.945151525595409e25	96132.88349068965	11821.049386067682
8.02546064047453	3544.0052934195405	6.970626905357262e25	96262.48345895385	11820.50372591907
8.036424384518893	3535.3376847220693	6.996292988192951e25	96392.07744655196	11819.958396662882
8.047388128563258	3526.6604097375116	7.022151916193797e25	96521.66545712523	11819.413400986434
8.058351872607622	3517.9734070338354	7.048205866155222e25	96651.24749434665	11818.868741582966
8.069315616651986	3509.2766146441963	7.07445704646715e25	96780.82356191763	11818.324421153557
8.08027936069635	3500.5699700457953	7.100907698571454e25	96910.39366356887	11817.78044240678
8.091243104740714	3491.8534101483096	7.127560099418508e25	97039.95780306205	11817.236808058424
8.102206848785078	3483.1268712913557	7.154416560104837e25	97169.51598418807	11816.69352083204
8.113170592829443	3474.390289253764	7.181479426173213e25	97299.06821076696	11816.150583460088
8.124134336873807	3465.6435992230518	7.208751080545384e25	97428.61448664978	11815.60799868252
8.13509808091817	3456.886735766695	7.236233943110065e25	97558.15481571779	11815.065769246377
8.146061824962533	3448.119632871503	7.263930470025031e25	97687.68920188141	11814.523897908124
8.157025569006898	3439.3422239217807	7.2918431562158295e25	97817.21764908175	11813.982387433602
8.167989313051262	3430.55444165857	7.319974536659459e25	97946.7401612911	11813.44124059557
8.178953057095626	3421.756218213315	7.348327184858947e25	98076.2567425112	11812.900460177332
8.18991680113999	3412.947485083873	7.376903714499205e25	98205.7673967742	11812.360048971454
8.200880545184354	3404.1281731124445	7.4057067822772385e25	98335.27212814408	11811.820009779227
8.211844289228718	3395.2982124793953	7.434739086242233e25	98464.77094071492	11811.280345411376
8.222808033273083	3386.4575327089515	7.464003366373391e25	98594.26383861095	11810.741058688844
8.233771777317447	3377.6060626470567	7.493502408112303e25	98723.7508259885	11810.20215243259
8.244735521361811	3368.743730455939	7.523239041624309e25	98853.23190703453	11809.663629420635
8.255699265406175	3359.870463626193	7.553216141233264e25	98982.70708596574	11809.125492483156
8.26666300945054	3350.986188919282	7.583436628736566e25	99112.17636703038	11808.587744470473
8.277626753494904	3342.0908323706158	7.613903474492403e25	99241.63975450894	11808.05038824185
8.288590497539268	3333.1843193184013	7.6446196957971995e25	99371.09725271226	11807.513426668434
8.299554241583632	3324.2665743856815	7.67558835829387e25	99500.54886598192	11806.976862633255
8.310517985627996	3315.337521338071	7.706812584217379e25	99629.99459869493	11806.440699022982
8.32148172967236	3306.3970833141966	7.738295538763522e25	99759.4344552547	11805.904938743155
8.332445473716724	3297.4451826158675	7.770040445473816e25	99888.86844010017	11805.369584706239
8.343409217761089	3288.4817407606083	7.802050581038447e25	100018.2965577018	11804.83463983573
8.354372961805453	3279.5066785080708	7.834329274616847e25	100147.71881256087	11804.300107068788
8.365336705849817	3270.5199157920147	7.866879913158794e25	100277.13520921186	11803.765989352787
8.376300449894181	3261.521371721792	7.899705941690015e25	100406.54575222221	11803.232289646794
8.387264193938545	3252.5109646075753	7.932810861054257e25	100535.95044619039	11802.699010923763
8.39822793798291	3243.4886118833942	7.966198233012072e25	100665.34929574822	11802.166156167075
8.409191682027274	3234.4542301242514	7.99987168186018e25	100794.74230556123	11801.633728372472
8.420155426071638	3225.4077350724897	8.033834891416117e25	100924.12948032636	11801.10173055084
8.431119170116	3216.349041577689	8.068091609557276e25	101053.51082477393	11800.57016572554
8.442082914160364	3207.2780635630334	8.102645651595929e25	101182.88634366881	11800.039036931676
8.453046658204729	3198.194714079291	8.137500896511115e25	101312.2560418078	11799.50834722019
8.464010402249093	3189.098905260497	8.17266129069298e25	101441.61992402106	11798.978099656488
8.474974146293457	3179.9905482721647	8.208130852573558e25	101570.9779951738	11798.448297318739
8.485937890337821	3170.8695533364676	8.243913669910356e25	101700.3302601643	11797.91894330003
8.496901634382185	3161.7358297016576	8.280013902417841e25	101829.67672392465	11797.39004070838
8.50786537842655	3152.589285637504	8.316435784985809e25	101959.01739142163	11796.861592667354
8.518829122470914	3143.42982845001	8.353183625618393e25	102088.35226765522	11796.333602318016
8.529792866515278	3134.2573643860605	8.390261812082358e25	102217.68135766106	11795.806072815303
8.540756610559642	3125.0717986682207	8.427674811383946e25	102347.00466650949	11795.279007330528
8.551720354604006	3115.8730354846525	8.465427170424215e25	102476.32219930523	11794.752409052917
8.56268409864837	3106.660977972297	8.503523517893836e25	102605.63396118779	11794.226281189309
8.573647842692734	3097.435528168973	8.541968568484655e25	102734.93995733245	11793.700626963393
8.584611586737099	3088.196586991371	8.580767124032691e25	102864.2401929502	11793.175449615444
8.595575330781463	3078.9440542626166	8.619924073778587e25	102993.53467328713	11792.650752405509
8.606539074825827	3069.6778286880754	8.659444396568328e25	103122.8234036249	11792.126538613755
8.617502818870191	3060.3978077920324	8.699333165610414e25	103252.10638928183	11791.602811537916
8.628466562914555	3051.1038879229327	8.73959554941273e25	103381.38363561266	11791.07957449564
8.63943030695892	3041.795964252627	8.78023681236597e25	103510.65514800815	11790.556830825728
8.650394051003284	3032.4739307545005	8.821262317229773e25	103639.92093189551	11790.034583888522
8.661357795047648	3023.1376801466413	8.862677530365272e25	103769.1809927395	11789.512837064629
8.672321539092012	3013.7871038740086	8.904488022742205e25	103898.43533604218	11788.991593755492
8.683285283136376	3004.4220921368174	8.946699470604844e25	104027.68396734248	11788.470857357543
8.69424902718074	2995.0425338644504	8.989317658349704e25	104156.92689221587	11787.950631159261
8.705212771225105	2985.648316639309	9.032348484416607e25	104286.16411627464	11787.430918581034
8.716176515269467	2976.2393266852832	9.075797962064645e25	104415.39564516937	11786.911723084977
8.727140259313831	2966.8154488827486	9.11967222043799e25	104544.62148458818	11786.39304815603
8.738104003358195	2957.376566743209	9.163977507851285e25	104673.84164025719	11785.874897302934
8.74906774740256	2947.922562340523	9.208720198259876e25	104803.05611794187	11785.357274055737
8.760031491446924	2938.4533162933612	9.253906792100336e25	104932.26492344654	11784.840181967096
8.770995235491288	2928.9687077857716	9.299543917529312e25	105061.46806261408	11784.323624615308
8.781958979535652	2919.4686145337714	9.345638334228672e25	105190.66554132648	11783.807605604023
8.792922723580016	2909.952912701717	9.392196940665773e25	105319.85736550615	11783.292128560046
8.80388646762438	2900.4214769216896	9.439226774690061e25	105449.04354111542	11782.777197136385
8.814850211668745	2890.8741802773193	9.48673501526894e25	105578.22407415627	11782.262815013324
8.825813955713109	2881.3108942669355	9.53472898688651e25	105707.39897067094	11781.7489858986
8.836777699757473	2871.7314887341295	9.583216167516082e25	105836.56823674327	11781.235713525717
8.847741443801837	2862.1358318748426	9.63220418950263e25	105965.73187849823	11780.723001656997
8.858705187846201	2852.523790229775	9.681700839664462e25	106094.88990210125	11780.21085408488
8.869668931890565	2842.8952285936166	9.731714070211065e25	106224.04231376022	11779.699274629778
8.88063267593493	2833.2500100373463	9.782251999090959e25	106353.18911972486	11779.188267143332
8.891596419979294	2823.5879958457363	9.833322915261024e25	106482.33032628743	11778.677835507882
8.902560164023658	2813.909045502754	9.884935283188963e25	106611.46593978273	11778.16798363815
8.913523908068022	2804.2130166483275	9.937097747606059e25	106740.59596658887	11777.6587154812
8.924487652112386	2794.4997650647188	9.989819135924219e25	106869.72041312672	11777.150035018667
8.93545139615675	2784.769144540298	1.0043108474341055e26	106998.83928586311	11776.641946262114
8.946415140201115	2775.0210070390485	1.0096974972174546e26	107127.9525913063	11776.134453264964
8.957378884245479	2765.2552025004584	1.0151428043373017e26	107257.06033601011	11775.627560114282
8.968342628289843	2755.471578746536	1.0206477316343786e26	107386.16252657527	11775.121270929654
8.979306372334207	2745.6699816768655	1.0262132617179119e26	107515.25916964485	11774.615589875422
8.990270116378571	2735.8502550357266	1.0318403996616063e26	107644.3502719094	11774.11052115252
9.001233860422936	2726.0122404163008	1.037530172933734e26	107773.43584010578	11773.606069001022
9.012197604467298	2716.155777236713	1.0432836319464565e26	107902.51588101758	11773.102237702858
9.023161348511662	2706.280702702937	1.049101850633277e26	108031.59040147533	11772.599031582824
9.034125092556026	2696.386851766383	1.0549859270991108e26	108160.65940835698	11772.09645500963
9.04508883660039	2686.474057069406	1.0609369844309878e26	108289.7229085887	11771.594512397272
9.056052580644755	2676.542148891031	1.066956171637046e26	108418.78090914576	11771.093208205042
9.067016324689119	2666.5909550889883	1.0730446641226793e26	108547.83341705243	11770.592546938955
9.077980068733483	2656.6203010935637	1.0792036643664637e26	108676.88043938251	11770.092533154708
9.088943812777847	2646.6300098612774	1.0854344026926886e26	108805.92198325977	11769.593171459686
9.099907556822211	2636.619901792249	1.0917381382740363e26	108934.95805585888	11769.094466512523
9.110871300866576	2626.5897946759987	1.0981161601861717e26	109063.98866440602	11768.596422920013
9.12183504491094	2616.5395036671184	1.1045697879663055e26	109193.0138161775	11768.099045340232
9.132798788955304	2606.4688412222686	1.1111003724552675e26	109322.03351850143	11767.602338563314
9.143762532999668	2596.3776170503143	1.1177092967159892e26	109451.04777875864	11767.106307435204
9.154726277044032	2586.2656380508984	1.1243979772461725e26	109580.0566043835	11766.610956858598
9.165690021088396	2576.132708209606	1.131167865198537e26	109709.06000286478	11766.11629179256
9.17665376513276	2565.978628606172	1.1380204470337547e26	109838.05798174588	11765.622317257365
9.187617509177125	2555.803197345814	1.1449572455581646e26	109967.05054862535	11765.129038335985
9.198581253221489	2545.606209493821	1.1519798210319034e26	110096.03771115757	11764.636460175661
9.209544997265853	2535.3874569880963	1.1590897726492247e26	110225.01947705392	11764.144587988503
9.220508741310217	2525.146728572248	1.1662887399039408e26	110353.99585408373	11763.653427053812
9.231472485354582	2514.8838097478065	1.1735784034350857e26	110482.96685007437	11763.162982720783
9.242436229398946	2504.598482718917	1.1809604862726776e26	110611.9324729121	11762.67326041131
9.25339997344331	2494.2905263278244	1.1884367551736199e26	110740.89273054266	11762.184265622722
9.264363717487674	2483.959715945703	1.1960090224475285e26	110869.84763097286	11761.696003928097
9.275327461532038	2473.6058233685576	1.2036791475191312e26	110998.79718227143	11761.208480977384
9.286291205576402	2463.228616820646	1.2114490379676589e26	111127.74139256927	11760.721702503784
9.297254949620767	2452.8278608600103	1.2193206510583935e26	111256.6802700603	11760.235674325717
9.308218693665129	2442.403316291883	1.2272959953784311e26	111385.61382300245	11759.75040234891
9.319182437709493	2431.954740062184	1.2353771330755365e26	111514.54205971942	11759.265892568403
9.330146181753857	2421.4818851634236	1.243566181623403e26	111643.4649886013	11758.782151071331
9.341109925798222	2410.984500593812	1.2518653151762602e26	111772.38261810534	11758.29918404177
9.352073669842586	2400.4623312752124	1.2602767664052963e26	111901.29495675677	11757.816997764563
9.36303741388695	2389.9151179884116	1.2688028280063308e26	112030.20201314946	11757.33559863007
9.374001157931314	2379.342597063355	1.2774458577740293e26	112159.10379595039	11756.854993127656
9.384964901975678	2368.744500520771	1.2862082777954132e26	112288.0003138974	11756.375187860614
9.395928646020042	2358.1205560801036	1.2950925748720946e26	112416.89157579865	11755.89618955464
9.406892390064407	2347.4704866724483	1.3041013084646165e26	112545.77759053984	11755.418005044738
9.41785613410877	2336.7940106101455	1.3132371094030104e26	112674.65836708152	11754.940641291805
9.428819878153135	2326.090841430363	1.3225026830197452e26	112803.533914461	11754.46410538506
9.4397836221975	2315.3606877904695	1.33190081177685e26	112932.40424179395	11753.988404546955
9.450747366241863	2304.603253357135	1.341434358057064e26	113061.26935827565	11753.513546138209
9.461711110286227	2293.8182366547253	1.351106267688245e26	113190.1292731834	11753.039537661722
9.472674854330592	2283.005330963698	1.3609195728297746e26	113318.98399587772	11752.56638676858
9.483638598374956	2272.164224204965	1.3708773947037986e26	113447.83353580377	11752.094101264387
9.49460234241932	2261.2945988441456	1.380982946825556e26	113576.67790249287	11751.622689101778
9.505566086463684	2250.3961317817507	1.391239538402249e26	113705.51710556322	11751.152158182711
9.516529830508048	2239.468494182734	1.4016505783418396e26	113834.35115472067	11750.682516689336
9.527493574552413	2228.511351272148	1.4122195795754609e26	113963.180059763	11750.213773043404
9.538457318596777	2217.5243623062584	1.4229501622640384e26	114092.00383058137	11749.745935849234
9.54942106264114	2206.5071804068357	1.433846057759835e26	114220.82247716193	11749.27901390008
9.560384806685505	2195.459452423346	1.444911112863167e26	114349.636009588	11748.813016185995
9.57134855072987	2184.380818791532	1.4561492944149694e26	114478.44443804244	11748.347951901853
9.582312294774233	2173.2709133314784	1.4675646950320359e26	114607.24777281072	11747.883830453948
9.593276038818598	2162.1293630894093	1.479161537624085e26	114736.04602428278	11747.42066146871
9.60423978286296	2150.9557882331146	1.4909441802800046e26	114864.83920295537	11746.958454804248
9.615203526907324	2139.749801954062	1.502917120110433e26	114993.6273194334	11746.497220563066
9.626167270951688	2128.51101013248	1.5150850022443433e26	115122.41038443515	11746.036969095372
9.637131014996053	2117.239011282996	1.5274526237147403e26	115251.18840879339	11745.577711014885
9.648094759040417	2105.9333963471036	1.5400249402408692e26	115379.96140345883	11745.119457209186
9.65905850308478	2094.5937485182008	1.5528070728401123e26	115508.72937950307	11744.662218852107
9.670022247129145	2083.219643061313	1.5658043147788077e26	115637.4923481218	11744.206007416704
9.68098599117351	2071.8106471274637	1.5790221387598986e26	115766.2503206382	11743.75083468898
9.691949735217873	2060.366319536059	1.5924662053526324e26	115895.00330850683	11743.2967127815
9.702913479262238	2048.886210650391	1.6061423693015705e26	116023.75132331619	11742.843654151311
9.713877223306602	2037.369862095639	1.6200566896153908e26	116152.49437679356	11742.391671612986
9.724840967350966	2025.8168065920001	1.6342154383888732e26	116281.23248080905	11741.940778357148
9.73580471139533	2014.226567739022	1.648625109907971e26	116409.96564737952	11741.490987968637
9.746768455439694	2002.598659812066	1.6632924304842e26	116538.69388867295	11741.042314445738
9.757732199484058	1990.9325875505426	1.6782243689006086e26	116667.41721701314	11740.594772221242
9.768695943528423	1979.2278459374418	1.6934281474199537e26	116796.13564488449	11740.148376183704
9.779659687572787	1967.4839199761027	1.7089112533954433e26	116924.84918493724	11739.703141700993
9.790623431617151	1955.70028446521	1.7246814515249424e26	117053.55784999265	11739.259084644493
9.801587175661515	1943.876403758294	1.740746797098816e26	117182.26165304903	11738.81622141502
9.81255091970588	1932.0117315269051	1.7571156501198946e26	117310.96060728781	11738.374568970536
9.823514663750244	1920.1057105149225	1.7737966893311955e26	117439.65472607949	11737.934144855046
9.834478407794608	1908.1577723110688	1.790798928403491e26	117568.34402299087	11737.494967230925
9.845442151838972	1896.1673372197301	1.8081317280480174e26	117697.02851178957	11737.05705491643
9.856405895883336	1884.1338138386977	1.8258048191787216e26	117825.70820645452	11736.62042731555
9.8673696399277	1872.0565989592737	1.843828317534372e26	117954.38312117927	11736.185104303733
9.878333383972064	1859.9350772378193	1.862212743756219e26	118083.05327038032	11735.751106753873
9.889297128016429	1847.7686210014547	1.880969043857407e26	118211.71866870807	11735.318456356494
9.900260872060791	1835.5565899893977	1.900108611080025e26	118340.37933105492	11734.887175642893
9.911224616105155	1823.2983311295754	1.919643308942803e26	118469.03527256538	11734.457288033616
9.92218836014952	1810.993178312826	1.9395854956497277e26	118597.68650864578	11734.028817889837
9.933152104193884	1798.64045217031	1.959948050128879e26	118726.33305497497	11733.601790568735
9.944115848238248	1786.2394598474752	1.9807443997762265e26	118854.97492751549	11733.176232481675
9.955079592282612	1773.7894948054925	2.0019885499390096e26	118983.61214252554	11732.752171157836
9.966043336326976	1761.2898366338432	2.0236951153390246e26	119112.24471657153	11732.329635312288
9.97700708037134	1748.739750858927	2.0458793535838587e26	119240.87266654152	11731.908654918201
9.987970824415704	1736.1384887889205	2.0685572008973348e26	119369.4960096594	11731.489261284967
9.998934568460069	1723.4852873661564	2.091745310265962e26	119498.11476350001	11731.071487142435
10.009898312504433	1710.7793690438207	2.115461092242741e26	119626.72894600526	11730.655366730753
10.020862056548797	1698.0199416943813	2.1397227587903365e26	119755.33857550121	11730.240935897444
10.031825800593161	1685.2061985485038	2.164549369734614e26	119883.94367071637	11729.828232202399
10.042789544637525	1672.3373181758043	2.1899608825723273e26	120012.54425080086	11729.417295030404
10.05375328868189	1659.412464510045	2.215978205927136e26	120141.1403353472	11729.008165712841
10.064717032726254	1646.4307869013594	2.2426232569206827e26	120269.73194441225	11728.60088765914
10.075680776770618	1633.391420240292	2.2699190241363995e26	120398.31909854156	11728.195506497917
10.086644520814982	1620.2934852225992	2.2978896274748447e26	120526.90181879152	11727.79207023291
10.097608264859346	1607.1360885057431	2.326560398212956e26	120655.4801267605	11727.390629405629
10.10857200890371	1593.9183231043626	2.3559579529087996e26	120784.05404461648	11726.99123727633
10.119535752948075	1580.6392689038123	2.3861102689060897e26	120912.62359512474	11726.593950020791
10.130499496992439	1567.2979931419845	2.4170467818681834e26	121041.18880168496	11726.198826939362
10.141463241036803	1553.893551125482	2.448798480335422e26	121169.74968836608	11725.805930686894
10.152426985081167	1540.4249871161876	2.4813980021296878e26	121298.30627994143	11725.415327523473
10.163390729125531	1526.8913352968325	2.5148797508295753e26	121426.85860193173	11725.027087584795
10.174354473169895	1513.2916209601915	2.5492800214623324e26	121555.40668065094	11724.641285077743
10.18531821721426	1499.6248619986666	2.5846371268702213e26	121683.95054324708	11724.257998086347
10.196281961258622	1485.8900704587268	2.620991537781092e26	121812.49021775098	11723.877309897394
10.207245705302986	1472.086254554009	2.658386038000127e26	121941.02573313478	11723.49930907917
10.21820944934735	1458.2124208763835	2.6968658984273403e26	122069.5571193736	11723.124089786581
10.229173193391714	1444.267577055914	2.736479053897632e26	122198.08440750692	11722.751752209697
10.240136937436079	1430.2507347906717	2.7772763042560662e26	122326.60762970801	11722.382403061501
10.251100681480443	1416.160913341668	2.8193115290511353e26	122455.12681935751	11722.016156111307
10.262064425524807	1401.9971436102549	2.862641932241938e26	122583.64201112669	11721.653132768952
10.273028169569171	1387.758472748642	2.9073282911285986e26	122712.15324106059	11721.293462722155
10.283991913613535	1373.443969528214	2.9534352472573064e26	122840.66054667512	11720.937284636058
10.2949556576579	1359.0527305237497	3.0010316222859415e26	122969.16396706113	11720.58474691961
10.305919401702264	1344.583887027379	3.0501907449072405e26	123097.66354298979	11720.236008561293
10.316883145746628	1330.0366133155999	3.100990850406558e26	123226.15931704217	11719.891240053152
10.327846889790992	1315.4101357141947	3.153515475792667e26	123354.65133373205	11719.550624394424
10.338810633835356	1300.7035241270848	3.207853926367797e26	123483.13963964487	11719.21435323516
10.34977437787972	1285.9149017545392	3.2641017844212395e26	123611.62428342161	11718.882610745573
10.360738121924085	1271.0420604464675	3.322361466868742e26	123740.10531576048	11718.555590361077
10.371701865968449	1256.0827012882596	3.382742848366391e26	123868.58278956915	11718.233502157293
10.382665610012813	1241.0344290043972	3.445363952044395e26	123997.05676015752	11717.916574657223
10.393629354057177	1225.8947459302342	3.510351722593003e26	124125.52728545213	11717.605056877272
10.404593098101541	1210.6610456128867	3.577842877723153e26	124253.99442623122	11717.299220650084
10.415556842145905	1195.3306057088685	3.647984875027055e26	124382.45824639086	11716.99936326241
10.42652058619027	1179.9005803383047	3.7209369895892536e26	124510.9188132411	11716.705810463678
10.437484330234634	1164.367991915292	3.796871509435263e26	124639.37619783293	11716.418919906524
10.448448074278998	1148.729722044629	3.875975100985931e26	124767.83047533133	11716.139085086004
10.459411818323362	1132.98250170739	3.958450340743892e26	124896.28172542997	11715.866739089519
10.470375562367726	1117.122900453172	4.044517452618099e26	125024.73003281062	11715.602359896604
10.48133930641209	1101.1473146724493	4.134416258331884e26	125153.17548767544	11715.346477758108
10.492303050456453	1085.0519546523594	4.2284084144053605e26	125281.61818635325	11715.099681337664
10.503266794500817	1068.8328303273647	4.326779961446957e26	125410.05823198493	11714.862625797216
10.514230538545181	1052.4857357059159	4.4298442213529175e26	125538.49573530005	11714.63604224331
10.525194282589545	1036.006231475341	4.537945146592913e26	125666.93081551325	11714.420748788238
10.53615802663391	1019.3896260955032	4.651461125040844e26	125795.3636013394	11714.21766356092
10.547121770678274	1002.6309544557363	4.770809421474014e26	125923.79423217667	11714.027820061021
10.558085514722638	985.7249542256458	4.89645131210013e26	126052.22285947122	11713.852385359503
10.569049258767002	968.6660395979592	5.0288980356002676e26	126180.6496482951	11713.692681768352
10.580013002811366	951.4482719108368	5.1687177385120984e26	126309.0747791845	11713.550212756343
10.59097674685573	934.0653266616814	5.316543617533707e26	126437.49845029032	11713.426694090731
10.601940490900095	916.5104563914949	5.473083500032293e26	126565.9208799041	11713.324091451408
10.612904234944459	898.7764486857724	5.639131188578288e26	126694.34230944327	11713.244666103425
10.623867978988823	880.8555784344735	5.815579972623017e26	126822.7630070009	11713.191030672433
10.634831723033187	862.7395544698494	6.003438566597585e26	126951.18327152429	11713.16621766722
10.645795467077551	844.4194571385708	6.203850550555592e26	127079.60343790535	11713.17376419082
10.656759211121916	825.8856680117408	6.418117574808163e26	127208.0238830448	11713.217817121702
10.66772295516628	807.1277882218785	6.647727707214187e26	127336.44503323366	11713.3032627891
10.678686699210644	788.1345442675042	6.894389994640465e26	127464.8673731401	11713.435896905678
10.689650443255008	768.8936781814245	7.160077089325662e26	127593.2914569035	11713.62263653749
10.700614187299372	749.3918189914574	7.447078154737334e26	127721.71792186791	11713.871792570379
10.711577931343736	729.6143317308243	7.758064940576845e26	127850.14750570785	11714.193423727664
10.7225416753881	709.54513845228	8.096175163606922e26	127978.58106800885	11714.599800475733
10.733505419432465	689.166504463171	8.465118772271866e26	128107.01961773324	11715.10601968269
10.744469163476829	668.4587811530453	8.869314761380172e26	128235.46434853546	11715.73082884337
10.755432907521193	647.4000954143687	9.314068670564135e26	128363.91668452059	11716.497745793606
10.766396651565557	625.9659677560745	9.805807119994094e26	128492.37834063557	11717.436601823656
10.777360395609922	604.1288418708502	1.0352390171311873e27	128620.85140300824	11718.58570176316
10.788324139654284	581.8574963246322	1.0963534477423413e27	128749.33843766787	11719.994900472468
10.799287883698648	559.1162993390351	1.1651396163738907e27	128877.84264015646	11721.730067840239
10.810251627743012	535.8642535814045	1.2431387448194093e27	129006.3680449468	11723.87971396467
10.821215371787376	512.0537503232702	1.3323345168309653e27	129134.91982491051	11726.565054498351
10.83217911583174	487.6289162094416	1.4353241219232326e27	129263.50472943274	11729.955724530335
10.843142859876105	462.5233729653753	1.555575330547831e27	129392.13174270475	11734.29508732441
10.854106603920469	436.65712892843834	1.697824608674133e27	129520.81310322677	11739.942483264316
10.865070347964833	409.93214101695094	1.868715732271444e27	129649.56594004424	11747.446775991448
10.876034092009197	382.225763092345	2.0778672982251457e27	129778.41501105945	11757.680848686361
10.886997836053562	353.3806650194862	2.3397476239854313e27	129907.39752238076	11772.102683251922
10.897961580097926	323.18850571566327	2.67717210099464e27	130036.57214994257	11793.300627396837
10.90892532414229	291.3616884768516	3.128337222718342e27	130166.03729039202	11826.242429009457
10.919889068186654	257.4800090596728	3.76240926861419e27	130295.97190637732	11881.504512259988
10.930852812231018	220.87665608418612	4.7188919519054324e27	130426.74046630113	11985.136954209856
10.941816556275382	180.344610738139	6.327515803982576e27	130559.22330650974	12217.34818797683
10.952780300319747	133.09603842288962	9.600173554996842e27	130696.28159207225	12946.812338211064