0.	10000.	1.9884700000000003e25	0.	13122.46927717877
0.01016222859255738	9971.285533443228	1.9900253078895298e25	133.42342888143315	13136.16991013532
0.02032445718511476	9942.506769796535	1.9915928141621502e25	266.98439940209437	13149.538871710218
0.03048668577767214	9913.672529520358	1.9931722332895336e25	400.6795537077485	13162.578681537609
0.04064891437022952	9884.791641965314	1.9947632961411276e25	534.505560320104	13175.29200818931
0.0508111429627869	9855.87297379483	1.9963657488146183e25	668.4591156210463	13187.681664609234
0.06097337155534428	9826.92547070443	1.9979793515438184e25	802.5369451848654	13199.750575954655
0.07113560014790166	9797.958183346298	1.9996038776892273e25	936.735804847962	13211.501777715914
0.08129782874045904	9768.980294919038	2.001239112794861e25	1071.0524818408733	13222.93840650915
0.09146005733301643	9740.001153350224	2.002884853713196e25	1205.4837956773442	13234.063681153797
0.1016222859255738	9711.03029019605	2.0045409077814924e25	1340.0265990362732	13244.880910138214
0.11178451451813118	9682.077443137327	2.006207092077006e25	1474.6777786461234	13255.393476687432
0.12194674311068857	9653.15258353877	2.007883232691355e25	1609.4342559353863	13265.604837460578
0.13210897170324595	9624.265928457247	2.0095691640798735e25	1744.2929878696475	13275.518522799637
0.1422712002958033	9595.427961412042	2.0112647284461435e25	1879.2509676277775	13285.138129109017
0.1524334288883607	9566.649444216882	2.012969775160616e25	2014.3052252578414	13294.467325067404
0.1625956574809181	9537.941430229217	2.0146841602318223e25	2149.452828489959	13303.50984600966
0.17275788607347548	9509.315276212405	2.016407745810217e25	2284.690883333645	13312.26949620576
0.18292011466603286	9480.782648785704	2.018140399716345e25	2420.0165348337205	13320.75015058119
0.19308234325859022	9452.355530369328	2.019881995004277e25	2555.426967731917	13328.955752824095
0.2032445718511476	9424.046221168452	2.0216324095611546e25	2690.919407251781	13336.890320125953
0.213406800443705	9395.867340440383	2.0233915257278366e25	2826.491119776857	13344.557941432293
0.22356902903626236	9367.831822327586	2.0251592299408166e25	2962.139413648431	13351.962781347187
0.23373125762881974	9339.952907346524	2.0269354124114926e25	3097.8616398991767	13359.109084084273
0.24389348622137713	9312.244138462453	2.0287199668182243e25	3233.655193129173	13366.001168548037
0.2540557148139345	9284.719344225168	2.0305127900168057e25	3369.5175121522557	13372.643431906463
0.2642179434064919	9257.392622886902	2.032313781787447e25	3505.446080949078	13379.0403536377
0.2743801719990493	9230.278320807349	2.0341228445755293e25	3641.438429378551	13385.196493814547
0.2845424005916066	9203.391011413718	2.0359398832771305e25	3777.492134096703	13391.11649182758
0.294704629184164	9176.74546303282	2.037764805031276e25	3913.6048192789963	13396.805070048249
0.3048668577767214	9150.356608915537	2.0395975190226302e25	4049.774157521302	13402.267031429654
0.3150290863692788	9124.239509983512	2.0414379363106438e25	4185.997870629497	13407.507256392379
0.3251913149618362	9098.409313533137	2.0432859696702034e25	4322.27373039602	13412.530703743345
0.33535354355439356	9072.881208549925	2.04514153344598e25	4458.599559398483	13417.342407867454
0.34551577214695095	9047.670377614082	2.0470045434265244e25	4594.973231737824	13421.947474216322
0.35567800073950834	9022.79194257155	2.0488749167286117e25	4731.392673742234	13426.35107646242
0.3658402293320657	8998.260908956468	2.0507525716896645e25	4867.85586464767	13430.558452369349
0.37600245792462306	8974.092105696694	2.052637427789511e25	5004.360837224408	13434.574898136692
0.38616468651718044	8950.300122434404	2.0545294055712994e25	5140.905678322891	13438.405761696964
0.39632691510973783	8926.899242585867	2.0564284265769146e25	5277.488529391529	13442.056437218553
0.4064891437022952	8903.90337825468	2.058334413298323e25	5414.107586894705	13445.532357128115
0.4166513722948526	8881.326000968586	2.06024728913979e25	5550.761102657799	13448.838983822716
0.42681360088741	8859.180069442398	2.0621669783884067e25	5687.447384126651	13451.9818008865
0.4369758294799674	8837.477959111005	2.064093406194899e25	5824.164794555366	13454.96630460949
0.4471380580725247	8816.231392763219	2.0660264985710842e25	5960.911753070171	13457.797993915656
0.4573002866650821	8795.451372253801	2.0679661823864697e25	6097.686734648391	13460.482360085976
0.4674625152576395	8775.148112619612	2.069912385384686e25	6234.488269985914	13463.024875752757
0.4776247438501969	8755.330978641308	2.0718650361978375e25	6371.314945256624	13465.430984738947
0.48778697244275426	8736.00842551932	2.073824064375372e25	6508.165401761587	13467.706091228843
0.49794920103531165	8717.187945282229	2.0757894004168247e25	6645.038335469713	13469.855548080217
0.508111429627869	8698.876017635486	2.07776097581481e25	6781.932496442541	13471.884646336173
0.5182736582204264	8681.078068054087	2.0797387230903568e25	6918.846688149264	13473.798604444855
0.5284358868129838	8663.798432014239	2.0817225758522375e25	7055.779766680337	13475.602558245788
0.5385981154055411	8647.040328270323	2.083712468841999e25	7192.730639851403	13477.301550386814
0.5487603439980986	8631.012103945695	2.085708326761218e25	7329.698180754152	13478.880493613751
0.5589225725906559	8615.40653869873	2.0877100734761867e25	7466.6813012942575	13480.37497751588
0.5690848011832133	8600.114672620486	2.0897176719819615e25	7603.679245674773	13481.798836573702
0.5792470297757707	8585.111616857079	2.091731090771421e25	7740.691322528268	13483.15713859451
0.589409258368328	8570.375761380792	2.093750302079807e25	7877.716888677463	13484.454320588464
0.5995714869608855	8555.888182358714	2.0957752814111074e25	8014.755343310113	13485.69429957659
0.6097337155534428	8541.632183382002	2.0978060071499814e25	8151.806123147423	13486.88055787629
0.6198959441460002	8527.592934717648	2.0998424602330703e25	8288.868698382477	13488.016210765049
0.6300581727385576	8513.757184991915	2.101884623885492e25	8425.942569238043	13489.104060973916
0.640220401331115	8500.113029346801	2.103932483380831e25	8563.027263019303	13490.146642838501
0.6503826299236724	8486.64972015532	2.1059860258409654e25	8700.12233157973	13491.14625851992
0.6605448585162297	8473.357510909607	2.1080452400718223e25	8837.227349118057	13492.10500816337
0.6707070871087871	8460.22752696813	2.110110116412587e25	8974.341910256555	13493.024814849694
0.6808693157013445	8447.251657499715	2.1121806465980632e25	9111.465628348813	13493.907445312992
0.6910315442939019	8434.422463851592	2.1142568236569964e25	9248.598133987947	13494.75452829163
0.7011937728864592	8421.733102082326	2.1163386417987624e25	9385.739073683044	13495.567569997844
0.7113560014790167	8409.177256711591	2.1184260963380186e25	9522.888108682871	13496.347966997157
0.721518230071574	8396.749084035006	2.1205191835999113e25	9660.044913920143	13497.09701752348
0.7316804586641315	8384.443162893924	2.122617900860526e25	9797.209177062668	13497.815931310317
0.7418426872566888	8372.254452051731	2.1247222462797947e25	9934.380597658675	13498.505838165342
0.7520049158492461	8360.178253110122	2.1268322188422587e25	10071.558886364402	13499.167795433157
0.7621671444418036	8348.210177850693	2.1289478183063515e25	10208.743764239915	13499.802794639847
0.7723293730343609	8336.346119752205	2.1310690451611847e25	10345.934962114625	13500.41176729827
0.7824916016269183	8324.582228614629	2.133195900579038e25	10483.132219998315	13500.995589977418
0.7926538302194757	8312.914888469002	2.1353283863805918e25	10620.335286549249	13501.5550887003
0.8028160588120331	8301.340697260077	2.137466504997877e25	10757.543918582895	13502.09104351273
0.8129782874045904	8289.85644938273	2.139610259436833e25	10894.757880622721	13502.60419197822
0.8231405159971478	8278.459119664993	2.1417596532619584e25	11031.976944485688	13503.09523244417
0.8333027445897052	8267.145849332715	2.143914690550342e25	11169.200888898396	13503.564826999882
0.8434649731822625	8255.913933038002	2.1460753758868934e25	11306.42949914483	13504.013604160908
0.85362720177482	8244.760807435881	2.1482417143187204e25	11443.662566733508	13504.442161286424
0.8637894303673773	8233.684040604396	2.150413711357229e25	11580.899889095905	13504.851066786492
0.8739516589599348	8222.681322804148	2.1525913729386736e25	11718.14126930092	13505.240862105371
0.8841138875524921	8211.750457724691	2.1547747054168775e25	11855.38651579022	13505.612063543558
0.8942761161450494	8200.88935468844	2.1569637155475834e25	11992.635442131967	13505.965163936722
0.9044383447376069	8190.096021691709	2.1591584104604397e25	12129.887866789282	13506.300634016348
0.9146005733301642	8179.368558694302	2.161358797660412e25	12267.143612903028	13506.618923930553
0.9247628019227216	8168.705151759864	2.163564884999705e25	12404.4025080897	13506.920464592955
0.934925030515279	8158.104067468194	2.1657766806803493e25	12541.664384251928	13507.205668816112
0.9450872591078364	8147.5636480158755	2.1679941932303595e25	12678.929077399765	13507.474932372781
0.9552494877003938	8137.082306582602	2.1702174314863595e25	12816.196427483916	13507.72863499968
0.9654117162929512	8126.658523024076	2.172446404609078e25	12953.46627823506	13507.967141323503
0.9755739448855085	8116.29084000869	2.1746811220446325e25	13090.738477017643	13508.190801715364
0.9857361734780659	8105.977859216028	2.1769215935287654e25	13228.012874686105	13508.399953087894
0.9958984020706233	8095.718238218971	2.179167829082236e25	13365.28932545464	13508.59491962669
1.0060606306631807	8085.510687034008	2.181419839006728e25	13502.567686770015	13508.776013486839
1.016222859255738	8075.35396563176	2.183677633845871e25	13639.847819192024	13508.94353542313
1.0263850878482954	8065.246880937121	2.1859412244159203e25	13777.129586281322	13509.097775339833
1.0365473164408527	8055.188284374645	2.1882106217908037e25	13914.412854491737	13509.239012803313
1.0467095450334103	8045.17706973986	2.1904858372675144e25	14051.697493070458	13509.367517675164
1.0568717736259676	8035.212170660987	2.1927668823974516e25	14188.98337395623	13509.483550584877
1.067034002218525	8025.292558900115	2.195053768964202e25	14326.270371693276	13509.58736335207
1.0771962308110823	8015.417242215774	2.1973465089697023e25	14463.558363341792	13509.679199411501
1.0873584594036396	8005.585262640807	2.1996451146559736e25	14600.847228394596	13509.75929421049
1.0975206879961972	7995.795695028635	2.201949598459665e25	14738.136848698268	13509.827875589026
1.1076829165887545	7986.047645179086	2.2042599730441596e25	14875.427108376565	13509.88516412345
1.1178451451813118	7976.340248497053	2.2065762512823594e25	15012.717893762345	13509.931373431138
1.1280073737738692	7966.672668695876	2.2088984462481963e25	15150.009093321822	13509.966710522365
1.1381696023664265	7957.044096459521	2.211226571216738e25	15287.300597594225	13509.99137607758
1.148331830958984	7947.453747956295	2.213560639673507e25	15424.592299126994	13510.005564726092
1.1584940595515414	7937.900864161317	2.2159006652758995e25	15561.884092415623	13510.009465293986
1.1686562881440987	7928.384709484102	2.2182466618874006e25	15699.175873846118	13510.003261030864
1.178818516736656	7918.904570783987	2.2205986435554442e25	15836.467541639453	13509.987129856607
1.1889807453292136	7909.459756437793	2.222956624511624e25	15973.758995797923	13509.961244592938
1.199142973921771	7900.049595301983	2.2253206191791294e25	16111.05013805589	13509.925773186591
1.2093052025143283	7890.673436191219	2.227690642143412e25	16248.340871830153	13509.880878894626
1.2194674311068856	7881.330646542574	2.230066708185918e25	16385.631102173687	13509.826720466357
1.229629659699443	7872.020612143864	2.232448832242921e25	16522.920735730473	13509.763452322983
1.2397918882920005	7862.742736015326	2.2348370294508633e25	16660.20968069248	13509.69122473037
1.2499541168845578	7853.496438085082	2.2372313150843675e25	16797.497846757982	13509.610183961546
1.2601163454771152	7844.281154232149	2.2396317046130988e25	16934.78514509248	13509.520472402857
1.2702785740696725	7835.096335725897	2.242038213659861e25	17072.07148828941	13509.422228756628
1.28044080266223	7825.941448705617	2.2444508580133537e25	17209.356790332768	13509.315588159101
1.2906030312547874	7816.81597351908	2.246869653637476e25	17346.640966563144	13509.20068231128
1.3007652598473447	7807.719404377438	2.249294616635258e25	17483.923933642818	13509.077639603982
1.310927488439902	7798.651248555779	2.2517257632978075e25	17621.20560952166	13508.946585235912
1.3210897170324594	7789.6110262148995	2.254163110048063e25	17758.4859134054	13508.807641252468
1.331251945625017	7780.598269623379	2.256606673495852e25	17895.76476572615	13508.660926773422
1.3414141742175743	7771.61252305763	2.259056470371844e25	18033.042088111848	13508.506558057685
1.3515764028101316	7762.653342016363	2.2615125175944506e25	18170.317803357066	13508.344648589591
1.361738631402689	7753.7202931456095	2.2639748322080514e25	18307.59183539587	13508.1753091872
1.3719008599952465	7744.812953603102	2.26644343143233e25	18444.86410927606	13507.998648083836
1.3820630885878038	7735.930910856645	2.2689183326271728e25	18582.134551132076	13507.814770978577
1.3922253171803611	7727.073762279154	2.2713995533127378e25	18719.40308815985	13507.623781173248
1.4023875457729185	7718.241114777353	2.273887111137823e25	18856.66964859313	13507.42577963088
1.4125497743654758	7709.43258446685	2.276381023927053e25	18993.93416168181	13507.220865051251
1.4227120029580334	7700.647796492147	2.2788813096297283e25	19131.19655766467	13507.009133965885
1.4328742315505907	7691.886384504879	2.281387986363496e25	19268.456767753425	13506.790680746923
1.443036460143148	7683.147990690375	2.283901072372951e25	19405.714724105834	13506.565597722887
1.4531986887357053	7674.432265212119	2.2864205860686384e25	19542.970359810388	13506.33397522743
1.463360917328263	7665.7388661162295	2.288946545985624e25	19680.223608860684	13506.095901642651
1.4735231459208202	7657.067458986394	2.291478970826348e25	19817.47440614203	13505.851463468141
1.4836853745133776	7648.41771684291	2.2940178794137212e25	19954.72268740613	13505.600745426933
1.493847603105935	7639.789319712481	2.296563290740213e25	20091.968389260084	13505.343830452308
1.5040098316984922	7631.181954552476	2.2991152239145557e25	20229.21144914191	13505.080799788191
1.5141720602910498	7622.595315053797	2.301673698217561e25	20366.4518053101	13504.811733023582
1.5243342888836071	7614.029101389636	2.304238733042237e25	20503.68939682033	13504.536708145246
1.5344965174761644	7605.483019947613	2.3068103479561128e25	20640.92416351606	13504.25580158419
1.5446587460687218	7596.956783359188	2.3093885626352188e25	20778.15604600652	13503.969088219646
1.554820974661279	7588.450110015517	2.3119733969325142e25	20915.384985657223	13503.676641473367
1.5649832032538367	7579.962724194513	2.314564870806221e25	21052.61092457028	13503.378533340623
1.575145431846394	7571.494355628485	2.3171630043934517e25	21189.83380557424	13503.074834425594
1.5853076604389513	7563.044739616196	2.3197678179341513e25	21327.05357220651	13502.765613996757
1.5954698890315087	7554.613616599151	2.3223793318484783e25	21464.27016870287	13502.450939960347
1.6056321176240662	7546.200732298147	2.3249975666580352e25	21601.48353998202	13502.130878971448
1.6157943462166235	7537.80583720554	2.327622543066987e25	21738.693631633996	13501.805496433892
1.6259565748091809	7529.428686796931	2.3302542818870543e25	21875.90038990738	13501.474856552994
1.6361188034017382	7521.069041244123	2.3328928040785952e25	22013.10376169677	13501.139022362091
1.6462810319942955	7512.726665249312	2.335538130753088e25	22150.303694531944	13500.798055709749
1.656443260586853	7504.401327997944	2.338190283147379e25	22287.500136564784	13500.452017349688
1.6666054891794104	7496.092802931329	2.340849282657639e25	22424.693036560384	13500.100966947211
1.6767677177719678	7487.800867841759	2.3435151507994397e25	22561.882343883026	13499.74496312266
1.686929946364525	7479.525304500341	2.346187909253387e25	22699.068008489252	13499.384063451887
1.6970921749570826	7471.265898862779	2.348867579814634e25	22836.24998091273	13499.018324303095
1.70725440354964	7463.0224406130155	2.351554184453134e25	22973.428212257193	13498.647801139174
1.7174166321421973	7454.794723321338	2.3542477452432307e25	23110.602654183334	13498.272548528063
1.7275788607347546	7446.582544185165	2.356948284425206e25	23247.77325890407	13497.89262013273
1.737741089327312	7438.385704052325	2.359655824368276e25	23384.939979170395	13497.508068677975
1.7479033179198695	7430.204007240995	2.3623703875921914e25	23522.10276826692	13497.11894599241
1.7580655465124269	7422.037261405941	2.365091996764447e25	23659.261579998343	13496.725303042795
1.7682277751049842	7413.885277774583	2.367820674667329e25	23796.41636868524	13496.327189961321
1.7783900036975415	7405.747870593721	2.370556444259661e25	23933.567089152315	13495.92465606428
1.7885522322900989	7397.624857436208	2.373299328619076e25	24070.713696720246	13495.517749822815
1.7987144608826564	7389.516058850866	2.3760493509717748e25	24207.856147199633	13495.106518932804
1.8088766894752137	7381.421298492718	2.3788065347024054e25	24344.994396882248	13494.691010328237
1.819038918067771	7373.340402964065	2.381570903306976e25	24482.128402531944	13494.271270199593
1.8292011466603284	7365.273201660235	2.384342480468182e25	24619.25812137782	13493.847344001791
1.839363375252886	7357.219526857666	2.3871212899697927e25	24756.38351110859	13493.419276447148
1.8495256038454433	7349.1792135751	2.3899073557748473e25	24893.50452986347	13492.987111565664
1.8596878324380006	7341.15209943605	2.392700701972762e25	25030.621136224687	13492.550892700481
1.869850061030558	7333.13802480198	2.395501352795868e25	25167.733289212032	13492.11066254899
1.8800122896231153	7325.13683245095	2.398309332646182e25	25304.840948276626	13491.66646312125
1.8901745182156728	7317.148367830699	2.401124666032641e25	25441.94407329244	13491.218335798432
1.9003367468082302	7309.172478569924	2.4039473776576016e25	25579.042624550282	13490.766321331426
1.9104989754007875	7301.209014953941	2.406777492327234e25	25716.136562753025	13490.310459879945
1.9206612039933448	7293.257829417825	2.4096150350254404e25	25853.225849008773	13489.85079101386
1.9308234325859024	7285.318776766701	2.412460030874234e25	25990.31044482348	13489.387353659053
1.9409856611784597	7277.391714005822	2.4153125051308543e25	26127.39031209567	13488.920186090223
1.951147889771017	7269.476500338616	2.418172483235595e25	26264.465413110713	13488.449326030619
1.9613101183635744	7261.572997131315	2.4210399907330255e25	26401.535710534652	13487.974810747988
1.9714723469561317	7253.681067732489	2.4239150533648664e25	26538.601167408513	13487.496676944886
1.9816345755486893	7245.8005775697475	2.4267976969857034e25	26675.661747144364	13487.014960792192
1.9917968041412466	7237.931394119375	2.4296879476212963e25	26812.717413519786	13486.529697957974
2.001959032733804	7230.073386674164	2.4325858314568474e25	26949.76813067162	13486.040923599865
2.0121212613263615	7222.226426592784	2.4354913748034367e25	27086.81386309084	13485.548672404435
2.0222834899189186	7214.390387046838	2.438404604138284e25	27223.854575619498	13485.052978531443
2.032445718511476	7206.565142991356	2.4413255461078036e25	27360.89023344419	13484.553875682464
2.0426079471040333	7198.750571244305	2.4442542274749655e25	27497.92080209145	13484.051397099642
2.052770175696591	7190.946550273695	2.4471906752067495e25	27634.94624742272	13483.54557557617
2.0629324042891484	7183.152960405511	2.4501349163812943e25	27771.96653563112	13483.036443447327
2.0730946328817055	7175.3696835185865	2.4530869782581175e25	27908.98163323619	13482.524032598947
2.083256861474263	7167.596603222807	2.4560468882550195e25	28045.991507079296	13482.008374502211
2.0934190900668206	7159.833604740525	2.4590146739192306e25	28182.996124318837	13481.48950021227
2.1035813186593777	7152.080574795746	2.4619903630019906e25	28319.99545242705	13480.967440375853
2.1137435472519353	7144.337401690339	2.464973983382568e25	28456.98945918592	13480.442225205421
2.1239057758444924	7136.603975387767	2.4679655630855427e25	28593.978112682333	13479.913884544341
2.13406800443705	7128.880187098294	2.4709651303387877e25	28730.961381304056	13479.382447832342
2.1442302330296075	7121.165929688708	2.47397271349367e25	28867.93923373602	13478.847944156223
2.1543924616221646	7113.461097385928	2.47698834107773e25	29004.9116389575	13478.31040219956
2.164554690214722	7105.7655857832915	2.4800120417955756e25	29141.878566237097	13477.769850280893
2.1747169188072792	7098.079291918161	2.4830438444766334e25	29278.83998512935	13477.22631637103
2.184879147399837	7090.402114081882	2.4860837781648484e25	29415.795865470667	13476.67982806931
2.1950413759923944	7082.733952001605	2.489131872039211e25	29552.7461773765	13476.130412552535
2.2052036045849515	7075.074706688214	2.492188155428692e25	29689.690891236747	13475.578096688041
2.215365833177509	7067.42428037974	2.4952526578678966e25	29826.62997771274	13475.022907035967
2.225528061770066	7059.782576559926	2.4983254090315607e25	29963.563407733607	13474.46486983652
2.2356902903626237	7052.14949999753	2.501406438762144e25	30100.49115249396	13473.904011025075
2.2458525189551812	7044.524956516468	2.50449577710047e25	30237.413183450466	13473.340356177614
2.2560147475477383	7036.908853332043	2.507593454214028e25	30374.329472317502	13472.77393058497
2.266176976140296	7029.301098628243	2.5106995004790965e25	30511.23999106596	13472.20475922162
2.276339204732853	7021.701601785781	2.513813946432974e25	30648.144711918052	13471.6328667748
2.2865014333254106	7014.110273382677	2.516936822760766e25	30785.04360734559	13471.058277635333
2.296663661917968	7006.527024973809	2.520068160354875e25	30921.936650066775	13470.481015882215
2.3068258905105252	6998.951769253107	2.523207990272357e25	31058.823813043058	13469.90110532523
2.3169881191030828	6991.384419995125	2.526356343718471e25	31195.705069476815	13469.318569497758
2.3271503476956403	6983.824891907273	2.52951325212278e25	31332.580392807584	13468.73343166602
2.3373125762881974	6976.273100815607	2.5326787470560105e25	31469.449756710157	13468.145714798815
2.347474804880755	6968.728963497424	2.535852860269719e25	31606.313135091375	13467.555441612827
2.357637033473312	6961.192397706877	2.539035623724697e25	31743.17050208813	13466.962634564481
2.3677992620658697	6953.663322196274	2.5422270695243024e25	31880.021832063252	13466.367315866868
2.377961490658427	6946.141656668479	2.5454272299648966e25	32016.867099604762	13465.76950746696
2.3881237192509843	6938.627321691066	2.5486361375480543e25	32153.70627952227	13465.169231054379
2.398285947843542	6931.120238817118	2.5518538249213717e25	32290.539346844107	13464.566508088596
2.408448176436099	6923.620330474359	2.555080324935341e25	32427.366276816352	13463.96135979142
2.4186104050286565	6916.127519912623	2.55831567064096e25	32564.18704489891	13463.353807151972
2.428772633621214	6908.641731378215	2.5615598952396076e25	32701.00162676359	13462.743870914068
2.438934862213771	6901.162889885433	2.5648130321451316e25	32837.809998292636	13462.131571597614
2.4490970908063288	6893.690921253647	2.5680751149671823e25	32974.612135574935	13461.516929472478
2.459259319398886	6886.225752258096	2.5713461774707908e25	33111.40801490407	13460.899964573679
2.4694215479914434	6878.767310356406	2.574626253641921e25	33248.19761277687	13460.280696733733
2.479583776584001	6871.315523855768	2.577915377660563e25	33384.98090589008	13459.659145580172
2.489746005176558	6863.870321828726	2.5812135838739355e25	33521.75787113883	13459.035330534836
2.4999082337691156	6856.431634179619	2.58452090682784e25	33658.52848561474	13458.409270821876
2.510070462361673	6848.999391449471	2.5878373812966553e25	33795.29272660403	13457.780985453517
2.5202326909542303	6841.573525001758	2.591163042216385e25	33932.05057158468	13457.150493228346
2.530394919546788	6834.153967008752	2.594497924709613e25	34068.80199822495	13456.517812765464
2.540557148139345	6826.7406501753385	2.5978420641471736e25	34205.546984380955	13455.882962474401
2.5507193767319025	6819.333508088618	2.601195496049965e25	34342.28550809526	13455.245960599774
2.56088160532446	6811.9324749235175	2.604558256161602e25	34479.0175475949	13454.6068251667
2.571043833917017	6804.537485569213	2.6079303804449577e25	34615.743081289	13453.96557402272
2.5812060625095747	6797.148475594058	2.611311905037602e25	34752.46208776728	13453.32222483687
2.591368291102132	6789.765381287814	2.6147028662714757e25	34889.17454579782	13452.6767951085
2.6015305196946894	6782.388139485024	2.61810330073453e25	35025.880434325656	13452.02930215053
2.611692748287247	6775.016687698432	2.621513245184598e25	35162.57973247107	13451.379763088707
2.621854976879804	6767.6509641785815	2.624932736574108e25	35299.27241952756	13450.728194896597
2.6320172054723616	6760.290907645141	2.628361812103698e25	35435.95847496026	13450.074614366056
2.6421794340649187	6752.936457496618	2.6318005091659515e25	35572.63787840383	13449.419038139247
2.6523416626574763	6745.587553810142	2.6352488653455508e25	35709.31060966123	13448.761482680853
2.662503891250034	6738.244137068691	2.6387069184916656e25	35845.97664870198	13448.101964282752
2.672666119842591	6730.906148499063	2.6421747066320016e25	35982.63597566053	13447.440499095457
2.6828283484351485	6723.5735298958625	2.6456522679934876e25	36119.28857083477	13446.77710311654
2.6929905770277056	6716.246223519715	2.649139641064147e25	36255.934414684	13446.11179218183
2.703152805620263	6708.9241722675015	2.652636864534962e25	36392.573487827736	13445.444581969754
2.7133150342128207	6701.607319563987	2.6561439772973844e25	36529.205771044	13444.775487991703
2.723477262805378	6694.295609427176	2.659661018473723e25	36665.83124526767	13444.10452560593
2.7336394913979354	6686.9889863040635	2.663188027438308e25	36802.44989158922	13443.43171003104
2.743801719990493	6679.687395269318	2.6667250437368886e25	36939.06169125259	13442.75705635312
2.75396394858305	6672.390781852507	2.670272107192355e25	37075.66662565487	13442.080579510426
2.7641261771756076	6665.099092062043	2.6738292578404375e25	37212.26467634392	13441.40229430262
2.7742884057681647	6657.812272455336	2.6773965359325646e25	37348.855825017345	13440.722215398067
2.7844506343607223	6650.530270128371	2.6809739819344357e25	37485.44005352113	13440.040357340038
2.79461286295328	6643.253032558953	2.6845616365901883e25	37622.017343848245	13439.356734507865
2.804775091545837	6635.980507779551	2.6881595408527155e25	37758.58767813731	13438.671361166362
2.8149373201383945	6628.71264429997	2.6917677358839082e25	37895.15103867124	13437.984251451206
2.8250995487309516	6621.449391002007	2.695386263133499e25	38031.70740787584	13437.295419367101
2.835261777323509	6614.190697292346	2.699015164263479e25	38168.25676831855	13436.604878791248
2.8454240059160667	6606.936513104502	2.7026544811490965e25	38304.79910270727	13435.912643477383
2.855586234508624	6599.68678865219	2.7063042559579537e25	38441.334393889105	13435.218727046362
2.8657484631011814	6592.441474657488	2.70996453107845e25	38577.8626248489	13434.523143004812
2.8759106916937385	6585.200522301467	2.7136353491328058e25	38714.38377870811	13433.825904751697
2.886072920286296	6577.963883226587	2.71731675297357e25	38850.89783872373	13433.127025552929
2.8962351488788536	6570.731509403897	2.7210087857507824e25	38987.40478828706	13432.426518555387
2.9063973774714107	6563.503353234953	2.724711490831876e25	39123.9046109224	13431.724396794794
2.9165596060639682	6556.279367600709	2.7284249118133596e25	39260.397290285946	13431.020673202785
2.926721834656526	6549.059505669147	2.7321490925987534e25	39396.88281016469	13430.31536059297
2.936884063249083	6541.843721077148	2.7358840773130236e25	39533.361154475184	13429.60847165906
2.9470462918416405	6534.63196791211	2.739629910315049e25	39669.8323072627	13428.900019001
2.9572085204341976	6527.424200483747	2.743386636274516e25	39806.29625269982	13428.190015096074
2.967370749026755	6520.220373565297	2.74715430009395e25	39942.75297508539	13427.478472328572
2.9775329776193127	6513.0204423255045	2.750932946928541e25	40079.20245884357	13426.765402979361
2.98769520621187	6505.824362356716	2.754722622179821e25	40215.64468852274	13426.050819199752
2.9978574348044273	6498.632089449848	2.758523371568632e25	40352.079648794286	13425.334733029877
3.0080196633969845	6491.443579861197	2.7623352410436047e25	40488.50732445135	13424.617156427008
3.018181891989542	6484.258790232336	2.7661582768040365e25	40624.9277004082	13423.898101267014
3.0283441205820996	6477.077677444424	2.7699925253747567e25	40761.34076169921	13423.177579305571
3.0385063491746567	6469.900198800345	2.773838033520791e25	40897.74649347778	13422.455602207943
3.0486685777672142	6462.726311906389	2.7776948482740573e25	41034.1448810154	13421.73218154398
3.0588308063597713	6455.555974762976	2.7815630169273076e25	41170.53590970061	13421.007328795515
3.068993034952329	6448.389145584589	2.785442587106715e25	41306.91956503815	13420.281055346833
3.0791552635448864	6441.225783003966	2.7893336066742644e25	41443.29583264791	13419.553372485863
3.0893174921374436	6434.065846010423	2.793236123759758e25	41579.66469826411	13418.824291416719
3.099479720730001	6426.909293753675	2.797150186832729e25	41716.02614773447	13418.093823240139
3.109641949322558	6419.756085790666	2.8010758446139e25	41852.380167018935	13417.361978978297
3.1198041779151158	6412.606181990113	2.8050131461075967e25	41988.72674218906	13416.628769574141
3.1299664065076733	6405.459542558649	2.8089621405891576e25	42125.0658594271	13415.894205872033
3.1401286351002304	6398.316127909038	2.8129228776730615e25	42261.397505025096	13415.158298627588
3.150290863692788	6391.175898800695	2.8168954072485585e25	42397.72166538406	13414.421058518665
3.1604530922853455	6384.038816316351	2.820879779467601e25	42534.03832701304	13413.682496143618
3.1706153208779027	6376.904841749214	2.824876044819456e25	42670.347476528346	13412.942622018543
3.18077754947046	6369.773936680012	2.828884254098231e25	42806.649100652634	13412.201446562665
3.1909397780630173	6362.646063044631	2.832904458357698e25	42942.943186214165	13411.458980129959
3.201102006655575	6355.521183012046	2.8369367089776793e25	43079.22972014599	13410.715232991677
3.2112642352481324	6348.399258977782	2.8409810576727797e25	43215.50868948512	13409.97021533645
3.2214264638406895	6341.280253664841	2.845037556432946e25	43351.78008137178	13409.223937289138
3.231588692433247	6334.164130037862	2.8491062575537974e25	43488.0438830486	13408.476408881448
3.241750921025804	6327.050851361592	2.853187213637523e25	43624.30008185985	13407.727640080084
3.2519131496183618	6319.940381052163	2.857280477653795e25	43760.54866525069	13406.977640766274
3.2620753782109193	6312.832682873537	2.861386102840912e25	43896.78962076627	13406.226420750681
3.2722376068034764	6305.727720865364	2.865504142752128e25	44033.02293605005	13405.473989764672
3.282399835396034	6298.62545921416	2.8696346512984846e25	44169.24859884702	13404.72035746203
3.292562063988591	6291.525862389515	2.873777682702955e25	44305.46659699684	13403.965533433857
3.3027242925811486	6284.428895117152	2.8779332915056577e25	44441.676918437384	13403.209527204586
3.312886521173706	6277.33452241123	2.8821015325491853e25	44577.879551203085	13402.452348234587
3.3230487497662633	6270.242709400716	2.8862824610666254e25	44714.07448342387	13401.694005907295
3.333210978358821	6263.153421506374	2.8904761325958875e25	44850.26170332496	13400.934509537798
3.343373206951378	6256.066624422523	2.894682602985383e25	44986.44119922561	13400.17386837768
3.3535354355439355	6248.982284002694	2.898901928457715e25	45122.612959539096	13399.412091608032
3.363697664136493	6241.900366312563	2.9031341655783317e25	45258.77697277131	13398.649188343457
3.37385989272905	6234.820837665993	2.9073793712421016e25	45394.933227520756	13397.885167639317
3.3840221213216077	6227.7436646395345	2.911637602669396e25	45531.081712477324	13397.120038491035
3.3941843499141653	6220.668813951475	2.9159089174521273e25	45667.22241642227	13396.353809816232
3.4043465785067224	6213.596252539572	2.9201933735542e25	45803.35532822706	13395.586490475353
3.41450880709928	6206.525947548443	2.9244910292647155e25	45939.48043685274	13394.818089267008
3.424671035691837	6199.457866404253	2.928801943210307e25	46075.597731349604	13394.048614937092
3.4348332642843946	6192.391976645373	2.933126174414272e25	46211.7072008567	13393.278076167355
3.444995492876952	6185.328246022082	2.937463782262908e25	46347.80883460057	13392.506481568034
3.4551577214695093	6178.266642482793	2.941814826486867e25	46483.90262189506	13391.733839696457
3.465319950062067	6171.2071342302925	2.9461793671681764e25	46619.98855214104	13390.960159058362
3.475482178654624	6164.149689619642	2.950557464785645e25	46756.06661482521	13390.185448097545
3.4856444072471815	6157.094277144996	2.9549491802068024e25	46892.136799519896	13389.409715198202
3.495806635839739	6150.040865570274	2.9593545746212715e25	47028.19909588224	13388.632968693768
3.505968864432296	6142.989423796784	2.963773709634572e25	47164.25349365383	13387.855216853364
3.5161310930248537	6135.939920878007	2.968206647248678e25	47300.299982659984	13387.076467890944
3.526293321617411	6128.892326109981	2.972653449820828e25	47436.33855280926	13386.296729973894
3.5364555502099684	6121.8466089774065	2.9771141800761266e25	47572.369194093	13385.51601121052
3.546617778802526	6114.802739080559	2.9815889011643204e25	47708.391896584464	13384.734319630401
3.556780007395083	6107.760686189333	2.986077676638178e25	47844.40665043818	13383.951663213187
3.5669422359876406	6100.720420281043	2.9905805704192476e25	47980.41344588967	13383.168049903512
3.5771044645801977	6093.681911534928	2.995097646808042e25	48116.41227325494	13382.383487600498
3.5872666931727553	6086.645130245172	2.9996289705452105e25	48252.40312293005	13381.597984145974
3.597428921765313	6079.61004683603	3.004174606782961e25	48388.38598539044	13380.811547328274
3.60759115035787	6072.576631934789	3.0087346210553115e25	48524.3608511904	13380.024184892322
3.6177533789504275	6065.544856374047	3.0133090792870357e25	48660.32771096272	13379.235904530617
3.627915607542985	6058.514691072326	3.017898047858671e25	48796.28655541805	13378.44671388285
3.638077836135542	6051.486107115551	3.022501593570491e25	48932.23737534451	13377.656620541644
3.6482400647280997	6044.459075754875	3.0271197836185498e25	49068.18016160715	13376.865632053108
3.658402293320657	6037.433568435493	3.0317526855995183e25	49204.11490514743	13376.073755922262
3.6685645219132144	6030.409556667415	3.0364003675948445e25	49340.041596982795	13375.28099959774
3.678726750505772	6023.387012140927	3.0410628980965913e25	49475.96022820614	13374.487370479968
3.688888979098329	6016.3659067200815	3.0457403460203217e25	49611.87078998539	13373.69287593003
3.6990512076908866	6009.346212385436	3.0504327807127417e25	49747.77327356281	13372.897523260643
3.7092134362834437	6002.327901310335	3.0551402719463385e25	49883.66767025539	13372.101319745529
3.7193756648760012	5995.310945721529	3.0598628899873544e25	50019.55397145334	13371.304272605521
3.729537893468559	5988.295318011137	3.0646007055314234e25	50155.43216861999	13370.506389021262
3.739700122061116	5981.280990761466	3.069353789689951e25	50291.30225329136	13369.707676130385
3.7498623506536735	5974.267936663839	3.074122214044379e25	50427.16421707584	13368.90814102814
3.7600245792462306	5967.256128469721	3.0789060506822564e25	50563.01805165385	13368.1077907591
3.770186807838788	5960.245539133724	3.0837053721065934e25	50698.86374877728	13367.306632334134
3.7803490364313457	5953.236141731832	3.0885202512897003e25	50834.70130026897	13366.504672721867
3.790511265023903	5946.227909497122	3.093350761652721e25	50970.53069802236	13365.701918856963
3.8006734936164603	5939.22081572817	3.098196977126016e25	51106.35193400085	13364.898377618429
3.810835722209018	5932.214833838149	3.1030589721246983e25	51242.16500023784	13364.094055847916
3.820997950801575	5925.209937434852	3.107936821495953e25	51377.96988883596	13363.288960355854
3.8311601793941326	5918.206100224748	3.1128306005847543e25	51513.7665919669	13362.483097910967
3.8413224079866897	5911.20329595558	3.1177403852757077e25	51649.555101870945	13361.6764752342
3.8514846365792472	5904.201498564598	3.122666251897364e25	51785.335410856474	13360.869099018633
3.8616468651718048	5897.200682100286	3.127608277276411e25	51921.10751129971	13360.060975915909
3.871809093764362	5890.200820760467	3.13256653871502e25	52056.87139564427	13359.25211254308
3.8819713223569194	5883.20188876426	3.1375411140807675e25	52192.627056400815	13358.442515471183
3.8921335509494766	5876.203860488733	3.1425320817243197e25	52328.37448614656	13357.632191240089
3.902295779542034	5869.206710423422	3.147539520493233e25	52464.11367752506	13356.82114635385
3.9124580081345917	5862.210413186892	3.1525635097350582e25	52599.84462324574	13356.009387283179
3.9226202367271488	5855.214943481719	3.157604129340369e25	52735.56731608357	13355.196920463663
3.9327824653197063	5848.220276063707	3.1626614597565048e25	52871.28174887873	13354.383752284246
3.9429446939122634	5841.226385858899	3.1677355819144e25	53006.987914536185	13353.56988911368
3.953106922504821	5834.233247895771	3.172826577280226e25	53142.685806025416	13352.755337256829
3.9632691510973785	5827.2408373403805	3.1779345278413685e25	53278.37541637955	13351.940102921568
3.9734313796899356	5820.249129374989	3.1830595161914558e25	53414.05673869437	13351.124192269679
3.983593608282493	5813.25809931626	3.188201625425251e25	53549.729766128556	13350.30761151335
3.9937558368750503	5806.2677226193055	3.193360939159345e25	53685.39449190376	13349.490366833195
4.003918065467608	5799.277974760015	3.1985375416188085e25	53821.05090930424	13348.672464361885
4.014080294060165	5792.288831310291	3.203731517586057e25	53956.69901167638	13347.853910200838
4.024242522652723	5785.3002679704705	3.2089429523820486e25	54092.33879242843	13347.034710423266
4.03440475124528	5778.3122605478065	3.2141719318846355e25	54227.970245030185	13346.214871071727
4.044566979837837	5771.324784935205	3.2194185425478037e25	54363.593363012704	13345.394398156015
4.054729208430395	5764.337817035317	3.224682871460498e25	54499.20813996795	13344.573297644683
4.064891437022952	5757.351332907936	3.229965006244597e25	54634.81456954843	13343.75157548448
4.07505366561551	5750.365308694582	3.235265035112289e25	54770.412645466844	13342.929237588536
4.0852158942080665	5743.379720658157	3.240583046842092e25	54906.00236149598	13342.106289842008
4.095378122800624	5736.394545053254	3.2459191308743375e25	55041.58371146798	13341.282738090109
4.105540351393182	5729.409758267275	3.2512733772257094e25	55177.15668927447	13340.458588153568
4.115702579985739	5722.425336756647	3.2566458765101597e25	55312.72128886599	13339.633845821665
4.125864808578297	5715.441257072729	3.262036719950867e25	55448.277504251804	13338.8085168559
4.136027037170854	5708.457495882361	3.2674459993632294e25	55583.82532949958	13337.982606992791
4.146189265763411	5701.474029835037	3.272873807254121e25	55719.36475873506	13337.156121930151
4.1563514943559685	5694.490835702509	3.278320236725573e25	55854.895786141744	13336.329067339531
4.166513722948526	5687.507890352625	3.283785381498637e25	55990.4184059607	13335.501448866782
4.176675951541084	5680.525170767254	3.289269335909175e25	56125.93261249021	13334.67327213515
4.186838180133641	5673.542653870136	3.2947721950154135e25	56261.438400085535	13333.84454272443
4.197000408726198	5666.5603167326835	3.3002940544797244e25	56396.93576315848	13333.015266195873
4.207162637318755	5659.57813649633	3.3058350106191292e25	56532.42469617727	13332.185448083374
4.217324865911313	5652.596090377286	3.3113951603922336e25	56667.90519366489	13331.355093894412
4.2274870945038705	5645.614155686927	3.3169746014704853e25	56803.377250205296	13330.524209113983
4.237649323096428	5638.632309756805	3.32257343212659e25	56938.84086043044	13329.692799194334
4.247811551688985	5631.650529943059	3.328191751402059e25	57074.296019032394	13328.860869555085
4.257973780281542	5624.668793751747	3.3338296589665826e25	57209.742720757546	13328.028425601184
4.2681360088741	5617.687078755624	3.3394872551617645e25	57345.18096040675	13327.195472712507
4.278298237466657	5610.705362536894	3.3451646410541173e25	57480.61073283478	13326.362016237323
4.288460466059215	5603.7236227192825	3.3508619184401774e25	57616.03203295133	13325.528061496414
4.298622694651772	5596.741837039016	3.3565791897803203e25	57751.44485571985	13324.693613792027
4.308784923244329	5589.75998329973	3.3623165582412192e25	57886.849196157615	13323.858678402881
4.318947151836887	5582.778039362596	3.368074127709656e25	58022.24504933537	13323.023260584207
4.329109380429444	5575.795983068519	3.373852002862831e25	58157.632410377104	13322.18736555762
4.339271609022002	5568.81379239244	3.3796502890517453e25	58293.01127445978	13321.350998528791
4.3494338376145585	5561.83144533983	3.385469092367521e25	58428.38163681315	13320.514164678192
4.359596066207116	5554.848920016845	3.3913085196220265e25	58563.743492719565	13319.676869170771
4.369758294799674	5547.866194483345	3.3971686784582297e25	58699.0968375136	13318.839117128922
4.379920523392231	5540.883246919847	3.403049677229894e25	58834.441666581595	13318.000913590236
4.390082751984789	5533.900055578698	3.408951625050329e25	58969.77797536068	13317.162263554468
4.400244980577345	5526.916598778131	3.414874631773911e25	59105.10575933908	13316.323172071963
4.410407209169903	5519.9328548029835	3.420818808098174e25	59240.42501405628	13315.483644164739
4.4205694377624605	5512.948802005132	3.4267842654926617e25	59375.735735102644	13314.643684833694
4.430731666355018	5505.964418809454	3.4327711161976043e25	59511.03791811927	13313.803299060002
4.440893894947576	5498.9796836827	3.438779473255731e25	59646.33155879775	13312.9624918004
4.451056123540132	5491.9945751693485	3.4448094504889403e25	59781.61665287995	13312.121267994515
4.46121835213269	5485.009071819739	3.4508611625625395e25	59916.89319615781	13311.279632555314
4.471380580725247	5478.023152189502	3.4569347249965864e25	60052.16118447307	13310.437590369405
4.481542809317805	5471.036794933282	3.4630302540918417e25	60187.42061371706	13309.595146308775
4.4917050379103625	5464.049978772272	3.4691478669628373e25	60322.67147983051	13308.752305227043
4.501867266502919	5457.062682427796	3.475287681608152e25	60457.91377880336	13307.909071951784
4.512029495095477	5450.074884625506	3.4814498168958267e25	60593.1475066745	13307.065451285487
4.522191723688034	5443.086564168933	3.4876343925162643e25	60728.37265953148	13306.221448014592
4.532353952280592	5436.0976999021605	3.493841529025113e25	60863.58923351014	13305.377066905394
4.542516180873149	5429.108270727438	3.5000713478533616e25	60998.79722479587	13304.532312707395
4.552678409465706	5422.118255573333	3.5063239712815346e25	61133.996629620204	13303.687190146904
4.562840638058264	5415.1276333460755	3.512599522567685e25	61269.187444264106	13302.841703924185
4.573002866650821	5408.136383037815	3.5188981258077816e25	61404.36966505583	13301.995858726048
4.583165095243379	5401.14448367226	3.5252199060051274e25	61539.543288371126	13301.149659219678
4.593327323835936	5394.151914339077	3.531564989047716e25	61674.70831063314	13300.303110056997
4.603489552428494	5387.158654101615	3.5379335017892122e25	61809.86472831186	13299.456215863791
4.6136517810210504	5380.164682043468	3.544325572032071e25	61945.01253792456	13298.608981245634
4.623814009613608	5373.1699773272885	3.5507413284800613e25	62080.15173603512	13297.761410795327
4.6339762382061656	5366.174519125028	3.557180900787618e25	62215.282319253995	13296.913509084823
4.644138466798723	5359.1782866802605	3.563644419528017e25	62350.40428423801	13296.065280672943
4.654300695391281	5352.181259184045	3.5701320163161977e25	62485.5176276902	13295.216730090611
4.664462923983837	5345.183415878451	3.576643823717835e25	62620.62234635954	13294.367861853956
4.674625152576395	5338.184736051366	3.58317997526363e25	62755.718437040865	13293.518680463614
4.684787381168952	5331.185199020661	3.5897406054713977e25	62890.80589657461	13292.669190403962
4.69494960976151	5324.184784163476	3.5963258498276885e25	63025.88472184672	13291.819396145296
4.7051118383540675	5317.183470777822	3.602935844922832e25	63160.95490978846	13290.969302128542
4.715274066946624	5310.18123824674	3.609570728312219e25	63296.01645737612	13290.118912785354
4.725436295539182	5303.178065979113	3.616230638581171e25	63431.06936163101	13289.268232531076
4.735598524131739	5296.173933394582	3.622915715338609e25	63566.11361961896	13288.417265763446
4.745760752724297	5289.168819966731	3.629626099233868e25	63701.14922845115	13287.566016867793
4.755922981316854	5282.162705116988	3.636361932033532e25	63836.17618528232	13286.71449020458
4.766085209909411	5275.1555683276765	3.6431233565446984e25	63971.19448731193	13285.862690123486
4.776247438501969	5268.147389090145	3.649910516640677e25	64106.2041317835	13285.010620957897
4.786409667094526	5261.1381469227945	3.6567235572814096e25	64241.20511598446	13284.158287027021
4.796571895687084	5254.127821404295	3.6635626244923537e25	64376.19743724602	13283.305692590575
4.806734124279641	5247.116392056364	3.6704278654826744e25	64511.18109294215	13282.45284185542
4.816896352872198	5240.103838430032	3.677319428558884e25	64646.15608048983	13281.599739067831
4.8270585814647555	5233.090140104641	3.6842374631385333e25	64781.122397349245	13280.746388470678
4.837220810057313	5226.075276679865	3.691182119774327e25	64916.08004102358	13279.892794290734
4.847383038649871	5219.05922779761	3.6981535501416294e25	65051.02900905895	13279.038960742651
4.857545267242428	5212.041973009037	3.7051519071750435e25	65185.96929904407	13278.184892013342
4.867707495834985	5205.023491948318	3.712177344920141e25	65320.9009086102	13277.330592283242
4.877869724427542	5198.003764250716	3.7192300186138478e25	65455.8238354311	13276.476065716608
4.8880319530201	5190.9827695886615	3.726310084649581e25	65590.7380772227	13275.621316466166
4.8981941816126575	5183.9604875943205	3.7334177006871916e25	65725.64363174309	13274.76634866394
4.908356410205215	5176.9368978961	3.740553025615112e25	65860.54049679221	13273.911166425969
4.918518638797772	5169.911980162179	3.747716219520106e25	65995.4286702117	13273.055773857357
4.928680867390329	5162.885714063355	3.75490744373864e25	66130.30814988498	13272.200175048578
4.938843095982887	5155.858079286918	3.7621268608479443e25	66265.17893373694	13271.344374077345
4.949005324575444	5148.829055551995	3.7693746346655457e25	66400.0410197338	13270.488375010584
4.959167553168002	5141.798622482386	3.776650930390442e25	66534.89440588307	13269.6321818891
4.969329781760559	5134.76675977617	3.7839559144473163e25	66669.73909023315	13268.775798748555
4.979492010353116	5127.733447109212	3.7912897545717003e25	66804.57507087354	13267.919229608053
4.989654238945674	5120.6986641888225	3.798652619799131e25	66939.40234593442	13267.06247847671
4.999816467538231	5113.662390735492	3.8060446804801973e25	67074.22091358667	13266.205549351758
5.009978696130789	5106.624606376494	3.813466108403013e25	67209.03077204166	13265.348446205891
5.020140924723346	5099.585290807875	3.8209170766437606e25	67343.83191955114	13264.491173007033
5.030303153315903	5092.544423713064	3.828397759659902e25	67478.62435440709	13263.63373370885
5.040465381908461	5085.501984777699	3.8359083332701733e25	67613.40807494112	13262.776132252691
5.050627610501018	5078.457953697011	3.843448974736465e25	67748.18307952645	13261.918372568716
5.060789839093576	5071.412310168537	3.851019862653253e25	67882.94936657432	13261.060458575315
5.070952067686133	5064.365033825412	3.8586211771528888e25	68017.70693453684	13260.202394171107
5.08111429627869	5057.316104312087	3.866253099750364e25	68152.45578190463	13259.344183244451
5.0912765248712475	5050.2655013331705	3.873915813369581e25	68287.19590720876	13258.485829679614
5.101438753463805	5043.2132045497665	3.881609502437378e25	68421.92730901937	13257.627337344458
5.111600982056363	5036.15919353741	3.88933435294301e25	68556.64998594578	13256.76871008534
5.12176321064892	5029.1034479524305	3.897090552279176e25	68691.36393663644	13255.909951747795
5.131925439241477	5022.045947407677	3.904878289391323e25	68826.06915977872	13255.05106616152
5.142087667834034	5014.9866715233065	3.912697754733705e25	68960.76565409901	13254.192057147
5.152249896426592	5007.925599954464	3.920549140255626e25	69095.45341836233	13253.33292851877
5.1624121250191495	5000.862712236371	3.928432639590253e25	69230.13245137245	13252.473684066928
5.172574353611707	4993.797987939839	3.936348447867953e25	69364.80275197151	13251.614327576579
5.182736582204264	4986.7314066243725	3.94429676183535e25	69499.4643190402	13250.75486282196
5.192898810796821	4979.662947849774	3.9522777798281595e25	69634.1171514974	13249.895293568234
5.203061039389379	4972.592591181877	3.9602917017627655e25	69768.76124830032	13249.03562357469
5.213223267981936	4965.520316118386	3.96833872928694e25	69903.3966084441	13248.175856538954
5.223385496574494	4958.446102164314	3.976419065674415e25	70038.02323096119	13247.315996144245
5.233547725167051	4951.369928791117	3.98453291587507e25	70172.6411149217	13246.456046093545
5.243709953759608	4944.291775474048	3.992680486517836e25	70307.25025943335	13245.596010088875
5.253872182352166	4937.211621687272	4.00086198592308e25	70441.85066364141	13244.735891822353
5.264034410944723	4930.129446877296	4.009077624132964e25	70576.44232672866	13243.875694974606
5.274196639537281	4923.045230390889	4.017327613023808e25	70711.02524791512	13243.015423206041
5.2843588681298375	4915.95895163314	4.025612166166113e25	70845.59942645802	13242.155080176306
5.294521096722395	4908.870589965102	4.033931498922941e25	70980.16486165176	13241.294669531771
5.304683325314953	4901.780124731121	4.042285828453632e25	71114.72155282772	13240.434194909863
5.31484555390751	4894.687535263543	4.050675373711891e25	71249.26949935385	13239.57365993863
5.325007782500068	4887.5928008876435	4.059100355514863e25	71383.80870063603	13238.713068238369
5.335170011092624	4880.495900829382	4.067560996558983e25	71518.33915611547	13237.852423410537
5.345332239685182	4873.396814321825	4.076057521417406e25	71652.86086527073	13236.991729050662
5.3554944682777395	4866.295520588802	4.084590156531858e25	71787.37382761668	13236.130988746807
5.365656696870297	4859.191998854758	4.093159130228679e25	71921.87804270466	13235.27020608079
5.375818925462855	4852.086228263262	4.101764672825191e25	72056.37351012221	13234.40938461841
5.385981154055411	4844.978187914288	4.110407016625028e25	72190.86022949322	13233.54852791449
5.396143382647969	4837.867856913159	4.119086395864413e25	72325.33820047759	13232.687639518743
5.406305611240526	4830.75521432888	4.12780304678531e25	72459.80742277128	13231.826722970973
5.416467839833084	4823.6402392070895	4.136557207591936e25	72594.26789610522	13230.96578180298
5.426630068425641	4816.522910579454	4.145349118703806e25	72728.71962024976	13230.104819539685
5.436792297018199	4809.40320742154	4.1541790223404705e25	72863.1625950058	13229.24383969442
5.446954525610756	4802.281108617721	4.163047163085131e25	72997.59682021334	13228.382845764821
5.457116754203313	4795.156593092048	4.1719537874647725e25	73132.02229574698	13227.521841248816
5.467278982795871	4788.029639699379	4.180899144188718e25	73266.4390215169	13226.660829631786
5.477441211388428	4780.90022729143	4.189883484097316e25	73400.84699746859	13225.799814394572
5.487603439980986	4773.768334705354	4.198907060165792e25	73535.24622358297	13224.938799012545
5.4977656685735425	4766.633940630911	4.207970127714134e25	73669.63669987615	13224.07778693969
5.5079278971661	4759.497023793377	4.217072944181726e25	73804.01842639924	13223.2167816308
5.518090125758658	4752.357562868438	4.226215769287457e25	73938.39140323848	13222.35578653094
5.528252354351215	4745.215536497487	4.235398865012897e25	74072.75563051515	13221.494805078572
5.538414582943773	4738.070923319164	4.244622495580376e25	74207.1111083854	13220.633840708728
5.548576811536329	4730.923701828286	4.253886927672143e25	74341.45783704017	13219.772896836726
5.558739040128887	4723.773850535322	4.263192430242702e25	74475.7958167051	13218.911976877152
5.5689012687214445	4716.6213479054095	4.272539274644147e25	74610.12504764055	13218.051084237108
5.579063497314002	4709.466172349153	4.281927734612376e25	74744.44553014138	13217.190222315035
5.58922572590656	4702.308302257734	4.291358086299171e25	74878.75726453686	13216.329394505394
5.599387954499116	4695.147715983413	4.300830608316268e25	75013.06025119132	13215.468604196376
5.609550183091674	4687.984391768709	4.310345581800171e25	75147.35449050264	13214.607854761663
5.619712411684231	4680.818307832376	4.319903290400524e25	75281.63998290339	13213.74714956482
5.629874640276789	4673.649442367649	4.329504020276548e25	75415.91672885997	13212.886491916091
5.6400368688693465	4666.477773513494	4.33914806015484e25	75550.1847288725	13212.025885151776
5.650199097461903	4659.303279393621	4.348835701308894e25	75684.44398347511	13211.165332618328
5.660361326054461	4652.125937987964	4.358567237752166e25	75818.6944932358	13210.304837643775
5.670523554647018	4644.9457272643	4.368342966107411e25	75952.93625875641	13209.444403553975
5.680685783239576	4637.7626251418915	4.37816318567355e25	76087.16928067249	13208.584033668492
5.690848011832133	4630.576609486589	4.388028198453079e25	76221.39355965318	13207.72373130002
5.70101024042469	4623.38765812217	4.397938309203463e25	76355.60909640157	13206.863499756271
5.711172469017248	4616.195748830718	4.40789382546335e25	76489.81589165471	13206.003342339756
5.721334697609805	4609.000859275265	4.417895057593625e25	76624.0139461821	13205.143262339716
5.731496926202363	4601.802967067434	4.427942318813465e25	76758.203260787	13204.283263038466
5.74165915479492	4594.602049796254	4.43803592517934e25	76892.38383630633	13203.423347716802
5.751821383387477	4587.398084971647	4.448176195682431e25	77026.55567361014	13202.563519646697
5.7619836119800345	4580.191050093159	4.458363452189098e25	77160.71877360177	13201.703782100123
5.772145840572592	4572.980922544679	4.468598019605326e25	77294.87313721771	13200.844138336264
5.78230806916515	4565.767679610469	4.47888022589407e25	77429.01876542746	13199.984591603956
5.792470297757707	4558.5512985677915	4.489210401993121e25	77563.15565923366	13199.125145152746
5.802632526350264	4551.331756614419	4.499588881936209e25	77697.28381967178	13198.265802225133
5.812794754942821	4544.109030887282	4.510016002869709e25	77831.40324781035	13197.40656605735
5.822956983535379	4536.883098449619	4.520492105084189e25	77965.51394475067	13196.547439879074
5.8331192121279365	4529.653936343231	4.531017532028886e25	78099.61591162703	13195.688426920253
5.843281440720494	4522.421521454442	4.54159263046322e25	78233.70914960619	13194.829530394863
5.853443669313052	4515.18583062876	4.552217750388977e25	78367.79365988774	13193.970753514815
5.863605897905608	4507.946840653059	4.562893245087982e25	78501.86944370382	13193.112099488064
5.873768126498166	4500.704528242088	4.573619471169436e25	78635.93650231897	13192.253571517762
5.883930355090723	4493.458870050667	4.584396788658912e25	78769.99483703084	13191.39517280252
5.894092583683281	4486.209842671808	4.595225560948098e25	78904.04444916922	13190.536906537229
5.9042548122758385	4478.957422548551	4.6061061549872715e25	79038.08534009612	13189.67877590308
5.914417040868395	4471.701586083066	4.617038941177249e25	79172.11751120581	13188.820784080675
5.924579269460953	4464.4423096263445	4.628024293459739e25	79306.14096392528	13187.96293424854
5.93474149805351	4457.17956943057	4.6390625893763694e25	79440.15569971355	13187.105229578403
5.944903726646068	4449.913341721783	4.650154210020717e25	79574.16172006192	13186.24767324351
5.955065955238625	4442.643602550137	4.6612995403092685e25	79708.15902649392	13185.390268400548
5.965228183831182	4435.370327917944	4.6724989688096615e25	79842.14762056495	13184.533018205972
5.97539041242374	4428.09349375251	4.683752887854082e25	79976.12750386269	13183.675925812879
5.985552641016297	4420.813075899758	4.695061693588995e25	80110.09867800676	13182.818994370264
5.995714869608855	4413.5290501205345	4.706425786010534e25	80244.06114464879	13181.962227023534
6.005877098201412	4406.241392099994	4.717845568952409e25	80378.01490547186	13181.105626914352
6.016039326793969	4398.950077449147	4.729321450379012e25	80511.95996219138	13180.249197182946
6.0262015553865265	4391.655081636634	4.740853842040332e25	80645.89631655606	13179.392940944508
6.036363783979084	4384.356380063518	4.7524431598962245e25	80779.82397034366	13178.536861286915
6.046526012571642	4377.053948048193	4.764089823957069e25	80913.74292536442	13177.68096131786
6.056688241164199	4369.747760813861	4.7757942583784205e25	81047.65318346026	13176.825244151336
6.066850469756756	4362.437793515582	4.787556891463821e25	81181.55474650465	13175.969712898142
6.077012698349313	4355.124021197528	4.799378155815127e25	81315.44761640269	13175.114370663467
6.087174926941871	4347.806418752884	4.811258488419631e25	81449.33179509094	13174.259220542253
6.0973371555344285	4340.484961029866	4.823198330541294e25	81583.20728453748	13173.404265631882
6.107499384126986	4333.15962277026	4.8351981278541605e25	81717.07408674166	13172.549509024928
6.117661612719543	4325.830378623544	4.847258330532055e25	81850.93220373453	13171.694953810089
6.1278238413121	4318.4972031653	4.859379393206263e25	81984.78163757849	13170.840603075983
6.137986069904658	4311.160070805154	4.871561775161844e25	82118.62239036692	13169.986459900234
6.148148298497215	4303.818955862919	4.883805940352783e25	82252.45446422481	13169.132527358945
6.158310527089773	4296.473832570383	4.896112357384187e25	82386.27786130829	13168.278808526253
6.1684727556823296	4289.124675050442	4.908481499625125e25	82520.09258380471	13167.42530647191
6.178634984274887	4281.771457328384	4.920913845121481e25	82653.89863393175	13166.572024264065
6.188797212867445	4274.414153329159	4.933409877308777e25	82787.69601394019	13165.718964968684
6.198959441460002	4267.052736845098	4.945970083789531e25	82921.48472611136	13164.866131646604
6.20912167005256	4259.687181538231	4.95859495776759e25	83055.26477275645	13164.013527351603
6.219283898645116	4252.317460978594	4.971284997342939e25	83189.03615621844	13163.161155137837
6.229446127237674	4244.9435486243	4.984040705743694e25	83322.79887887131	13162.309018056703
6.2396083558302315	4237.565417814573	4.996862591400031e25	83456.55294312001	13161.457119157178
6.249770584422789	4230.183041792265	5.009751167986491e25	83590.2983514005	13160.605461486492
6.259932813015347	4222.79639368985	5.022706954488019e25	83724.03510617964	13159.754048090337
6.270095041607903	4215.405446441966	5.0357304754560394e25	83857.76320995527	13158.902882003142
6.280257270200461	4208.010172921136	5.048822260792871e25	83991.48266525599	13158.051966264458
6.290419498793018	4200.610545856937	5.061982846007219e25	84125.1934746414	13157.201303907585
6.300581727385576	4193.206537868164	5.0752127721902e25	84258.8956407018	13156.350897965269
6.3107439559781335	4185.798121450825	5.088512586139729e25	84392.58916605831	13155.50075146875
6.320906184570691	4178.38526899892	5.10188284037276e25	84526.27405336293	13154.650867450906
6.331068413163248	4170.967952730688	5.115324093317187e25	84659.9503052983	13153.801248935086
6.341230641755805	4163.546144716291	5.128836909397556e25	84793.617924578	13152.951898941568
6.351392870348363	4156.119816931553	5.142421858956163e25	84927.27691394609	13152.102820493383
6.36155509894092	4148.688941211013	5.156079518422078e25	85060.92727617736	13151.25401661086
6.371717327533478	4141.253489256204	5.169810470440254e25	85194.56901407756	13150.40549031178
6.381879556126035	4133.813432647798	5.183615303792926e25	85328.20213048265	13149.557244614816
6.392041784718592	4126.3687428295325	5.197494613675001e25	85461.82662825874	13148.709282537859
6.40220401331115	4118.919391046256	5.211449001734112e25	85595.44251030513	13147.861607089526
6.412366241903707	4111.465348431205	5.225479076106681e25	85729.04977954898	13147.014221280788
6.422528470496265	4104.006585990923	5.23958545150639e25	85862.64843894895	13146.16712811689
6.4326906990888215	4096.543074576655	5.253768749327941e25	85996.23849149409	13145.320330567292
6.442852927681379	4089.0747849165646	5.2680295977056785e25	86129.81994020371	13144.4738316285
6.453015156273937	4081.6016875899804	5.282368631621553e25	86263.39278812757	13143.627634303004
6.463177384866494	4074.1237529528435	5.29678649317528e25	86396.95703834602	13142.781741584151
6.473339613459052	4066.64095126218	5.311283831410414e25	86530.51269396971	13141.936156468399
6.483501842051608	4059.1532526198043	5.325861302535427e25	86664.05975813976	13141.090881951584
6.493664070644166	4051.66062696	5.340519570023626e25	86797.59823402783	13140.24592102793
6.5038262992367235	4044.1630440817853	5.3552593046684125e25	86931.12812483594	13139.401276691196
6.513988527829281	4036.660473646092	5.3700811846747046e25	87064.6494337966	13138.556951937362
6.524150756421839	4029.152885069086	5.384985895940806e25	87198.16216417257	13137.712949752868
6.534312985014395	4021.640247648615	5.399974131967277e25	87331.66631925698	13136.869273126806
6.544475213606953	4014.1225305149983	5.415046594036791e25	87465.16190237355	13136.025925047721
6.55463744219951	4006.5997026354025	5.430203991189584e25	87598.64891687578	13135.18290850489
6.564799670792068	3999.071732798795	5.445447040916843e25	87732.12736614929	13134.340226484226
6.5749618993846255	3991.538589648435	5.460776467926975e25	87865.59725360692	13133.497881974572
6.585124127977182	3984.000241655972	5.4761930061501085e25	87999.05858269556	13132.65587796552
6.59528635656974	3976.456657085645	5.491697397109937e25	88132.5113568895	13131.814217440646
6.605448585162297	3968.9078039834203	5.507290391184411e25	88265.95557969455	13130.97290337985
6.615610813754855	3961.3536502954366	5.522972747192598e25	88399.3912546469	13130.131938772025
6.625773042347412	3953.794163749741	5.538745232693102e25	88532.81838531289	13129.291326600285
6.635935270939969	3946.2293118970197	5.554608624037751e25	88666.23697528921	13128.45106984989
6.646097499532527	3938.659062120129	5.570563706501813e25	88799.64702820218	13127.611171507424
6.656259728125084	3931.0833816166837	5.586611274426781e25	88933.04854771076	13126.771634559496
6.666421956717642	3923.5022373304478	5.6027521315065085e25	89066.44153750186	13125.93246198685
6.676584185310199	3915.9155960493003	5.618987090694691e25	89199.8260012935	13125.093656773448
6.686746413902756	3908.3234243686916	5.635316974433199e25	89333.20194283406	13124.255221904465
6.6969086424953135	3900.725688688345	5.651742614766565e25	89466.56936590224	13123.417160366065
6.707070871087871	3893.12235521402	5.668264853323783e25	89599.92827430647	13122.579475144345
6.717233099680429	3885.513389954073	5.684884542347136e25	89733.27867188789	13121.742169227757
6.727395328272986	3877.8987587181364	5.701602543059168e25	89866.62056251342	13120.905245605489
6.737557556865544	3870.278427052455	5.718419727628064e25	89999.95395008607	13120.068707261074
6.7477197854581	3862.6523603294313	5.7353369784188335e25	90133.27883853513	13119.232557183914
6.757882014050658	3855.0205237092614	5.752355188271731e25	90266.59523182145	13118.396798362764
6.7680442426432155	3847.3828821425013	5.769475260691695e25	90399.90313393628	13117.561433789646
6.778206471235773	3839.7394003764307	5.786698109950851e25	90533.20254890129	13116.726466458114
6.788368699828331	3832.090042949924	5.804024661272351e25	90666.49348076846	13115.891899364633
6.798530928420887	3824.4347740965404	5.821455851253167e25	90799.7759336204	13115.057735498627
6.808693157013445	3816.773557883443	5.838992627637917e25	90933.04991156996	13114.223977851041
6.818855385606002	3809.1063581501016	5.856635949679295e25	91066.31541876018	13113.390629373765
6.82901761419856	3801.433138500905	5.8743867883605874e25	91199.57245936438	13112.55769304579
6.8391798427911175	3793.7538623121645	5.892246126435388e25	91332.82103758608	13111.725171861743
6.849342071383674	3786.0684927184952	5.9102149586966795e25	91466.0611576593	13110.89306881561
6.859504299976232	3778.376992648682	5.928294292105966e25	91599.29282384769	13110.061386907426
6.869666528568789	3770.679324743711	5.946485146012616e25	91732.51604044772	13109.230129133242
6.879828757161347	3762.9754513889443	5.9647885525027095e25	91865.73081178397	13108.399298489905
6.889990985753904	3755.265334741088	5.983205556353861e25	91998.9371422123	13107.56889797807
6.900153214346461	3747.5489367122923	6.001737215334157e25	92132.13503611907	13106.73893060059
6.910315442939019	3739.82621896119	6.020384600354713e25	92265.32449792113	13105.909399363081
6.920477671531576	3732.0971429042916	6.0391487957249975e25	92398.50553206597	13105.080307273578
6.930639900124134	3724.3616697139882	6.058030899273521e25	92531.67814303158	13104.251657345449
6.940802128716691	3716.6197602113816	6.077032022880755e25	92664.84233532661	13103.423452583329
6.950964357309248	3708.8713750080283	6.096153292307231e25	92797.9981134902	13102.595696001845
6.961126585901805	3701.1164744421167	6.115395847573058e25	92931.14548209225	13101.768390616005
6.971288814494363	3693.3550185806207	6.134760843177763e25	93064.2844457332	13100.941539445475
6.9814510430869205	3685.5869672186955	6.154249448335292e25	93197.41500904424	13100.115145511261
6.991613271679478	3677.812279885978	6.173862847152046e25	93330.53717668657	13099.289211840134
7.001775500272035	3670.0309158290625	6.1936022389117604e25	93463.65095335433	13098.463741460491
7.011937728864592	3662.242833948961	6.213468838488813e25	93596.75634377025	13097.638737398816
7.02209995745715	3654.4479928933033	6.233463876326986e25	93729.85335268854	13096.814202687337
7.032262186049707	3646.6463510181215	6.253588598818136e25	93862.94198489434	13095.99014036288
7.042424414642265	3638.837866383269	6.273844268519087e25	93996.02224520351	13095.166553464845
7.052586643234822	3631.0224967589925	6.294232164185567e25	94129.09413846247	13094.343445038226
7.062748871827379	3623.200199616941	6.3147535822500315e25	94262.15766954947	13093.520818131428
7.072911100419937	3615.370932094089	6.335409834694281e25	94395.21284337393	13092.698675794534
7.083073329012494	3607.5346510012987	6.356202251855626e25	94528.25966487509	13091.877021079898
7.093235557605052	3599.6913128485257	6.377132181317265e25	94661.2981390238	13091.05585704522
7.1033977861976085	3591.840873833306	6.3982009885020036e25	94794.32827082204	13090.235186753856
7.113560014790166	3583.983289825472	6.4194100570036e25	94927.35006530295	13089.415013272264
7.123722243382724	3576.1185163704426	6.440760788724013e25	95060.36352753064	13088.595339672802
7.133884471975281	3568.2465086927696	6.462254604636735e25	95193.36866260103	13087.77616903262
7.144046700567839	3560.3672216865743	6.483892944470263e25	95326.36547563985	13086.957504435017
7.154208929160395	3552.4806098469826	6.5056772674168615e25	95459.35397180705	13086.139348961779
7.164371157752953	3544.586627353178	6.5276090525535854e25	95592.33415629131	13085.321705702914
7.1745333863455105	3536.685228040195	6.54968979895811e25	95725.30603431363	13084.504577754715
7.184695614938068	3528.7763653905367	6.571921026013055e25	95858.26961112641	13083.687968218013
7.194857843530626	3520.85999252296	6.594304273917474e25	95991.22489201365	13082.871880199784
7.205020072123183	3512.9360622088916	6.6168411039218045e25	96124.17188229099	13082.05631681386
7.21518230071574	3505.0045268777326	6.639533098690658e25	96257.11058730526	13081.241281182422
7.225344529308297	3497.0653385011674	6.662381862869591e25	96390.04101243637	13080.42677642607
7.235506757900855	3489.1184487115256	6.685389023296948e25	96522.96316309465	13079.61280567428
7.2456689864934125	3481.163808764777	6.708556229357822e25	96655.8770447227	13078.799372064486
7.25583121508597	3473.2013695304013	6.731885153391179e25	96788.78266279497	13077.98647873969
7.265993443678527	3465.231081498563	6.755377491282645e25	96921.68002281776	13077.174128755303
7.276155672271084	3457.252894764666	6.779034962534008e25	97054.56913032809	13076.362325176495
7.286317900863642	3449.2667590306214	6.802859310874022e25	97187.44999089447	13075.551071148619
7.296480129456199	3441.272623577977	6.82685230470156e25	97320.32261011766	13074.740369820434
7.306642358048757	3433.2704372146954	6.851015737737455e25	97453.18699363028	13073.930224341208
7.316804586641314	3425.260148386567	6.875351428992656e25	97586.04314709704	13073.120637871449
7.326966815233871	3417.2417051002667	6.899861223588864e25	97718.89107621486	13072.31161357651
7.337129043826429	3409.215054944308	6.92454699296897e25	97851.73078671268	13071.503154629538
7.347291272418986	3401.180145065807	6.949410635675827e25	97984.562284352	13070.695264209491
7.357453501011544	3393.1369221723667	6.974454077539924e25	98117.38557492642	13069.887945501887
7.3676157296041005	3385.085332564768	6.999679272274411e25	98250.20066426149	13069.081201703493
7.377777958196658	3377.025322010427	7.025088202084873e25	98383.00755821695	13068.275036010045
7.387940186789216	3368.9568358404013	7.050682878225784e25	98515.80626268331	13067.469451626175
7.398102415381773	3360.8798189337745	7.076465341317446e25	98648.59678358432	13066.664451765639
7.408264643974331	3352.794215696183	7.102437662027501e25	98781.3791268764	13065.860039649502
7.418426872566887	3344.699970054711	7.128601941532392e25	98914.15329854873	13065.056218506057
7.428589101159445	3336.5970254578365	7.154960312143085e25	99046.91930462333	13064.252991571959
7.4387513297520025	3328.4853249021057	7.181514937870838e25	99179.67715115483	13063.450362096053
7.44891355834456	3320.364810797891	7.208268015075063e25	99312.42684423202	13062.648333326399
7.459075786937118	3312.2354250838184	7.235221773099495e25	99445.16838997557	13061.846908522404
7.469238015529674	3304.097109192111	7.262378474775072e25	99577.90179453972	13061.0460909527
7.479400244122232	3295.9498040410494	7.289740417011694e25	99710.62706411198	13060.245883894982
7.489562472714789	3287.793450019594	7.317309931613518e25	99843.34420491321	13059.446290635658
7.499724701307347	3279.627986984372	7.345089385806077e25	99976.05322319767	13058.647314469858
7.5098869298999045	3271.453354267328	7.373081182838682e25	100108.75412525318	13057.848958703806
7.520049158492461	3263.269490671931	7.401287762916861e25	100241.44691740132	13057.051226654932
7.530211387085019	3255.076334337621	7.429711603935779e25	100374.1316059972	13056.25412163995
7.540373615677576	3246.873822930413	7.458355221940519e25	100506.80819742987	13055.457646994224
7.550535844270134	3238.661893512097	7.487221171977194e25	100639.47669812225	13054.661806059714
7.560698072862691	3230.4404825814777	7.5163120488558855e25	100772.1371145313	13053.866602190668
7.570860301455248	3222.2095260429232	7.545630487910391e25	100904.789453148	13053.072038751081
7.581022530047806	3213.968959202634	7.575179165965549e25	101037.43372049785	13052.278119115495
7.591184758640363	3205.7187167710053	7.604960801822979e25	101170.06992314046	13051.48484667056
7.601346987232921	3197.4587328829034	7.634978157281499e25	101302.69806767008	13050.69222481766
7.611509215825478	3189.188940946291	7.665234038094425e25	101435.31816071531	13049.90025695942
7.621671444418036	3180.9092738022155	7.6957312947287975e25	101567.93020893964	13049.108946516817
7.6318336730105925	3172.619663637255	7.726472823263747e25	101700.53421904125	13048.318296921194
7.64199590160315	3164.3200419913037	7.757461566313148e25	101833.13019775339	13047.528311616798
7.652158130195708	3156.010339751784	7.788700513877628e25	101965.71815184422	13046.738994060897
7.662320358788265	3147.6904871351253	7.820192704437865e25	102098.29808811723	13045.9503477237
7.672482587380823	3139.3604136993936	7.85194122578391e25	102230.87001341116	13045.162376090211
7.682644815973379	3131.0200483004623	7.88394921618299e25	102363.43393460027	13044.375082658104
7.692807044565937	3122.6693190428	7.916219865579191e25	102495.98985859436	13043.588470904744
7.7029692731584944	3114.3081533814457	7.948756416244644e25	102628.53779233812	13042.802544244041
7.713131501751052	3105.936478035666	7.981562164026731e25	102761.07774281134	13042.017306183923
7.7232937303436096	3097.554218994126	8.014640459383364e25	102893.60971702961	13041.232760256102
7.733455958936166	3089.1613014976247	8.047994708978326e25	103026.13372204464	13040.448910005169
7.743618187528724	3080.757650045847	8.081628376272154e25	103158.6497649442	13039.665758990255
7.753780416121281	3072.343188408498	8.115544982899461e25	103291.15785285228	13038.883310787647
7.763942644713839	3063.9178395138515	8.149748109743991e25	103423.65799292902	13038.10156898171
7.774104873306396	3055.481525505655	8.184241398822695e25	103556.15019237131	13037.320537171556
7.784267101898953	3047.0341677479287	8.219028553972048e25	103688.63445841265	13036.540218972828
7.794429330491511	3038.5756867964874	8.254113342416994e25	103821.11079832344	13035.760618016515
7.804591559084068	3030.1060023816476	8.289499595758867e25	103953.5792194108	13034.98173794889
7.814753787676626	3021.6250333930375	8.325191212271295e25	104086.0397290194	13034.20358243142
7.824916016269183	3013.132697880454	8.361192157185138e25	104218.49233453082	13033.426155142583
7.83507824486174	3004.6289130660653	8.397506464798326e25	104350.93704336432	13032.649459780167
7.8452404734542975	2996.1135952257673	8.434138239964366e25	104483.3738629767	13031.87350005229
7.855402702046855	2987.5866597578206	8.471091659603782e25	104615.80280086253	13031.098279685155
7.865564930639413	2979.0480211665868	8.508370974360107e25	104748.2238645544	13030.323802423272
7.87572715923197	2970.497593043868	8.545980509943422e25	104880.63706162303	13029.550072029135
7.885889387824527	2961.9352880508595	8.583924669003038e25	105013.04239967743	13028.777092283619
7.896051616417084	2953.361017896912	8.622207932796401e25	105145.43988636516	13028.004866985528
7.906213845009642	2944.774693336334	8.660834863050465e25	105277.82952937245	13027.23339995328
7.9163760736021995	2936.176224188395	8.699810103544819e25	105410.21133642457	13026.46269502808
7.926538302194757	2927.5655191836627	8.739138382248565e25	105542.5853152857	13025.692756062495
7.936700530787314	2918.942486085413	8.778824513176524e25	105674.95147375937	13024.923586932671
7.946862759379871	2910.30703163077	8.81887339823309e25	105807.30981968866	13024.155191535532
7.957024987972429	2901.6590615213986	8.859290028933336e25	105939.66036095611	13023.387573789296
7.967187216564986	2892.9984803868806	8.900079489730983e25	106072.0031054847	13022.620737632491
7.977349445157544	2884.3251917952625	8.941246958373441e25	106204.3380612371	13021.85468702693
7.987511673750101	2875.6390982173384	8.98279770921389e25	106336.66523621645	13021.089425956516
7.997673902342658	2866.940101046525	9.024737115149447e25	106468.98463846665	13020.324958431102
8.007836130935216	2858.2281004886026	9.067070649904097e25	106601.29627607219	13019.561288478986
8.017998359527773	2849.5029955923333	9.109803890757587e25	106733.60015715875	13018.79842015165
8.02816058812033	2840.764684261732	9.152942520819444e25	106865.89628989343	13018.036357527375
8.038322816712888	2832.013063212564	9.196492331144128e25	106998.18468248473	13017.2751047093
8.048485045305446	2823.2480279535953	9.240459223888069e25	107130.46534318308	13016.51466582651
8.058647273898004	2814.469472761712	9.284849214525754e25	107262.73828028094	13015.755045034019
8.06880950249056	2805.677290668219	9.329668434831034e25	107395.00350211313	13014.996246514347
8.078971731083117	2796.871373432758	9.374923135768374e25	107527.26101705722	13014.238274476995
8.089133959675674	2788.051611570145	9.4206196901417e25	107659.51083353364	13013.481133164387
8.099296188268232	2779.2178941856273	9.466764595758596e25	107791.752960006	13012.724826830165
8.10945841686079	2770.370109102787	9.513364478661262e25	107923.98740498068	13011.969359629531
8.119620645453347	2761.508142775457	9.56042609604022e25	108056.21417700672	13011.21473581739
8.129782874045905	2752.63188027356	9.607956339483433e25	108188.43328467669	13010.460959720236
8.139945102638462	2743.7412052595414	9.655962238659543e25	108320.64473662748	13009.70803569383
8.15010733123102	2734.8359999655145	9.704450964113403e25	108452.84854154017	13008.95596812368
8.160269559823577	2725.9161451643404	9.753429831646236e25	108585.0447081407	13008.20476142569
8.170431788416133	2716.9815201942006	9.80290630549765e25	108717.23324520016	13007.454420051203
8.18059401700869	2708.032002791091	9.852888002195444e25	108849.41416153475	13006.704948475483
8.190756245601248	2699.0674691854165	9.903382694759751e25	108981.5874660065	13005.956351208768
8.200918474193806	2690.0877940503924	9.954398316409917e25	109113.75316752339	13005.208632795659
8.211080702786363	2681.09285046946	1.0005942964801977e26	109245.91127503978	13004.461797814523
8.22124293137892	2672.08250990549	1.0058024906144552e26	109378.06179755669	13003.715850878843
8.231405159971478	2663.056642170028	1.011065258003345e26	109510.20474412224	13002.970796637606
8.241567388564036	2654.0151153938687	1.0163834603838657e26	109642.34012383202	13002.226639776107
8.251729617156593	2644.9577960145884	1.021757977698889e26	109774.46794582935	13001.483385018702
8.261891845749151	2635.884548751357	1.0271897085875483e26	109906.58821930578	13000.741037129595
8.272054074341709	2626.7952364473485	1.0326795710139672e26	110038.70095350145	12999.999600904024
8.282216302934264	2617.6897202022656	1.0382285026307261e26	110170.80615770543	12999.259081182472
8.292378531526822	2608.567859269519	1.0438374613513794e26	110302.90384125618	12998.519482845952
8.30254076011938	2599.4295110260873	1.0495074259885756e26	110434.99401354216	12997.78081081755
8.312702988711937	2590.2745309445354	1.0552393966634365e26	110567.0766840018	12997.043070064025
8.322865217304495	2581.102772550485	1.0610343955008286e26	110699.15186212433	12996.306265595882
8.333027445897052	2571.914087382095	1.0668934672768208e26	110831.21955745021	12995.570402469224
8.34318967448961	2562.7083249906964	1.072817679639163e26	110963.27977957083	12994.835485788717
8.353351903082167	2553.485332796827	1.0788081252842066e26	111095.33253813138	12994.101520701299
8.363514131674725	2544.244956224704	1.0848659196638733e26	111227.37784282825	12993.368512410872
8.373676360267282	2534.9870384468218	1.0909922047136312e26	111359.41570341113	12992.636466162732
8.383838588859838	2525.711420506777	1.097188147970684e26	111491.44612968329	12991.905387257555
8.394000817452396	2516.4179412252684	1.1034549436782228e26	111623.46913150235	12991.175281049194
8.404163046044953	2507.1064371592915	1.1097938135535049e26	111755.48471878054	12990.446152945875
8.41432527463751	2497.7767425586167	1.1162060075241835e26	111887.49290148522	12989.718008411983
8.424487503230068	2488.4286893177336	1.1226928046127385e26	112019.49368963965	12988.990852969233
8.434649731822626	2479.062106944978	1.1292555137818448e26	112151.48709332361	12988.264692199846
8.444811960415183	2469.6768225156056	1.1358954747243218e26	112283.47312267373	12987.539531747796
8.454974189007741	2460.272660521635	1.1426140589593416e26	112415.45178788438	12986.815377312856
8.465136417600299	2450.8494429613197	1.1494126706201295e26	112547.42309920823	12986.092234663607
8.475298646192856	2441.406989233316	1.1562927474604377e26	112679.38706695684	12985.370109634583
8.485460874785412	2431.9451160921435	1.1632557618865417e26	112811.34370150136	12984.649008109398
8.49562310337797	2422.4636375930363	1.1703032220422919e26	112943.29301327247	12983.928935896123
8.505785331970527	2412.9623650316316	1.1774366728511836e26	113075.23501276049	12983.209898973488
8.515947560563085	2403.4411068805534	1.1846576971396023e26	113207.1697105171	12982.491903421917
8.526109789155642	2393.899668762411	1.1919679167658986e26	113339.09711715614	12981.774955396282
8.5362720177482	2384.337853379962	1.1993689939874954e26	113471.017243354	12981.059061127222
8.546434246340757	2374.7554603691988	1.2068626325474274e26	113602.93009985193	12980.34422691688
8.556596474933315	2365.1522863474815	1.2144505791492e26	113734.83569745447	12979.63045914957
8.566758703525872	2355.5281248213896	1.2221346246689e26	113866.7340470319	12978.917764291686
8.57692093211843	2345.8827661169744	1.2299166056112893e26	113998.62515952051	12978.206148893869
8.587083160710986	2336.2159973101107	1.237798405615322e26	114130.50904592368	12977.495619593672
8.597245389303543	2326.527602157917	1.2457819569240744e26	114262.38571731278	12976.786183117425
8.6074076178961	2316.8173610516565	1.2538692417085606e26	114394.25518482747	12976.077846285456
8.617569846488658	2307.08505086669	1.2620622947857857e26	114526.1174596784	12975.370616008791
8.627732075081216	2297.3304450298792	1.2703632037836844e26	114657.9725531454	12974.664499302355
8.637894303673773	2287.5533133255094	1.2787741115098803e26	114789.8204765816	12973.959503279708
8.648056532266331	2277.753421792769	1.2872972184791462e26	114921.66124141187	12973.255635154288
8.658218760858889	2267.9305327496604	1.2959347840689209e26	115053.49485913527	12972.552902250342
8.668380989451446	2258.0844046668276	1.3046891287244314e26	115185.32134132588	12971.851312003106
8.678543218044004	2248.214792083307	1.3135626360800462e26	115317.14069963394	12971.150871962705
8.688705446636561	2238.321445526268	1.3225577550496551e26	115448.95294578698	12970.45158979775
8.698867675229117	2228.40411141742	1.3316770021086905e26	115580.75809159096	12969.75347329972
8.709029903821675	2218.4625319857473	1.3409229636826079e26	115712.5561489319	12969.056530386535
8.719192132414232	2208.4964452150734	1.3502982985001609e26	115844.34712977678	12968.360769110448
8.72935436100679	2198.5055846541445	1.3598057402928217e26	115976.13104617521	12967.66619765514
8.739516589599347	2188.489679356899	1.3694481002988278e26	116107.9079102605	12966.972824344122
8.749678818191905	2178.4484538283486	1.3792282701329381e26	116239.67773425143	12966.280657648054
8.759841046784462	2168.381627898802	1.3891492245787297e26	116371.4405304535	12965.58970618854
8.77000327537702	2158.288916605801	1.3992140247896135e26	116503.19631126082	12964.899978743
8.780165503969577	2148.1700301096066	1.4094258211316512e26	116634.94508915726	12964.211484251728
8.790327732562135	2138.0246735588157	1.419787856833609e26	116766.68687671862	12963.52423182224
8.80048996115469	2127.852546995938	1.4303034710929367e26	116898.42168661395	12962.838230737045
8.810652189747248	2117.6533452400345	1.4409761027931385e26	117030.14953160757	12962.153490460018
8.820814418339806	2107.4267577885203	1.4518092945502844e26	117161.87042456101	12961.470020644669
8.830976646932363	2097.1724686244465	1.4628066958882448e26	117293.58437843507	12960.787831136962
8.841138875524921	2086.890156124639	1.473972068195047e26	117425.29140629125	12960.106931969593
8.851301104117479	2076.579492991004	1.485309288469105e26	117556.9915212932	12959.427333170912
8.861463332710036	2066.240146068308	1.496822353899927e26	117688.68473670777	12958.749045095623
8.871625561302594	2055.871776202848	1.5085153868584925e26	117820.37106590885	12958.0720783851
8.881787789895151	2045.4740381406098	1.5203926391732981e26	117952.05052237934	12957.396443912112
8.891950018487709	2035.0465803479299	1.5324584980852395e26	118083.72311971411	12956.72215278759
8.902112247080264	2024.5890449050717	1.5447174909706691e26	118215.38887162198	12956.049216372301
8.912274475672822	2014.1010673296173	1.557174291532475e26	118347.04779192875	12955.377646285575
8.92243670426538	2003.5822764779514	1.5698337252957916e26	118478.69989457913	12954.70745441877
8.932598932857937	1993.0322943372962	1.5827007759942926e26	118610.34519364125	12954.038652943449
8.942761161450495	1982.4507358240485	1.5957805923922343e26	118741.9837033072	12953.371254320266
8.952923390043052	1971.8372087291598	1.6090784948144588e26	118873.6154378978	12952.705271317947
8.96308561863561	1961.1913135138163	1.6225999824188593e26	119005.24041186507	12952.0407170242
8.973247847228167	1950.512643136622	1.636350740950512e26	119136.85863979583	12951.37760485901
8.983410075820725	1939.8007828937712	1.650336650420814e26	119268.47013641498	12950.715948590005
8.993572304413282	1929.0553102360377	1.6645637937001523e26	119400.07491658907	12950.055762347323
9.003734533005838	1918.2757945979488	1.679038465289748e26	119531.67299533023	12949.397060640487
9.013896761598396	1907.4617972016804	1.6937671809319396e26	119663.26438780027	12948.739858374462
9.024058990190953	1896.6128709549039	1.7087566863688545e26	119794.84910931396	12948.084170873162
9.034221218783511	1885.7285601292479	1.7240139688606264e26	119926.42717534472	12947.430013890149
9.044383447376068	1874.8084002198332	1.7395462674712696e26	120057.99860152787	12946.777403632712
9.054545675968626	1863.851917809323	1.7553610844814855e26	120189.56340366592	12946.126356786395
9.064707904561184	1852.8586303394275	1.7714661976407165e26	120321.12159773352	12945.476890536207
9.074870133153741	1841.8280459204857	1.7878696726932453e26	120452.67319988256	12944.829022591284
9.085032361746299	1830.7596631274034	1.804579877159175e26	120584.21822644766	12944.182771210417
9.095194590338856	1819.6529708046965	1.8216054943334398e26	120715.75669395199	12943.538155230082
9.105356818931412	1808.5074478680374	1.8389555384544023e26	120847.28861911308	12942.895194093448
9.11551904752397	1797.3225631116993	1.856639370153885e26	120978.81401884925	12942.253907882246
9.125681276116527	1786.0977749849224	1.8746667145275236e26	121110.33291028654	12941.614317348702
9.135843504709085	1774.832531473055	1.8930476774385984e26	121241.84531076503	12940.976443954747
9.146005733301642	1763.5262697220962	1.9117927650806526e26	121373.35123784696	12940.340309900675
9.1561679618942	1752.178415992339	1.9309129045104125e26	121504.85070932403	12939.705938172765
9.166330190486757	1740.7883854428287	1.9504194641817913e26	121636.34374322565	12939.073352564033
9.176492419079315	1729.3555819525163	1.9703242765301294e26	121767.8303578258	12938.442577406788
9.186654647671872	1717.879397894381	1.9906396625137858e26	121899.31057165084	12937.81363809725
9.19681687626443	1706.3592139846737	2.0113784561726985e26	122030.78440349062	12937.186561092109
9.206979104856988	1694.7943991072866	2.0325540322045954e26	122162.25187240889	12936.561373858945
9.217141333449543	1683.1843101579352	2.0541803347386092e26	122293.71299775409	12935.938104933883
9.227303562042101	1671.5282919044532	2.0762719077304517e26	122425.16779917022	12935.316783983084
9.237465790634658	1659.825676859784	2.0988439282396842e26	122556.61629660895	12934.697441869208
9.247628019227216	1648.0757852162671	2.1219122393363442e26	122688.05851034171	12934.080110723467
9.257790247819774	1636.2779245704266	2.1454933897065822e26	122819.49446097336	12933.464824012317
9.267952476412331	1624.4313900497864	2.1696046716233057e26	122950.9241694559	12932.851616628628
9.278114705004889	1612.5354642042696	2.1942641636737533e26	123082.34765710362	12932.240524974393
9.288276933597446	1600.5894169936807	2.2194907759162835e26	123213.76494560874	12931.6315870548
9.298439162190004	1588.5925058167172	2.245304298138693e26	123345.17605705826	12931.0248425784
9.308601390782561	1576.543975570182	2.271725451860932e26	123476.58101395186	12930.420333064127
9.318763619375117	1564.4430587736788	2.2987759451497572e26	123607.97983922057	12929.81810195878
9.328925847967675	1552.2889757064777	2.3264785349080558e26	123739.37255624826	12929.21819475968
9.339088076560232	1540.080934704437	2.354857084077804e26	123870.75918889027	12928.620659153254
9.34925030515279	1527.8181323780263	2.3839366397373043e26	124002.13976150041	12928.02554515608
9.359412533745347	1515.499754113031	2.4137434974465204e26	124133.51429895157	12927.4329052778
9.369574762337905	1503.1249743220324	2.4443052866354804e26	124264.88282666454	12926.842794680017
9.379736990930462	1490.6929572183712	2.4756510541648256e26	124396.24537063463	12926.255271368927
9.38989921952302	1478.2028574550588	2.5078113561688764e26	124527.60195746199	12925.670396391359
9.400061448115578	1465.6538209459297	2.5408183576249432e26	124658.95261438342	12925.08823404906
9.410223676708135	1453.0449858450056	2.574705939364687e26	124790.29736930669	12924.508852131312
9.42038590530069	1440.3754836976213	2.6095098148689632e26	124921.6362508473	12923.932322167557
9.430548133893248	1427.644440787786	2.645267655399217e26	125052.96928836795	12923.358719701244
9.440710362485806	1414.850979707834	2.682019225470653e26	125184.29651202046	12922.7881245874
9.450872591078364	1401.9942211746175	2.7198065294044385e26	125315.61795279094	12922.22062131594
9.461034819670921	1389.0732861480965	2.758673977654568e26	125446.93364255027	12921.656299126324
9.471197048263479	1376.087298333477	2.798668549709413e26	125578.24361409732	12921.095252098225
9.481359276856036	1363.0353867714882	2.839839993694636e26	125709.54790121982	12920.537580544778
9.491521505448594	1349.9166891601026	2.8822410287649938e26	125840.84653875601	12919.983390999601
9.501683734041151	1336.7303555643184	2.9259275697134434e26	125972.13956266014	12919.432796671947
9.511845962633709	1323.4755526074368	2.970958974907733e26	126103.42701007328	12918.885917976986
9.522008191226265	1310.1514682836462	3.0173983134515548e26	126234.70891939904	12918.342883114809
9.532170419818822	1296.7573174679774	3.065312660939098e26	126365.98533038612	12917.803828702326
9.54233264841138	1283.292348201647	3.11477342206514e26	126497.25628421699	12917.268900463252
9.552494877003937	1269.7558463974015	3.1658566883666064e26	126628.5218236052	12916.738253886066
9.562657105596495	1256.1467688536854	3.218643622000526e26	126759.78199285096	12916.212040647806
9.572819334189052	1242.4633315572362	3.273220894252139e26	126891.03683768905	12915.690394615556
9.58298156278161	1228.7035994904445	3.3296811557380886e26	127022.28640523956	12915.173456692919
9.593143791374168	1214.8655606071595	3.388123561847354e26	127153.53074410983	12914.66137891623
9.603306019966725	1200.9471213527247	3.4486543549501576e26	127284.76990451386	12914.154325589441
9.613468248559283	1186.9461015510913	3.51138750745652e26	127416.0039384028	12913.652474551423
9.62363047715184	1172.8602293466556	3.576445438843534e26	127547.23289960975	12913.156018622245
9.633792705744396	1158.687135404958	3.643959815264422e26	127678.45684401074	12912.665167224768
9.643954934336953	1144.424346804698	3.714072431982436e26	127809.67582970108	12912.18014822761
9.654117162929511	1130.0692802540777	3.7869362160763836e26	127940.88991719502	12911.70121003281
9.664279391522069	1115.6192348665038	3.8627163360677423e26	128072.09916964541	12911.228623957177
9.674441620114626	1101.0713842826324	3.9415914492572675e26	128203.30365308965	12910.762686949494
9.684603848707184	1086.4227680358135	4.0237551113296815e26	128334.50343672613	12910.303724699637
9.694766077299741	1071.670282177622	4.10941736113879e26	128465.69859322395	12909.85209520706
9.704928305892299	1056.8106690220645	4.1988065135047033e26	128596.88919907164	12909.40819289045
9.715090534484856	1041.840505930887	4.292171191206901e26	128728.07533496975	12908.972452922188
9.725252763077414	1026.7561930240458	4.3897826342396124e26	128859.25708626633	12908.545356062534
9.73541499166997	1011.5539396238627	4.49193733594869e26	128990.43454346321	12908.12743673933
9.745577220262527	996.2297492648754	4.5989600327010016e26	129121.6078027901	12907.719289704917
9.755739448855085	980.7794032340586	4.711207181740539e26	129252.77696686625	12907.321578637358
9.765901677447642	965.1984424685855	4.8290709043150995e26	129383.94214544649	12906.93504631528
9.7760639060402	949.4821473004449	4.952983566363595e26	129515.10345628501	12906.56052660906
9.786226134632757	933.6255148645022	5.083423097938241e26	129646.26102613512	12906.198958677029
9.796388363225315	917.6232342278732	5.220919121723088e26	129777.41499189626	12905.851403853132
9.806550591817873	901.4696583047061	5.3660601479624694e26	129908.5655019564	12905.519065812263
9.81671282041043	885.1587722416047	5.519502029068839e26	130039.71271776428	12905.20331477205
9.826875049002988	868.6841582865015	5.6819778239481706e26	130170.85681565716	12904.905716698333
9.837037277595543	852.0389557393737	5.854309531261878e26	130301.99798902827	12904.628068714594
9.847199506188101	835.2158157423547	6.037421994170011e26	130433.13645088738	12904.372442293463
9.857361734780659	818.2068498466034	6.232359503918052e26	130564.27243690853	12904.141236248799
9.867523963373216	801.0035712956457	6.440305727400527e26	130695.4062090773	12903.937242165544
9.877686191965774	783.596827614753	6.662607790881686e26	130826.53806008564	12903.763725731642
9.887848420558331	765.9767235773618	6.900805386009179e26	130957.66831862747	12903.624528586084
9.898010649150889	748.1325305917136	7.156666630934798e26	131088.79735591137	12903.52419832656
9.908172877743446	730.0525830736317	7.432231953356329e26	131219.92559361635	12903.468150848057
9.918335106336004	711.7241563345636	7.729868631582048e26	131351.05351373024	12903.462879348372
9.928497334928561	693.1333230093287	8.05233897037551e26	131482.18167082238	12903.516226857157
9.938659563521117	674.2647831282742	8.402886279501695e26	131613.31070748428	12903.637741912184
9.948821792113675	655.1016613341645	8.785344408271326e26	131744.44137395118	12903.83914913434
9.958984020706232	635.6252637714219	9.204278418906333e26	131875.57455323738	12904.134979273418
9.96914624929879	615.8147830773377	9.665167743884145e26	132006.7112937826	12904.543423785795
9.979308477891347	595.6469380997105	1.017464716190189e27	132137.85285229946	12905.087510503403
9.989470706483905	575.0955290841979	1.0740828276717863e27	132269.0007507971	12905.796746405673
9.999632935076463	554.130882637896	1.1373734617913675e27	132400.1568535768	12906.709452804696
10.00979516366902	532.7191504121616	1.2085900310978369e27	132531.3234729249	12907.876148565221
10.019957392261578	510.82141157764556	1.2893208265487564e27	132662.50351675312	12909.364556791781
10.030119620854135	488.392504948241	1.3816088772076939e27	132793.7006992496	12911.267192712325
10.040281849446693	465.37948281951503	1.4881273314366021e27	132924.91984843026	12913.71317403919
10.050444078039249	441.71952667104995	1.6124424751562172e27	133056.16736628444	12916.887165872982
10.060606306631806	417.3370634401742	1.7594209901700286e27	133187.45193980145	12921.060932628088
10.070768535224364	392.13967473054225	1.9358818666143548e27	133318.7856774388	12926.648028434798
10.080930763816921	366.0120957820631	2.1516847336967592e27	133450.18600334614	12934.303254499022
10.091092992409479	338.8070668705453	2.421637161499909e27	133581.6789733503	12945.114640783726
10.101255221002036	310.33068736017947	2.769043774059215e27	133713.30544373562	12961.001414131048
10.111417449594594	280.3174749270493	3.2328218883587263e27	133845.13345108315	12985.616948098936
10.121579678187151	248.3842708860875	3.883206297339735e27	133977.28562454623	13026.653183977056
10.131741906779709	213.9347764527049	4.8611844725735777e27	134110.00854925183	13102.748803433456
10.141904135372267	175.92505407419384	6.497580273330068e27	134243.88591735222	13269.753184451663
10.152066363964822	132.09459480167067	9.794688753037161e27	134380.74024752557	13770.022496747906