0.	10000.	1.98847e24	0.	13122.46927717877
0.10171256901587906	9971.259631490717	1.990026695182252e24	1335.4202721120703	13136.182104436415
0.20342513803175813	9942.454861211667	1.9915956102911231e24	2672.2183924448705	13149.562663115265
0.3051377070476372	9913.594533590474	1.993176459050039e24	4010.360692263237	13162.613479920616
0.40685027606351626	9884.687501769104	1.9947689716378402e24	5349.813767477424	13175.337231172243
0.5085628450793953	9855.742657359928	1.9963728935120804e24	6690.544493793608	13187.736737611984
0.6102754140952744	9826.76897082349	1.997987984314654e24	8032.520039731117	13199.814932790967
0.7119879831111534	9797.775517336144	1.999614016856897e24	9375.70787777433	13211.574861321122
0.8137005521270325	9768.77150611156	2.0012507761752078e24	10720.075795668097	13223.019668793086
0.9154131211429116	9739.766311793439	2.0028980586446255e24	12065.5919048406	13234.152583356137
1.0171256901587906	9710.76949164495	2.004555671162053e24	13412.224649820302	13244.976923785203
1.1188382591746697	9681.790816225912	2.0062234303867312e24	14759.942816822462	13255.496081488918
1.2205508281905488	9652.840282190653	2.0079011620258876e24	16108.715540533372	13265.713524715067
1.322263397206428	9623.928138083862	2.0095887001701956e24	17458.512312325372	13275.632793748333
1.4239759662223068	9595.064898569268	2.0112858866800645e24	18809.302987034825	13285.257495723261
1.525688535238186	9566.261358075455	2.0129925706050392e24	20161.057789883995	13294.591310177402
1.627401104254065	9537.528605024174	2.0147086076531279e24	21513.747324220432	13303.6379831037
1.7291136732699441	9508.878030495664	2.0164338596776068e24	22867.34257715278	13312.401330391864
1.8308262422858232	9480.321337134515	2.0181681942249926e24	24221.814928278858	13320.885238661725
1.9325388113017021	9451.870545208698	2.0199114840863923e24	25577.136155512642	13329.093663270898
2.0342513803175812	9423.537993194894	2.0216636068965595e24	26933.278443172563	13337.03063371926
2.1359639493334606	9395.336340123195	2.0234244447550363e24	28290.214389008186	13344.700251346707
2.2376765183493394	9367.278560775301	2.0251938838600555e24	29647.91701126862	13352.106693573462
2.3393890873652183	9339.377938434029	2.0269718142026287e24	31006.359757802686	13359.254217425792
2.4411016563810977	9311.648057208155	2.0287581292360674e24	32365.516512988623	13366.147155409397
2.5428142253969765	9284.1027891244	2.030552725602676e24	33725.36160586422	13372.7899183918
2.644526794412856	9256.75627627557	2.032355502873905e24	35085.86981850075	13379.186999740172
2.7462393634287348	9229.622909597387	2.0341663632894126e24	36447.01639363274	13385.342973677527
2.8479519324446136	9202.71730637743	2.0359852115489062e24	37808.777043799935	13391.262494290111
2.949664501460493	9176.05427964407	2.0378119545895886e24	39171.12795882378	13396.950298723243
3.051377070476372	9149.64880615353	2.0396465014032138e24	40534.045814683326	13402.411205100565
3.153089639492251	9123.515990563294	2.0414887628571715e24	41897.50778133808	13407.650109105756
3.25480220850813	9097.671022552757	2.043338651533106e24	43261.49153063225	13412.67198516124
3.356514777524009	9072.129132334225	2.0451960815910506e24	44625.97524434161	13417.481883430037
3.4582273465398883	9046.905542046983	2.0470609686301805e24	45990.93762149423	13422.084925280718
3.559939915555767	9022.015411800678	2.0489332295824471e24	47356.35788560712	13426.486300370178
3.6616524845716465	8997.473782747667	2.0508127826009646e24	48722.215791269664	13430.691262585879
3.7633650535875254	8973.29551663849	2.052699546984938e24	50088.49163051042	13434.705124279079
3.8650776226034043	8949.49523322842	2.0545934430958777e24	51455.16623838727	13438.533249480579
3.9667901916192836	8926.087243638929	2.0564943922967786e24	52822.22099792954	13442.181048246615
4.0685027606351625	8903.085482508051	2.0584023169036028e24	54189.63784450533	13445.653968986851
4.170215329651041	8880.503438253598	2.0603171401459623e24	55557.39926921758	13448.957490057373
4.271927898666921	8858.354083087172	2.0622387861392e24	56925.48832145378	13452.097110687015
4.3736404676828	8836.64980149018	2.0641671798643884e24	58293.88861075345	13455.078342343199
4.475353036698679	8815.402320393705	2.066102247168401e24	59662.584307394514	13457.906698760326
4.577065605714558	8794.622640791249	2.0680439147573064e24	61031.56014215165	13460.587685510398
4.678778174730437	8774.320971392646	2.0699921102163782e24	62400.80140490766	13463.12678914482
4.780490743746316	8754.50666537951	2.0719467620240624e24	63770.29394219912	13465.529466706736
4.882203312762195	8735.1881607287	2.073907799579472e24	65140.024153642575	13467.801135004209
4.983915881778074	8716.372926706867	2.0758751532372216e24	66509.97898727156	13469.947158936782
5.085628450793953	8698.067414799476	2.0778487543513948e24	67880.1459337084	13471.972840753904
5.187341019809832	8680.277016740603	2.079828535308479e24	69250.51301924068	13473.883409527645
5.289053588825712	8663.006029064027	2.0818144295913477e24	70621.06879786294	13475.684010816534
5.390766157841591	8646.257626621276	2.0838063718193297e24	71991.80234224352	13477.379696289781
5.4924787268574695	8630.249597115344	2.0858042852498492e24	73362.70227847235	13478.954494229256
5.594191295873348	8614.646109387599	2.0878080956499514e24	74733.75787796709	13480.446728620302
5.695903864889227	8599.355564939808	2.0898177665898567e24	76104.96162612802	13481.868479121233
5.797616433905107	8584.353188110017	2.0918332666763592e24	77476.3066163725	13483.224792663183
5.899329002920986	8569.61746009934	2.0938545682482617e24	78847.78642253455	13484.52008929479
6.001041571936865	8555.129531600192	2.0958816469008367e24	80219.39504091468	13485.758272205472
6.102754140952744	8540.872767716584	2.0979144811023438e24	81591.1268422063	13486.942812214129
6.204466709968623	8526.832389949139	2.099953051866891e24	82962.97653103666	13488.076814978516
6.306179278984502	8512.995190044712	2.1019973424915764e24	84334.93911170098	13489.163075128234
6.407891848000381	8499.349299736725	2.104047338317693e24	85707.0098588029	13490.204120044527
6.50960441701626	8485.884002574458	2.1061030265310036e24	87079.18429198721	13491.202245998526
6.611316986032139	8472.589578880972	2.108164395998839e24	88451.45815400059	13492.15954804015
6.713029555048018	8459.457177191127	2.1102314371185707e24	89823.82739151365	13493.07794482229
6.814742124063898	8446.47870685742	2.1123041416816706e24	91196.28813826379	13493.959199200091
6.916454693079777	8433.646746809552	2.1143825027716098e24	92568.83670016288	13494.804936570012
7.0181672620956554	8420.954468562304	2.1164665146510935e24	93941.4695421072	13495.616660181822
7.119879831111534	8408.395570272553	2.1185561726870052e24	95314.18327624365	13496.395763985045
7.221592400127413	8395.964220284812	2.1206514732554685e24	96686.9746514167	13497.143543902692
7.323304969143293	8383.655008140051	2.122752413682917e24	98059.840543724	13497.861207611099
7.425017538159172	8371.462902176081	2.1248589921788328e24	99432.77794796778	13498.549883056547
7.526730107175051	8359.38321248165	2.126971207777399e24	100805.78396995657	13499.210625956208
7.62844267619093	8347.411558540549	2.12908906028566e24	102178.85581946914	13499.844426359277
7.7301552452068085	8335.54384067585	2.13121255024013e24	103551.99080392279	13500.452214453642
7.831867814222688	8323.77621495385	2.1333416788614264e24	104925.18632249376	13501.034865584414
7.933580383238567	8312.10507100908	2.1354764480180767e24	106298.43986079755	13501.593204699522
8.035292952254446	8300.527011844824	2.1376168601895706e24	107671.74898599037	13502.128010869596
8.137005521270325	8289.038836489495	2.1397629184299168e24	109045.11134228547	13502.640020766567
8.238718090286204	8277.637523981137	2.1419146263510065e24	110418.52464680794	13503.12993192663
8.340430659302083	8266.320219391504	2.1440719880781927e24	111791.98668576425	13503.598405699571
8.442143228317962	8255.084220872304	2.1462350082420513e24	113165.49531091348	13504.046069926466
8.543855797333842	8243.92696829296	2.1484036919382295e24	114539.04843626116	13504.473521349313
8.645568366349721	8232.84603267609	2.150578044725608e24	115912.64403502436	13504.881327808898
8.7472809353656	8221.839106968288	2.1527580725902126e24	117286.28013679596	13505.270030230102
8.848993504381479	8210.90399737567	2.1549437819310124e24	118659.9548248927	13505.640144450466
8.950706073397358	8200.038615501722	2.157135179552706e24	120033.6662338929	13505.992162861357
9.052418642413237	8189.2409714538635	2.1593322726336754e24	121407.4125473238	13506.326555777481
9.154131211429116	8178.5091671350165	2.1615350687285887e24	122781.19199549482	13506.643772978287
9.255843780444994	8167.841390434245	2.1637435757362742e24	124155.00285347566	13506.94424503866
9.357556349460873	8157.235909601854	2.1659578019081526e24	125528.8434392017	13507.228384452988
9.459268918476752	8146.691068374713	2.16817775582241e24	126902.71211168794	13507.496586700818
9.560981487492633	8136.205281375775	2.1704034463646248e24	128276.60726935511	13507.749231247115
9.662694056508512	8125.777029811447	2.1726348827440477e24	129650.52734844701	13507.986682466644
9.76440662552439	8115.404857576339	2.1748720744581997e24	131024.47082153261	13508.209290497654
9.86611919454027	8105.087367505864	2.177115031293772e24	132398.43619610602	13508.417392036361
9.967831763556148	8094.823218287577	2.1793637633198999e24	133772.42201326144	13508.611311066785
10.069544332572027	8084.611120899181	2.1816182808900005e24	135146.42684642263	13508.791359553217
10.171256901587906	8074.449836273	2.1838785945997682e24	136520.4493001557	13508.957838074663
10.272969470603785	8064.3381722124295	2.1861447153149352e24	137894.48800905276	13509.111036389731
10.374682039619664	8054.274980964067	2.1884166541627113e24	139268.54163664326	13509.251233894964
10.476394608635543	8044.259157076784	2.1906944224920504e24	140642.60887438455	13509.378700319361
10.578107177651423	8034.289634915568	2.192978031905239e24	142016.68844068126	13509.493696161297
10.679819746667302	8024.365386908026	2.1952674942393974e24	143390.77907999622	13509.596473118327
10.781532315683181	8014.4854214354955	2.1975628215517114e24	144764.87956196108	13509.687274511494
10.88324488469906	8004.6487811471525	2.199864026133504e24	146138.98868054338	13509.766335681745
10.984957453714939	7994.854541437948	2.202171120479072e24	147513.10525325968	13509.83388436186
11.086670022730818	7985.101808623288	2.2044841173019625e24	148887.22812041393	13509.890141045073
11.188382591746697	7975.389718608458	2.2068030295314496e24	150261.35614438957	13509.935319271179
11.290095160762576	7965.717435550358	2.2091278702980752e24	151635.48820894843	13509.969625961854
11.391807729778455	7956.084150585757	2.2114586529283928e24	153009.6232185705	13509.993261722339
11.493520298794333	7946.489080279725	2.213795390966354e24	154383.76009783335	13510.006421112237
11.595232867810214	7936.931466005059	2.2161380981225374e24	155757.8977908063	13510.009292889506
11.696945436826093	7927.410572543499	2.2184867883171106e24	157132.03526047323	13510.002060237117
11.798658005841972	7917.925687053534	2.2208414756574837e24	158506.1714881746	13509.984901005382
11.90037057485785	7908.4761182605425	2.2232021744271833e24	159880.30547307848	13509.957987996822
12.00208314387373	7899.061195313166	2.2255688991107802e24	161254.4362316866	13509.921489092048
12.103795712889609	7889.680267323822	2.2279416643479838e24	162628.56279732983	13509.875567501249
12.205508281905487	7880.332701996326	2.2303204849796177e24	164002.68421971225	13509.8203819299
12.307220850921366	7871.017885356543	2.2327053760026119e24	165376.79956445785	13509.756086758232
12.408933419937245	7861.735220685628	2.2350963526084916e24	166750.90791268	13509.682832207684
12.510645988953124	7852.484128127096	2.2374934301341566e24	168125.00836056576	13509.60076452021
12.612358557969005	7843.264043770119	2.239896624105068e24	169499.10001898019	13509.510026062515
12.714071126984884	7834.074419077508	2.242305950209399e24	170873.18201308453	13509.410755496612
12.815783696000763	7824.914720411683	2.2447214242907992e24	172247.2534819551	13509.303087930417
12.917496265016641	7815.784428269912	2.247143062377483e24	173621.31357823132	13509.187155038384
13.01920883403252	7806.683037037551	2.249570880632293e24	174995.36146778666	13509.063085182268
13.1209214030484	7797.610054162561	2.2520048954066804e24	176369.39632938438	13508.931003527188
13.222633972064278	7788.564999935985	2.2544451231896151e24	177743.41735435187	13508.791032122452
13.324346541080157	7779.54740678367	2.2568915806492772e24	179117.4237462792	13508.643290057793
13.426059110096036	7770.556819114795	2.2593442845804872e24	180491.41472073406	13508.48789357289
13.527771679111916	7761.592792568122	2.2618032519633508e24	181865.38950496147	13508.324956135066
13.629484248127795	7752.654893887823	2.2642684999101986e24	183239.34733760485	13508.154588538655
13.731196817143674	7743.742700366072	2.2667400456986523e24	184613.28746844677	13507.976899011188
13.832909386159553	7734.855799547047	2.269217906759758e24	185987.20915815476	13507.791993247243
13.934621955175432	7725.993788937251	2.2717021006721525e24	187361.11167802016	13507.599974529112
14.036334524191311	7717.156275520155	2.274192645155465e24	188734.99430971395	13507.40094380809
14.13804709320719	7708.342875513373	2.2766895580943937e24	190108.8563450713	13507.1949997739
14.239759662223069	7699.553214117893	2.2791928575109708e24	191482.69708584825	13506.982238933344
14.341472231238948	7690.7869251111015	2.2817025615823182e24	192856.51584350184	13506.762755683372
14.443184800254826	7682.043650709822	2.2842186886274492e24	194230.31193899672	13506.53664232931
14.544897369270707	7673.32304117874	2.2867412571169824e24	195604.08470257279	13506.303989196664
14.646609938286586	7664.624754621315	2.2892702856612378e24	196977.8334735668	13506.064884654754
14.748322507302465	7655.948456688234	2.2918057930238152e24	198351.55760020294	13505.819415193035
14.850035076318344	7647.293820435659	2.294347798103561e24	199725.25643941126	13505.567665547742
14.951747645334223	7638.660525977535	2.2968963199552402e24	201098.9293566521	13505.309718648508
15.053460214350102	7630.048260295105	2.2994513777641707e24	202472.57572572835	13505.045655730282
15.15517278336598	7621.456717155008	2.3020129908746926e24	203846.19492863366	13504.775556379764
15.25688535238186	7612.885596757445	2.304581178756921e24	205219.7863553562	13504.499498574998
15.358597921397738	7604.334605544149	2.3071559610433152e24	206593.34940375775	13504.217558748964
15.460310490413617	7595.803456161283	2.3097373574873842e24	207966.8834793705	13503.929811792666
15.562023059429498	7587.291867075103	2.312325388008616e24	209340.3879952955	13503.636331119065
15.663735628445377	7578.799562569138	2.3149200726428977e24	210713.86237200128	13503.337188721787
15.765448197461255	7570.326272415794	2.3175214315956706e24	212087.30603723778	13503.032455200757
15.867160766477134	7561.871731947799	2.3201294851845574e24	213460.71842583502	13502.722199824871
15.968873335493013	7553.435681636119	2.3227442539000486e24	214834.09897963091	13502.406490518646
16.070585904508892	7545.017867209819	2.325365758341278e24	216207.44714727806	13502.085393927518
16.172298473524773	7536.618039207618	2.3279940192865793e24	217580.76238417227	13501.75897545751
16.27401104254065	7528.235953124784	2.3306290576193377e24	218954.0441522749	13501.427299309707
16.37572361155653	7519.871369126672	2.3332708943830512e24	220327.29192004108	13501.090428523663
16.477436180572408	7511.524051962622	2.3359195507574712e24	221700.50516225502	13500.74842496371
16.57914874958829	7503.193770767577	2.33857504806472e24	223073.68335995649	13500.401349375285
16.680861318604165	7494.880299112733	2.3412374077701293e24	224446.82600029506	13500.049261432132
16.782573887620046	7486.583414735147	2.3439066514753704e24	225819.93257644604	13499.69221974381
16.884286456635923	7478.302899441942	2.3465828009316573e24	227193.00258748478	13499.330281896971
16.985999025651804	7470.038539177585	2.3492658780206178e24	228566.0355382872	13498.963504242816
17.087711594667685	7461.79012364674	2.3519559047873725e24	229939.03093941268	13498.591942264726
17.18942416368356	7453.557446445876	2.354652903384219e24	231311.98830701745	13498.215650537806
17.291136732699442	7445.340304736613	2.357356896138615e24	232684.90716276717	13497.834682712502
17.39284930171532	7437.138499406277	2.360067905493144e24	234057.78703372894	13497.449091549126
17.4945618707312	7428.951834751855	2.3627859540572626e24	235430.62745229874	13497.058928865865
17.596274439747077	7420.78011844817	2.3655110645748776e24	236803.42795608615	13496.664245634272
17.697987008762958	7412.623161737355	2.3682432599113394e24	238176.1880878664	13496.265091991314
17.799699577778835	7404.480778836926	2.3709825631126796e24	239548.90739544856	13495.86151724333
17.901412146794716	7396.352787341717	2.3737289973346287e24	240921.58543161862	13495.453569896832
18.003124715810593	7388.239007791908	2.3764825858928883e24	242294.22175406778	13495.041297638518
18.104837284826473	7380.1392639053665	2.379243352238192e24	243666.8159252963	13494.624747410426
18.206549853842354	7372.053382144626	2.382011319988667e24	245039.3675125235	13494.203965394352
18.30826242285823	7363.9811919874055	2.3847865128850022e24	246411.87608765284	13493.778997062467
18.409974991874112	7355.922525738069	2.387568954805724e24	247784.34122715474	13493.349887143138
18.51168756088999	7347.877218320333	2.3903586698080697e24	249156.76251203055	13492.916679659822
18.61340012990587	7339.845107458377	2.3931556820544372e24	250529.1395277102	13492.479417966706
18.715112698921747	7331.826033403431	2.39596001588326e24	251901.4718640138	13492.038144748136
18.816825267937627	7323.819839035226	2.3987716957591826e24	253273.75911505512	13491.59290205476
18.918537836953504	7315.826369662497	2.401590746312307e24	254646.00087920282	13491.14373125358
19.020250405969385	7307.84547302293	2.4044171923168925e24	256018.19675899198	13490.690673107782
19.121962974985266	7299.87699933127	2.4072510586685685e24	257390.3463610878	13490.233767778036
19.223675544001143	7291.9208010002085	2.4100923704550824e24	258762.4492961896	13489.773054830426
19.325388113017024	7283.976732825038	2.4129411528842705e24	260134.50517900902	13489.308573214523
19.4271006820329	7276.044651910873	2.4157974313018223e24	261506.51362817353	13488.840361183253
19.52881325104878	7268.124417351195	2.41866123124282e24	262878.4742661721	13488.368456483457
19.63052582006466	7260.215890522656	2.421532578346361e24	264250.3867193229	13487.892896376874
19.73223838908054	7252.3189347342595	2.4244114984478555e24	265622.25061768934	13487.41371759821
19.833950958096416	7244.4334154855815	2.427298017494491e24	266994.0655950531	13486.930956317417
19.935663527112297	7236.559200168105	2.430192161614951e24	268365.8312888511	13486.444648203695
20.037376096128177	7228.696158101743	2.4330939570848397e24	269737.54734011093	13485.95482842075
20.139088665144055	7220.84416064002	2.436003430306144e24	271109.21339342726	13485.461531656223
20.240801234159935	7213.003080855182	2.4389206078731447e24	272480.8290968866	13484.964792091941
20.342513803175812	7205.172793788845	2.441845516503221e24	273852.39410202764	13484.464643431065
20.444226372191693	7197.353176195493	2.4447781830878294e24	275223.9080638045	13483.961118918469
20.54593894120757	7189.544106537663	2.44771863467849e24	276595.37064051593	13483.454251341445
20.64765151022345	7181.74546512984	2.45066689845257e24	277966.78149378166	13482.944073069293
20.749364079239328	7173.957133826177	2.4536230017775375e24	279338.1402884896	13482.430615981464
20.85107664825521	7166.1789962084285	2.456586972170021e24	280709.446692742	13481.91391155427
20.952789217271086	7158.41093752065	2.4595588372795266e24	282080.70037783275	13481.393990848068
21.054501786286966	7150.652844450598	2.4625386249536365e24	283451.90101818665	13480.870884513282
21.156214355302847	7142.904605370734	2.4655263631665386e24	284823.04829132213	13480.344622791483
21.257926924318724	7135.1661100923675	2.4685220800740117e24	286194.1418778231	13479.815235513972
21.359639493334605	7127.437249861141	2.4715258039963943e24	287565.1814612776	13479.282752130126
21.461352062350482	7119.71791754549	2.4745375633881664e24	288936.1667282559	13478.747201722426
21.563064631366363	7112.00800733275	2.4775573868890073e24	290307.0973682692	13478.208613006245
21.66477720038224	7104.307414771319	2.4805853033081e24	291677.9730737248	13477.667014293
21.76648976939812	7096.616036968863	2.4836213415828444e24	293048.79353989527	13477.122433567873
21.868202338413997	7088.933772140648	2.486665530864104e24	294419.5584648788	13476.57489840665
21.969914907429878	7081.260520020981	2.489717900434866e24	295790.2675495557	13476.024436005639
22.07162747644576	7073.596181628009	2.49277847974217e24	297160.9204975581	13475.471073254359
22.173340045461636	7065.9406590738745	2.495847298436993e24	298531.5170152382	13474.914836708449
22.275052614477516	7058.2938559499125	2.498924386290434e24	299902.0568116341	13474.355752622123
22.376765183493394	7050.655676908536	2.5020097732763436e24	301272.5395984381	13473.793846918124
22.478477752509274	7043.026027815955	2.5051034895359684e24	302642.96508996	13473.229145209472
22.58019032152515	7035.404815868155	2.508205565349686e24	304013.33300309844	13472.66167278123
22.681902890541032	7027.791949182202	2.511316031218783e24	305383.64305731	13472.091454610218
22.78361545955691	7020.1873371644615	2.514434917788989e24	306753.8949745739	13471.518515385225
22.88532802857279	7012.590890362997	2.5175622558669554e24	308124.08847936883	13470.942879515613
22.987040597588667	7005.002520324934	2.520698076450183e24	309494.22329864354	13470.36457108914
23.088753166604548	6997.422139709489	2.52384241071314e24	310864.29916177597	13469.783613916205
23.19046573562043	6989.849662272859	2.5269952899978957e24	312234.3158005549	13469.200031535825
23.292178304636305	6982.285002711391	2.530156745847306e24	313604.27294915	13468.613847211092
23.393890873652186	6974.728076818997	2.5333268099436745e24	314974.17034408276	13468.02508394053
23.495603442668063	6967.178801364693	2.536505514170567e24	316344.00772419805	13467.433764436528
23.597316011683944	6959.637094050969	2.539692890606781e24	317713.78483063943	13466.839911158902
23.69902858069982	6952.102873676306	2.5428889714732926e24	319083.501406823	13466.2435463225
23.8007411497157	6944.576059882617	2.5460937891980244e24	320453.1571984114	13465.644691896732
23.90245371873158	6937.056573186817	2.5493073764051306e24	321822.75195328606	13465.04336956986
24.00416628774746	6929.544335163471	2.5525297658635597e24	323192.2854215241	13464.439600808768
24.10587885676334	6922.039268227493	2.555760990554625e24	324561.75735537434	13463.833406839307
24.207591425779217	6914.541295612166	2.5590010836567914e24	325931.16750923294	13463.224808654448
24.309303994795098	6907.050341505291	2.5622500784964535e24	327300.51563961833	13462.613827018047
24.411016563810975	6899.566330903184	2.565508008617574e24	328669.8015051481	13462.000482446687
24.512729132826856	6892.089189646148	2.5687749077623906e24	330039.02486651536	13461.384795205022
24.614441701842733	6884.618844471405	2.5720508098245114e24	331408.18548646284	13460.766785332024
24.716154270858613	6877.155222818126	2.575335748920151e24	332777.2831297614	13460.146472690652
24.81786683987449	6869.698252929481	2.578629759365125e24	334146.3175631892	13459.52387690263
24.91957940889037	6862.247863930001	2.5819328756302435e24	335515.28855551133	13458.899017400809
25.021291977906248	6854.803985654303	2.5852451324138125e24	336884.19587745995	13458.271913407043
25.12300454692213	6847.366548640593	2.588566564615302e24	338253.0393017117	13457.642583942805
25.22471711593801	6839.935484262396	2.5918972072929497e24	339621.8186028659	13457.011047827289
25.326429684953887	6832.51072456741	2.595237095737362e24	340990.5335574262	13456.377323669323
25.428142253969767	6825.092202332732	2.5985862654421453e24	342359.18394377996	13455.741429891998
25.529854822985644	6817.679851099713	2.6019447520635755e24	343727.76954217965	13455.10338473292
25.631567392001525	6810.273605012341	2.605312591495024e24	345096.2901347223	13454.463206246228
25.733279961017402	6802.873398920198	2.6086898198349667e24	346464.7455053294	13453.820912273113
25.834992530033283	6795.4791684372885	2.612076473348692e24	347833.13543973013	13453.17652049405
25.93670509904916	6788.09084977468	2.6154725885430855e24	349201.4597254437	13452.53004840481
26.03841766806504	6780.708379752119	2.6188782021325425e24	350569.71815175907	13451.881513327915
26.14013023708092	6773.331695923395	2.6222933510026836e24	351937.9105097169	13451.23093241075
26.2418428060968	6765.96073640884	2.6257180722849674e24	353306.0365920934	13450.57832261645
26.34355537511268	6758.595439967476	2.629152403322111e24	354674.09619338287	13449.923700747835
26.445267944128556	6751.235745974001	2.6325963816496716e24	356042.0891097802	13449.267083442344
26.546980513144437	6743.881594439545	2.6360500450032046e24	357410.01513916394	13448.60848718945
26.648693082160314	6736.532925904539	2.639513431367885e24	358777.8740810794	13447.94792828399
26.750405651176195	6729.189681510791	2.642986578936736e24	360145.66573672293	13447.285422876326
26.85211822019207	6721.85180307322	2.646469526087454e24	361513.3899089271	13446.620986970021
26.953830789207952	6714.519232828372	2.649962311458603e24	362881.0464021431	13445.95463640747
27.055543358223833	6707.191913600808	2.653464973899036e24	364248.6350224246	13445.286386880192
27.15725592723971	6699.869788870174	2.6569775524453844e24	365616.1555774128	13444.616253896245
27.25896849625559	6692.55280257163	2.660500086401109e24	366983.6078763198	13443.944252815936
27.360681065271468	6685.240899149458	2.6640326152833585e24	368350.99172991235	13443.270398860926
27.46239363428735	6677.934023655692	2.667575178800821e24	369718.30695049895	13442.594707140643
27.564106203303226	6670.632121571936	2.6711278169341595e24	371085.5533519158	13441.91719259164
27.665818772319106	6663.335138933025	2.674690569881586e24	372452.7307495126	13441.23787002179
27.767531341334983	6656.043022306943	2.678263478037476e24	373819.83896013943	13440.556754106326
27.869243910350864	6648.755718662759	2.681846582072113e24	375186.87780213106	13439.873859379384
27.97095647936674	6641.4731754891245	2.685439922879678e24	376553.8470952928	13439.189200246361
28.072669048382622	6634.195340788111	2.6890435415734505e24	377920.7466608883	13438.502790968138
28.174381617398502	6626.92216308993	2.6926574794870404e24	379287.57632162777	13437.814645689732
28.27609418641438	6619.653591240322	2.6962817782352535e24	380654.33590165066	13437.124778414225
28.37780675543026	6612.389574610269	2.699916479650644e24	382021.02522651583	13436.433203031604
28.479519324446137	6605.130063095528	2.7035616257798975e24	383387.64412318735	13435.739933303526
28.581231893462018	6597.875006922671	2.7072172589688473e24	384754.19242002384	13435.04498285518
28.682944462477895	6590.624356773194	2.710883421773985e24	386120.6699467628	13434.348365196798
28.784657031493776	6583.378063832236	2.714560156987135e24	387487.07653450995	13433.65009372637
28.886369600509653	6576.136079703914	2.718247507648306e24	388853.4120157285	13432.950181733102
28.988082169525534	6568.898356279892	2.7219455170870646e24	390219.6762242265	13432.248642356471
29.089794738541414	6561.664846017739	2.7256542288286844e24	391585.86899514263	13431.545488644404
29.19150730755729	6554.43550173736	2.729373686677702e24	392951.99016493757	13430.840733528426
29.293219876573172	6547.210276591504	2.733103934711555e24	394318.0395713821	13430.134389824205
29.39493244558905	6539.989124177811	2.7368450172350077e24	395684.01705354376	13429.426470245317
29.49664501460493	6532.771998545443	2.7405969787921606e24	397049.922451777	13428.71698738759
29.598357583620807	6525.558854044291	2.7443598642331534e24	398415.7556077134	13428.005953739823
29.700070152636687	6518.349645387908	2.748133718652613e24	399781.51636424946	13427.293381684618
29.801782721652565	6511.144327717568	2.75191858739199e24	401147.20456553483	13426.579283507774
29.903495290668445	6503.942856586885	2.7557145160444317e24	402512.82005696255	13425.863671369169
30.005207859684322	6496.745187807054	2.7595215505235544e24	403878.3626851577	13425.146557314401
30.106920428700203	6489.551277593263	2.7633397369634377e24	405243.83229796565	13424.427953307546
30.208632997716084	6482.361082552243	2.767169121765203e24	406609.22874444386	13423.70787122215
30.31034556673196	6475.174559544805	2.7710097516510316e24	407974.5518748527	13422.98632282915
30.41205813574784	6467.991665847414	2.7748616735779973e24	409339.80154064484	13422.26331980052
30.51377070476372	6460.812359066595	2.7787249347661925e24	410704.97759445483	13421.538873710062
30.6154832737796	6453.63659713738	2.782599582731626e24	412070.07989008987	13420.81299604048
30.717195842795476	6446.4643382873	2.786485665292293e24	413435.1082825208	13420.085698177872
30.818908411811357	6439.295541104725	2.790383230515265e24	414800.06262787204	13419.356991426715
30.920620980827234	6432.130164523872	2.7942923267350605e24	416164.94278341165	13418.626886990869
31.022333549843115	6424.9681677287235	2.7982130026147e24	417529.7486075433	13417.895395979795
31.124046118858995	6417.809510247723	2.8021453070935713e24	418894.4799597971	13417.162529420275
31.225758687874873	6410.654151910147	2.806089289381081e24	420259.13670081965	13416.428298251281
31.327471256890753	6403.5020528942305	2.810044998964241e24	421623.7186923656	13415.692713337108
31.42918382590663	6396.353173578761	2.814012485678002e24	422988.22579728934	13414.955785433194
31.53089639492251	6389.207474730467	2.8179917996088336e24	424352.6578795368	13414.217525224132
31.632608963938388	6382.064917380835	2.821982991129977e24	425717.01480413525	13413.477943310558
31.73432153295427	6374.92546277219	2.8259861109702574e24	427081.2964371859	13412.7370502034
31.836034101970146	6367.789072513347	2.83000121011955e24	428445.5026458555	13411.994856347641
31.937746670986026	6360.655708506833	2.8340283398598523e24	429809.6332983689	13411.251372096987
32.039459240001904	6353.52533288565	2.8380675517893775e24	431173.6882640013	13410.506607725054
32.141171809017784	6346.397908007595	2.8421188978506655e24	432537.66741306445	13409.760573424146
32.242884378033665	6339.273396578865	2.8461824302510344e24	433901.5706169072	13409.013279318124
32.344596947049546	6332.151761584388	2.850258201502391e24	435265.39774790447	13408.264735462033
32.44630951606542	6325.032966171683	2.85434626448248e24	436629.1486794486	13407.514951814952
32.5480220850813	6317.916973793714	2.8584466723600377e24	437992.823285941	13406.763938267432
32.64973465409718	6310.8037481768215	2.8625594786142713e24	439356.42144278466	13406.011704626935
32.75144722311306	6303.693253329976	2.8666847370336533e24	440719.94302637596	13405.258260627945
32.853159792128935	6296.585453470438	2.8708225017443735e24	442083.3879140972	13404.503615945967
32.954872361144815	6289.48031297754	2.874972827230189e24	443446.7559843122	13403.747780170868
33.056584930160696	6282.3777965814625	2.8791357682581044e24	444810.04711635783	13402.990762832154
33.15829749917658	6275.277869251462	2.883311379920523e24	446173.2611905371	13402.232573392961
33.26001006819246	6268.18049609656	2.8874997176945256e24	447536.3980881113	13401.473221237851
33.36172263720833	6261.085642508261	2.89170083736432e24	448899.45769129234	13400.712715691827
33.46343520622421	6253.993274154553	2.895914795024775e24	450262.4398832367	13399.951066016018
33.56514777524009	6246.903356874367	2.9001416471405343e24	451625.34454803873	13399.188281393395
33.66686034425597	6239.815856688202	2.904381450541283e24	452988.1715707232	13398.424370941248
33.768572913271846	6232.730739915841	2.908634262358057e24	454350.9208372406	13397.659343720828
33.87028548228773	6225.647973099072	2.912900140066678e24	455713.59223446104	13396.893208730675
33.97199805130361	6218.567522895127	2.91717914154814e24	457076.1856501658	13396.12597490018
34.07371062031949	6211.489356231447	2.921471325002791e24	458438.70097304013	13395.357651090393
34.17542318933537	6204.413440250811	2.925776748981959e24	459801.13809266785	13394.588246107322
34.27713575835124	6197.33974232584	2.9300954723806874e24	461163.4968995251	13393.817768698727
34.37884832736712	6190.26823000121	2.9344275544770784e24	462525.7772849738	13393.046227548773
34.480560896383004	6183.198870975055	2.9387730549366415e24	463887.97914125747	13392.273631280821
34.582273465398885	6176.131633201916	2.943132033743791e24	465250.10236149305	13391.499988459136
34.68398603441476	6169.066484848858	2.947504551255429e24	466612.14683966606	13390.725307591134
34.78569860343064	6162.003394173178	2.951890668255547e24	467974.11247062474	13389.94959711755
34.88741117244652	6154.94232970407	2.9562904458554483e24	469335.99915007275	13389.172865431254
34.9891237414624	6147.883260187094	2.960703945526261e24	470697.8067745647	13388.395120872858
35.09083631047828	6140.826154460645	2.965131229172977e24	472059.5352415002	13387.616371720329
35.192548879494154	6133.770981574114	2.969572359066776e24	473421.1844491173	13386.836626190032
35.294261448510035	6126.717710779052	2.9740273978512315e24	474782.754296488	13386.055892453074
35.395974017525916	6119.666311535542	2.9784964085427956e24	476144.24468351185	13385.274178612774
35.497686586541796	6112.616753446961	2.9829794545702344e24	477505.655510909	13384.491492705634
35.59939915555767	6105.569006240871	2.9874765997880154e24	478866.9866802144	13383.70784272411
35.70111172457355	6098.523039881719	2.9919879084082635e24	480228.2380937745	13382.923236622932
35.80282429358943	6091.4788244716165	2.996513445045518e24	481589.4096547421	13382.137682297025
35.90453686260531	6084.436330323865	3.001053274705497e24	482950.50126707094	13381.351187598084
36.006249431621185	6077.395527815809	3.0056074628583943e24	484311.5128355103	13380.56376031606
36.107962000637066	6070.356387555327	3.0101760753430286e24	485672.4442655994	13379.775408198564
36.20967456965295	6063.3188803467765	3.014759178393682e24	487033.29546365415	13378.986138951088
36.31138713866883	6056.282977064966	3.019356838697787e24	488394.0663367966	13378.195960214884
36.41309970768471	6049.248648776987	3.0239691233623523e24	489754.7567928988	13377.404879586593
36.51481227670058	6042.215866702125	3.0285960999028293e24	491115.36674061103	13376.612904616613
36.61652484571646	6035.184602269103	3.033237836231545e24	492475.89608935005	13375.820042814528
36.71823741473234	6028.154826957834	3.037894400746195e24	493836.3447492938	13375.026301631988
36.819949983748224	6021.126512429367	3.042565862260229e24	495196.712631375	13374.231688481384
36.9216625527641	6014.099630494978	3.047252290014657e24	496556.9996472782	13373.436210724058
37.02337512177998	6007.074153171167	3.051953753659853e24	497917.205709434	13372.639875683346
37.12508769079586	6000.0500525322805	3.0566703233431547e24	499277.33073101804	13371.842690629803
37.22680025981174	5993.027300784655	3.0614020696480866e24	500637.3746259408	13371.044662788738
37.32851282882762	5986.005870310573	3.066149063592289e24	501997.33730884513	13370.245799345868
37.43022539784349	5978.985733664006	3.070911376631287e24	503357.2186951032	13369.446107450083
37.531937966859374	5971.96686351027	3.075689080690408e24	504717.01870081364	13368.645594201387
37.633650535875255	5964.949232558307	3.08048224819779e24	506076.73724279297	13367.844266645701
37.735363104891135	5957.9328137395105	3.0852909520001597e24	507436.3742385726	13367.042131799375
37.83707567390701	5950.917580122476	3.0901152654034497e24	508795.9296063962	13366.239196638242
37.93878824292289	5943.903504883113	3.094955262198793e24	510155.4032652149	13365.43546809488
38.04050081193877	5936.890561269374	3.0998110166930754e24	511514.7951346822	13364.6309530562
38.14221338095465	5929.87872271489	3.104682603627904e24	512874.1051351507	13363.825658376847
38.24392594997053	5922.867962770011	3.1095700982186387e24	514233.33318766777	13363.019590865948
38.345638518986405	5915.85825510761	3.114473576179167e24	515592.4792139711	13362.212757296596
38.447351088002286	5908.849573449366	3.119393113757523e24	516951.5431364857	13361.40516439509
38.549063657018166	5901.841891703859	3.1243287876508137e24	518310.52487831865	13360.596818857439
38.65077622603405	5894.835183904984	3.1292806750486513e24	519669.42436325666	13359.787727342897
38.75248879504992	5887.8294241997755	3.134248853642569e24	521028.24151576066	13358.977896475604
38.8542013640658	5880.824586765894	3.1392334016883846e24	522386.97626096435	13358.167332829113
38.95591393308168	5873.820645973865	3.144234397902683e24	523745.62852466834	13357.356042949845
39.05762650209756	5866.81757627111	3.149251921520125e24	525104.198233337	13356.544033345504
39.15933907111344	5859.815352263796	3.1542860522707154e24	526462.6853140955	13355.731310493917
39.26105164012932	5852.813948579193	3.1593368704658973e24	527821.089694725	13354.917880827683
39.3627642091452	5845.813339974742	3.164404456926414e24	529179.4113036594	13354.103750747756
39.46447677816108	5838.813501340446	3.16948889298531e24	530537.650069982	13353.28892662783
39.56618934717696	5831.814407692073	3.1745902605002586e24	531895.8059234207	13352.473414761555
39.66790191619283	5824.8160341404355	3.179708641883624e24	533253.8787943375	13351.657221329164
39.76961448520871	5817.818355833898	3.184844120135228e24	534611.8686137245	13350.840352539397
39.871327054224594	5810.821348074792	3.1899967787467536e24	535969.7753132051	13350.022814609403
39.973039623240474	5803.824986280847	3.1951667017568233e24	537327.5988250349	13349.204613721102
40.074752192256355	5796.829245868826	3.200353973828944e24	538685.3390820954	13348.385756011188
40.17646476127223	5789.834102403931	3.205558680150975e24	540042.9960178904	13347.56624759146
40.27817733028811	5782.839531550479	3.210780906473361e24	541400.5695665441	13346.746094538325
40.37988989930399	5775.845509097605	3.21602073909423e24	542758.0596627969	13345.925302899677
40.48160246831987	5768.8520108692055	3.221278264927868e24	544115.4662420022	13345.103878685586
40.583315037335744	5761.859012754977	3.2265535714864795e24	545472.7892401234	13344.281827871642
40.685027606351625	5754.866490781783	3.231846746832874e24	546830.0285937296	13343.459156407735
40.786740175367505	5747.874421067545	3.2371578796173026e24	548187.1842399945	13342.635870213007
40.888452744383386	5740.882779830071	3.242487059076117e24	549544.2561166927	13341.81197517794
40.99016531339926	5733.891543279662	3.247834375113706e24	550901.2441621948	13340.98747715322
41.09187788241514	5726.900687785888	3.253199918190765e24	552258.1483154658	13340.162381963675
41.19359045143102	5719.910189777797	3.2585837793750597e24	553614.9685160615	13339.336695404038
41.2953030204469	5712.920025807847	3.263986050332239e24	554971.704704126	13338.51042324465
41.39701558946278	5705.930172403596	3.269406823423786e24	556328.3568203879	13337.683571214173
41.498728158478656	5698.940606237654	3.2748461915883556e24	557684.9248061575	13336.85614502015
41.60044072749454	5691.951304051962	3.280304248401717e24	559041.4086033242	13336.02815034064
41.70215329651042	5684.962242670765	3.285781088056946e24	560397.80815434	13335.199592826337
41.8038658655263	5677.973399020735	3.2912768054350236e24	561754.1234022839	13334.370478104674
41.90557843454217	5670.984750057354	3.2967914959951354e24	563110.354290725	13333.540811765959
42.00729100355805	5663.996272764754	3.3023252559433545e24	564466.500763852	13332.710599369988
42.10900357257393	5657.007944256232	3.3078781820889043e24	565822.5627664102	13331.879846456171
42.21071614158981	5650.019741749533	3.313450371888003e24	567178.5402437036	13331.048558541223
42.312428710605694	5643.031642474912	3.319041923497385e24	568534.4331415893	13330.21674110853
42.41414127962157	5636.043623698494	3.324652935778807e24	569890.2414064886	13329.384399611332
42.51585384863745	5629.055662815034	3.3302835082342636e24	571245.9649853747	13328.55153948436
42.61756641765333	5622.067737291655	3.3359337410418197e24	572601.6038257715	13327.71816613817
42.71927898666921	5615.079824628516	3.341603735086375e24	573957.157875752	13326.884284953236
42.82099155568508	5608.091902338509	3.347293592003674e24	575312.6270839348	13326.049901277653
42.922704124700964	5601.103948059227	3.35300341408297e24	576668.0113994816	13325.215020443093
43.024416693716844	5594.115939495028	3.358733304320543e24	578023.3107720952	13324.379647757241
43.126129262732725	5587.127854417507	3.3644833664241057e24	579378.5251520174	13323.543788504381
43.227841831748606	5580.13967056979	3.3702537048935933e24	580733.6544900251	13322.707447934246
43.32955440076448	5573.151365821372	3.376044424906701e24	582088.6987374285	13321.870631280899
43.43126696978036	5566.16291809476	3.381855632386016e24	583443.6578460694	13321.033343754472
43.53297953879624	5559.174305396845	3.3876874339684503e24	584798.5317683185	13320.195590545349
43.63469210781212	5552.185505737055	3.393539937072144e24	586153.3204570726	13319.357376816974
43.736404676827995	5545.19649715717	3.3994132499027766e24	587508.0238657518	13318.51870768734
43.838117245843875	5538.207257819822	3.405307481388588e24	588862.6419482916	13317.679588161525
43.939829814859756	5531.217765926028	3.411222741230703e24	590217.1746591369	13316.840023283743
44.04154238387564	5524.227999768091	3.417159139871582e24	591571.6219532471	13316.000018113125
44.14325495289152	5517.237937568923	3.423116788616992e24	592925.983786095	13315.159577673227
44.24496752190739	5510.247557652048	3.4290957995283015e24	594280.2601136627	13314.318706970245
44.34668009092327	5503.2568383990165	3.4350962854568025e24	595634.4508924409	13313.47741098904
44.44839265993915	5496.2657582550055	3.44111836004358e24	596988.5560794258	13312.63569469422
44.55010522895503	5489.274295722282	3.447162137731695e24	598342.575632118	13311.793563029776
44.65181779797091	5482.282429261399	3.4532277338599607e24	599696.509508519	13310.951020907962
44.75353036698679	5475.2901374445255	3.4593152645335393e24	601050.3576671297	13310.10807322689
44.85524293600267	5468.297398861109	3.4654248466989456e24	602404.120066947	13309.264724859457
44.95695550501855	5461.304192187217	3.471556598125276e24	603757.7966674657	13308.420980663266
45.05866807403442	5454.310496118435	3.4777106374339846e24	605111.3874286679	13307.576845472402
45.1603806430503	5447.316289323035	3.483887084163918e24	606464.8923110305	13306.73232409197
45.26209321206618	5440.321550575933	3.490086058661634e24	607818.3112755169	13305.887421314595
45.363805781082064	5433.326258677613	3.496307682154806e24	609171.6442835771	13305.04214191093
45.465518350097945	5426.330392492151	3.5025520767276156e24	610524.8912971452	13304.196490634546
45.56723091911382	5419.333930904015	3.5088193653644114e24	611878.052278638	13303.350472217126
45.6689434881297	5412.336852777113	3.5151096720001313e24	613231.1271909522	13302.50409136375
45.77065605714558	5405.339137066421	3.521423121417945e24	614584.1159974623	13301.65735276657
45.87236862616146	5398.340762741625	3.527759839320822e24	615937.018662019	13300.810261096201
45.974081195177334	5391.341708855665	3.534119952297126e24	617289.8351489474	13299.962821010933
46.075793764193214	5384.341954416374	3.5405035879279434e24	618642.5654230448	13299.115037138768
46.177506333209095	5377.34147847522	3.546910874721928e24	619995.2094495784	13298.26691409133
46.279218902224976	5370.340260142342	3.553341942109925e24	621347.7671942838	13297.418456465111
46.38093147124086	5363.3382785748145	3.559796920465563e24	622700.238623363	13296.569668840331
46.48264404025673	5356.33551294923	3.566275941112589e24	624052.6237034828	13295.720555777716
46.58435660927261	5349.331942392852	3.572779136430015e24	625404.9224017733	13294.87112181072
46.68606917828849	5342.327546128699	3.5793066397145885e24	626757.1346858244	13294.021371463277
46.78778174730437	5335.322303406961	3.585858585259653e24	628109.2605236858	13293.171309241714
46.889494316320246	5328.316193532545	3.59243510831553e24	629461.2998838648	13292.32093963856
46.991206885336126	5321.309195744108	3.5990363452238713e24	630813.2527353241	13291.470267118128
47.09291945435201	5314.301289343016	3.605662433312706e24	632165.1190474797	13290.619296132318
47.19463202336789	5307.292453662169	3.6123135109280935e24	633516.8987901988	13289.768031117132
47.29634459238377	5300.282668064634	3.6189897174496536e24	634868.5919337993	13288.916476492921
47.39805716139964	5293.2719119449985	3.6256911932955965e24	636220.198449051	13288.064636664965
47.49976973041552	5286.260164707734	3.6324180799233647e24	637571.718307167	13287.212516020747
47.6014822994314	5279.247405725144	3.639170519934425e24	638923.1514798065	13286.360118926032
47.703194868447284	5272.233614431861	3.645948656954496e24	640274.4979390735	13285.507449734923
47.80490743746316	5265.218770282132	3.652752635692307e24	641625.7576575128	13284.654512786703
47.90662000647904	5258.202852780395	3.659582601922858e24	642976.9306081107	13283.801312404472
48.00833257549492	5251.185841407326	3.6664387025772643e24	644328.0167642875	13282.947852810186
48.1100451445108	5244.167715635825	3.673321085725473e24	645679.0160998937	13282.094138245116
48.21175771352668	5237.1484549898005	3.680229900517242e24	647029.9285892112	13281.240172969616
48.31347028254255	5230.128039008697	3.6871652972410577e24	648380.7542069561	13280.38596123183
48.415182851558434	5223.106447267768	3.694127427315718e24	649731.4929282768	13279.531507266089
48.516895420574315	5216.083659261009	3.701116443403507e24	651082.1447287491	13278.67681527978
48.618607989590195	5209.059654555221	3.708132499283294e24	652432.7095843768	13277.821889472449
48.72032055860607	5202.034412721631	3.715175749921573e24	653783.1874715904	13276.966734027657
48.82203312762195	5195.007913359603	3.722246351460633e24	655133.5783672453	13276.111353116128
48.92374569663783	5187.98013609247	3.729344461232747e24	656483.88224862	13275.255750895432
49.02545826565371	5180.951060460371	3.736470237875596e24	657834.0990934147	13274.39993149724
49.12717083466959	5173.9206660770915	3.743623841193666e24	659184.2288797498	13273.543899046676
49.228883403685465	5166.888932560189	3.7508054322417265e24	660534.2715861641	13272.687657653876
49.330595972701346	5159.855839527356	3.758015173316918e24	661884.2271916133	13271.831211413957
49.43230854171723	5152.821366627604	3.765253227964915e24	663234.0956754732	13270.974564411099
49.53402111073311	5145.785493481217	3.772519761035394e24	664583.8770175269	13270.117720711309
49.63573367974898	5138.7481996868355	3.7798149387040474e24	665933.5711979746	13269.26068436353
49.73744624876486	5131.709464877105	3.7871389284019104e24	667283.1781974278	13268.403459406745
49.83915881778074	5124.669268689121	3.794491898882298e24	668632.6979969072	13267.546049866645
49.94087138679662	5117.6275907979925	3.801874020186645e24	669982.1305778428	13266.688459759762
50.042583955812496	5110.584410811519	3.8092854637634555e24	671331.4759220717	13265.830693081056
50.14429652482838	5103.539708338294	3.816726402417757e24	672680.7340118374	13264.972753812392
50.24600909384426	5096.493463014735	3.8241970102912897e24	674029.9048297872	13264.11464592595
50.34772166286014	5089.445654471283	3.831697462910672e24	675378.9883589719	13263.256373380551
50.44943423187602	5082.3962623436155	3.839227937154326e24	676727.984582834	13262.397940123077
50.55114680089189	5075.345266282125	3.8467886114471883e24	678076.8934852411	13261.53935008994
50.65285936990777	5068.292645886571	3.8543796654444506e24	679425.7150504023	13260.680607199385
50.754571938923654	5061.238380750011	3.8620012803745576e24	680774.4492630577	13259.821715356937
50.856284507939534	5054.182450478243	3.8696536388957386e24	682123.0961082072	13258.962678458145
50.95799707695541	5047.124834686011	3.877336925101168e24	683471.6555712948	13258.103500388279
51.05970964597129	5040.06551300338	3.8850513245385276e24	684820.1276381586	13257.244185023419
51.16142221498717	5033.004464951208	3.892797024358968e24	686168.5122950299	13256.384736215288
51.26313478400305	5025.941670112867	3.900574213147941e24	687516.8095285316	13255.525157812704
51.36484735301893	5018.877108051339	3.908383081026918e24	688865.0193256773	13254.665453651494
51.466559922034804	5011.810758337542	3.9162238196366964e24	690213.1416738689	13253.80562755843
51.568272491050685	5004.742600544979	3.924096622180491e24	691561.1765609038	13252.94568335034
51.669985060066566	4997.672614154874	3.932001683483158e24	692909.1239749569	13252.085624823243
51.771697629082446	4990.600778677359	3.939939199936998e24	694256.9839045947	13251.225455767351
51.87341019809832	4983.527073618667	3.9479093695227145e24	695604.7563387672	13250.365179962882
51.9751227671142	4976.451478467705	3.9559123918445645e24	696952.4412668088	13249.50480118065
52.07683533613008	4969.373972726211	3.963948468110316e24	698300.0386784361	13248.644323170933
52.17854790514596	4962.294535853444	3.9720178012217036e24	699647.5485637445	13247.783749626105
52.28026047416184	4955.213147261287	3.980120595797658e24	700994.970913205	13246.923084244605
52.381973043177716	4948.129786380386	3.988257058086071e24	702342.3057176652	13246.062330744757
52.4836856121936	4941.04443261566	3.996427396052127e24	703689.5529683516	13245.201492831515
52.58539818120948	4933.957065390439	4.00463181934277e24	705036.7126568664	13244.340574203503
52.68711075022536	4926.867664058923	4.012870539406355e24	706383.7847751867	13243.479578542881
52.78882331924123	4919.776207929131	4.021143769470798e24	707730.7693156647	13242.618509518152
52.89053588825711	4912.682676325234	4.029451724499833e24	709077.6662710244	13241.757370791871
52.99224845727299	4905.587048547078	4.0377946212595886e24	710424.4756343621	13240.896166016017
53.09396102628887	4898.489303881685	4.0461726783038147e24	711771.1973991416	13240.034898833726
53.195673595304754	4891.389421611971	4.054586116049676e24	713117.8315592087	13239.173572880301
53.29738616432063	4884.287380931539	4.063035156777109e24	714464.3781087629	13238.312191773242
53.39909873333651	4877.183161028315	4.0715200246575365e24	715810.8370423802	13237.450759122514
53.50081130235239	4870.076741083437	4.080040945720027e24	717157.2083550009	13236.589278530639
53.60252387136827	4862.9681002460475	4.088598147913108e24	718503.4920419318	13235.72775358998
53.70423644038414	4855.857217667521	4.0971918610826966e24	719849.6880988443	13234.866187886772
53.805949009400024	4848.744072435746	4.1058223170647194e24	721195.7965217738	13234.004584993623
53.907661578415905	4841.628643568492	4.1144897497242244e24	722541.8173071191	13233.142948468923
54.009374147431785	4834.51091010622	4.1231943948572403e24	723887.7504516402	13232.28128186807
54.111086716447666	4827.3908510497595	4.131936490286144e24	725233.5959524587	13231.419588736377
54.21279928546354	4820.268445410653	4.1407162758212114e24	726579.3538070561	13230.557872615436
54.31451185447942	4813.143672086282	4.149533993426333e24	727925.0240132733	13229.696137027728
54.4162244234953	4806.016509962394	4.158389887125527e24	729270.606569309	13228.834385489485
54.51793699251118	4798.886937905076	4.1672842030272726e24	730616.1014737192	13227.972621510049
54.619649561527055	4791.754934744969	4.176217189360538e24	731961.5087254149	13227.110848590155
54.721362130542936	4784.620479292689	4.185189096506077e24	733306.8283236659	13226.24907022394
54.823074699558816	4777.483550339083	4.194200177013801e24	734652.0602681006	13225.38728989914
54.9247872685747	4770.344126556569	4.203250685666773e24	735997.2045586919	13224.525511085485
55.02649983759057	4763.202186603111	4.212340879464307e24	737342.2611957679	13223.663737247345
55.12821240660645	4756.057709143029	4.2214710176224326e24	738687.2301800128	13222.801971846458
55.22992497562233	4748.910672766642	4.2306413616481105e24	740032.1115124602	13221.94021833262
55.33163754463821	4741.761056077259	4.23985217527906e24	741376.9051944945	13221.078480154154
55.43335011365409	4734.608837569023	4.2491037246592226e24	742721.611227851	13220.216760743582
55.53506268266997	4727.453995682693	4.258396278282568e24	744066.2296146116	13219.355063524443
55.63677525168585	4720.296508856967	4.267730106973493e24	745410.7603572081	13218.49339191773
55.73848782070173	4713.136355479239	4.2771054839610776e24	746755.2034584186	13217.631749336588
55.84020038971761	4705.973513883705	4.2865226848974605e24	748099.558921369	13216.770139184786
55.94191295873348	4698.80796241918	4.2959819878168146e24	749443.826749531	13215.908564867044
56.04362552774936	4691.63967926316	4.305483673392519e24	750788.006946722	13215.047029765958
56.145338096765244	4684.468642620886	4.315028024695099e24	752132.0995171018	13214.18553726631
56.247050665781124	4677.2948306453445	4.324615327368751e24	753476.1044651753	13213.324090712862
56.348763234797005	4670.118221435644	4.3342458695944664e24	754820.021795784	13212.46269343122
56.45047580381288	4662.9387930442745	4.343919942138764e24	756163.8515141086	13211.601348772494
56.55218837282876	4655.756523503283	4.353637838388105e24	757507.593625676	13210.74006008806
56.65390094184464	4648.571390740284	4.363399854385227e24	758851.2481363456	13209.878830715079
56.75561351086052	4641.383372609554	4.373206288915899e24	760194.8150523208	13209.017663982157
56.857326079876394	4634.192446953919	4.3830574434124495e24	761538.2943801415	13208.156563214821
56.959038648892275	4626.998591554282	4.392953622056441e24	762881.6861266866	13207.295531731408
57.060751217908155	4619.801784177462	4.402895131746788e24	764224.990299172	13206.434572848571
57.162463786924036	4612.6020024486215	4.41288228229409e24	765568.2069051496	13205.57368986608
57.26417635593992	4605.399223962201	4.422915386313635e24	766911.3359525071	13204.712886080366
57.36588892495579	4598.1934262647355	4.4329947592710375e24	768254.377449467	13203.852164782757
57.46760149397167	4590.984586843222	4.443120719519496e24	769597.3314045846	13202.991529258074
57.56931406298755	4583.7726831385835	4.453293588377671e24	770940.1978267547	13202.130982786695
57.67102663200343	4576.55769254416	4.463513690072309e24	772282.9767252019	13201.270528644829
57.772739201019306	4569.3395923210755	4.4737813519343054e24	773625.668109482	13200.410170092942
57.874451770035186	4562.118359690375	4.484096904281063e24	774968.2719894815	13199.549910389018
57.97616433905107	4554.8939718278825	4.4944606804976935e24	776310.7883754215	13198.689752787259
58.07787690806695	4547.666405836511	4.504873017093678e24	777653.2172778522	13197.829700535176
58.17958947708283	4540.4356387626	4.5153342537067885e24	778995.5587076542	13196.969756875444
58.2813020460987	4533.201647619341	4.525844733100197e24	780337.8126760372	13196.109925049237
58.38301461511458	4525.964409269252	4.536404801381697e24	781679.9791945411	13195.250208282894
58.48472718413046	4518.723900524317	4.5470148078727995e24	783022.058275032	13194.390609798547
58.586439753146344	4511.480098145434	4.557675105172751e24	784364.0499297042	13193.531132815195
58.68815232216222	4504.232978820355	4.5683860492207993e24	785705.9541710792	13192.671780546514
58.7898648911781	4496.982519178297	4.5791479993210535e24	787047.7710120064	13191.812556202602
58.89157746019398	4489.7286958032855	4.5899613181204136e24	788389.50046566	13190.953462991696
58.99329002920986	4482.471485083464	4.6008263719113204e24	789731.14254554	13190.094504102606
59.09500259822574	4475.210863422928	4.6117435303499713e24	791072.6972654716	13189.235682730692
59.196715167241614	4467.946807123212	4.622713166665015e24	792414.1646396035	13188.377002061958
59.298427736257494	4460.679292418121	4.6337356576509717e24	793755.5446824091	13187.51846527917
59.400140305273375	4453.408295472666	4.6448113837039693e24	795096.8374086835	13186.660075561838
59.501852874289256	4446.133792384597	4.6559407289222343e24	796438.0428335522	13185.801836086333
59.60356544330513	4438.855759113393	4.667124081090554e24	797779.1609724518	13184.943750017754
59.70527801232101	4431.574171551489	4.678361831811014e24	799120.1918411488	13184.085820519087
59.80699058133689	4424.289005519527	4.689654376446419e24	800461.1354557289	13183.22805074899
59.90870315035277	4417.000236751593	4.701002114204229e24	801801.9918325988	13182.3704438622
60.010415719368645	4409.707840907646	4.7124054481804225e24	803142.7609884863	13181.513003010801
60.112128288384525	4402.411793601646	4.7238647853497023e24	804483.4429404398	13180.655731347397
60.213840857400406	4395.11207023827	4.735380536845658e24	805824.0377058273	13179.798632006305
60.31555342641629	4387.808646211857	4.746953117745736e24	807164.5453023345	13178.941708094375
60.41726599543217	4380.501496819578	4.758582947178597e24	808504.9657479587	13178.084962714187
60.51897856444804	4373.190597263213	4.7702704485440595e24	809845.2990610243	13177.22839898914
60.62069113346392	4365.875922654929	4.782016049244429e24	811185.5452601602	13176.37202003851
60.7224037024798	4358.557448027819	4.793820181162935e24	812525.7043643312	13175.515828979309
60.82411627149568	4351.235148317346	4.8056832800859616e24	813865.7763927893	13174.659828924452
60.92582884051156	4343.908998289518	4.817605786659762e24	815205.7613651316	13173.804022973327
61.02754140952744	4336.57897266579	4.8295881455998196e24	816545.6593012535	13172.948414228269
61.12925397854332	4329.245046080036	4.841630806171783e24	817885.4702213726	13172.093005789171
61.2309665475592	4321.907193053544	4.853734222155924e24	819225.19414602	13171.237800751234
61.33267911657508	4314.565388032773	4.865898851849325e24	820564.8310960416	13170.382802208722
61.43439168559095	4307.21960532368	4.878125158231674e24	821904.3810925967	13169.528013247264
61.53610425460683	4299.869819112662	4.890413609020201e24	823243.8441571597	13168.673436947858
61.637816823622714	4292.516003502627	4.902764676630727e24	824583.2203115177	13167.819076390433
61.739529392638595	4285.15813249048	4.915178838286678e24	825922.5095777707	13166.96493465285
61.84124196165447	4277.796179963583	4.927656576079329e24	827261.7119783318	13166.111014807495
61.94295453067035	4270.430119749224	4.940198376953675e24	828600.8275359267	13165.257319930326
62.04466709968623	4263.059925477217	4.952804732998798e24	829939.8562735933	13164.40385308397
62.14637966870211	4255.685570685254	4.965476141315595e24	831278.7982146812	13163.550617331102
62.24809223771799	4248.307028812904	4.978213104107338e24	832617.6533828507	13162.697615732406
62.349804806733864	4240.924273187722	4.991016128773683e24	833956.4218020737	13161.844851345708
62.451517375749745	4233.537277023401	5.003885727955824e24	835295.1034966336	13160.992327226999
62.553229944765626	4226.146013444228	5.01682241958054e24	836633.6984911249	13160.14004643316
62.654942513781506	4218.750455373303	5.02982672708727e24	837972.2068104503	13159.28801200843
62.75665508279738	4211.350575655689	5.042899179327626e24	839310.6284798237	13158.4362269991
62.85836765181326	4203.9463470128985	5.056040310688611e24	840648.9635247688	13157.584694449331
62.96008022082914	4196.537742044835	5.069250661117256e24	841987.2119711161	13156.733417401705
63.06179278984502	4189.124733223086	5.082530776411272e24	843325.373845014	13155.88239889516
63.1635053588609	4181.7072929009155	5.095881207839331e24	844663.4491729066	13155.031641967573
63.265217927876776	4174.285393309659	5.109302512904087e24	846001.4379815676	13154.181149655546
63.36693049689266	4166.859006556062	5.122795254344769e24	847339.340298044	13153.330924995325
63.46864306590854	4159.428104539702	5.136360001932338e24	848677.156149727	13152.48097101064
63.57035563492442	4151.992659085747	5.149997330517619e24	850014.885564306	13151.631290730938
63.67206820394029	4144.552641885385	5.163707821622659e24	851352.5285697689	13150.781887184305
63.77378077295617	4137.108024497374	5.17749206286135e24	852690.0851944168	13149.932763397821
63.87549334197205	4129.658778371803	5.191350648110161e24	854027.5554668591	13149.083922398971
63.977205910987934	4122.204874717486	5.205284177836181e24	855364.9394160118	13148.235367203037
64.07891848000381	4114.746284667836	5.219293258886107e24	856702.2370710988	13147.387100832446
64.1806310490197	4107.282979205347	5.233378504676326e24	858039.4484616503	13146.539126304833
64.28234361803557	4099.81492917268	5.247540535308596e24	859376.5736175028	13145.691446610392
64.38405618705144	4092.342105271614	5.261779977618923e24	860713.6125687967	13144.844064738783
64.48576875606733	4084.8644780920085	5.276097465251276e24	862050.5653459785	13143.996983703617
64.5874813250832	4077.38201797503	5.290493638915872e24	863387.4319797978	13143.150206505301
64.68919389409909	4069.8946951601342	5.304969146307051e24	864724.2125013123	13142.303736149544
64.79090646311496	4062.402479730765	5.319524642261154e24	866060.906941884	13141.457575640454
64.89261903213084	4054.9053416126876	5.334160788811452e24	867397.5153331803	13140.611727979538
64.99433160114673	4047.4032505836217	5.348878255432578e24	868734.037707178	13139.76619616897
65.0960441701626	4039.896176286929	5.363677718850361e24	870070.4740961533	13138.920983213255
65.19775673917849	4032.384088187082	5.378559863374085e24	871406.8245326892	13138.07609211222
65.29946930819436	4024.866955508938	5.393525381206011e24	872743.0890496765	13137.2315258572
65.40118187721023	4017.344747393879	5.408574972040106e24	874079.2676803077	13136.387287448413
65.50289444622612	4009.81743279426	5.423709343540173e24	875415.3604580814	13135.54337988118
65.604607015242	4002.284980495443	5.438929211310037e24	876751.3674168006	13134.699806151402
65.70631958425787	3994.747359110362	5.454235299042824e24	878087.2885905731	13133.856569254569
65.80803215327376	3987.20453711562	5.46962833857378e24	879423.1240138122	13133.013672188312
65.90974472228963	3979.656482765149	5.485109070122657e24	880758.8737212343	13132.171117945605
66.01145729130552	3972.1031641199993	5.50067824239077e24	882094.5377478615	13131.328909517279
66.11316986032139	3964.5445490885736	5.516336612583167e24	883430.1161290193	13130.48704989583
66.21488242933727	3956.9806053983825	5.53208494657728e24	884765.6089003381	13129.645542074684
66.31659499835315	3949.4113005874897	5.54792401906002e24	886101.0160977528	13128.804389046045
66.41830756736903	3941.8366020189355	5.563854613601726e24	887436.3377575015	13127.963593802679
66.52002013638491	3934.256476905717	5.57987752284952e24	888771.57391613	13127.123159343013
66.62173270540079	3926.670892182987	5.595993548692593e24	890106.7246104848	13126.28308865428
66.72344527441666	3919.0798146258003	5.612203502334371e24	891441.7898777182	13125.443384728133
66.82515784343255	3911.4832108221476	5.628508204425608e24	892776.7697552873	13124.604050558153
66.92687041244842	3903.8810471598745	5.64490848517142e24	894111.6642809516	13123.76508913638
67.0285829814643	3896.2732898385752	5.661405184624761e24	895446.4734927794	13122.926503458144
67.13029555048018	3888.659904883571	5.677999152528844e24	896781.1974291401	13122.088296521226
67.23200811949606	3881.040858073854	5.694691248759487e24	898115.8361287079	13121.250471319816
67.33372068851195	3873.4161149353004	5.711482343475789e24	899450.389630462	13120.413030844364
67.43543325752782	3865.785640863661	5.728373317025765e24	900784.8579736865	13119.575978093502
67.53714582654369	3858.1494010037763	5.745365060309378e24	902119.2411979709	13118.739316064088
67.63885839555958	3850.507360301337	5.762458474796903e24	903453.5393432085	13117.903047754317
67.74057096457545	3842.859483482482	5.779654472801e24	904787.7524495979	13117.06717616405
67.84228353359134	3835.205735062134	5.796953977423931e24	906121.8805576403	13116.231704295284
67.94399610260722	3827.546079349375	5.814357923327101e24	907455.9237081544	13115.396635152307
68.04570867162309	3819.880480388327	5.831867255902681e24	908789.8819422467	13114.561971738158
68.14742124063898	3812.208901975221	5.849482932415e24	910123.7553013383	13113.727717022673
68.24913380965485	3804.531307738634	5.867205921614982e24	911457.5438271501	13112.893873978268
68.35084637867074	3796.847661037862	5.88503720409286e24	912791.2475617073	13112.060445603804
68.45255894768661	3789.157925014391	5.902977772382131e24	914124.8665473391	13111.227434902588
68.55427151670249	3781.462062604338	5.921028631134343e24	915458.4008266812	13110.394844882727
68.65598408571837	3773.760036411663	5.939190797561005e24	916791.850442675	13109.562678543702
68.75769665473425	3766.0518088393947	5.957465301334578e24	918125.2154385664	13108.730938892255
68.85940922375012	3758.3373420467055	5.9758531848802e24	919458.4958579085	13107.899628935927
68.96112179276601	3750.6165979452085	5.994355503550918e24	920791.6917445597	13107.068751685922
69.06283436178188	3742.889538187965	6.012973325829654e24	922124.803142684	13106.238310153276
69.16454693079777	3735.1561241804234	6.03170773361862e24	923457.8300967541	13105.408307353486
69.26625949981364	3727.4163171043797	6.050559822229179e24	924790.7726515478	13104.578746306499
69.36797206882952	3719.6700777967017	6.069530700929122e24	926123.6308521495	13103.749630027452
69.4696846378454	3711.9173668597837	6.088621492936228e24	927456.4047439515	13102.920961535214
69.57139720686128	3704.1581446326527	6.107833335698128e24	928789.0943726533	13102.092743853667
69.67310977587717	3696.3923711864827	6.127167380905176e24	930121.6997842588	13101.264980007976
69.77482234489304	3688.6200063095603	6.146624795384863e24	931454.2210250893	13100.437673026781
69.87653491390891	3680.8410095432014	6.1662067604276e24	932786.6581417661	13099.610825943542
69.9782474829248	3673.0553401383813	6.185914472339085e24	934119.0111812167	13098.784441795167
70.07996005194067	3665.262956970378	6.205749143399533e24	935451.2801906847	13097.958523610443
70.18167262095656	3657.4638187177425	6.225712001099575e24	936783.4652177182	13097.133074432968
70.28338518997244	3649.657883735047	6.245804288954923e24	938115.5663101757	13096.308097304494
70.38509775898831	3641.8451100830894	6.266027266595175e24	939447.583516226	13095.483595272006
70.4868103280042	3634.0254555254737	6.28638221006222e24	940779.5168843474	13094.659571385202
70.58852289702007	3626.1988775274363	6.306870412028858e24	942111.3664633275	13093.836028698797
70.69023546603594	3618.365333267761	6.32749318221973e24	943443.1323022627	13093.012970272954
70.79194803505183	3610.5247795673804	6.348251847381947e24	944774.814450574	13092.190399167204
70.8936606040677	3602.6771729273896	6.369147752053225e24	946106.4129579777	13091.368318444662
70.99537317308359	3594.8224695441245	6.390182258452091e24	947437.9278745083	13090.54673117386
71.09708574209947	3586.9606252974945	6.41135674688647e24	948769.3592505122	13089.725640428971
71.19879831111534	3579.091595736371	6.432672616080569e24	950100.7071366489	13088.905049287441
71.30051088013123	3571.215336080758	6.454131283353185e24	951431.9715838901	13088.084960832823
71.4022234491471	3563.3318012257823	6.475734185257512e24	952763.1526435242	13087.265378153195
71.50393601816299	3555.4409457305683	6.497482777561722e24	954094.2503671439	13086.446304342891
71.60564858717886	3547.542723754158	6.519378535578509e24	955425.26480668	13085.627742495419
71.70736115619474	3539.6370891347274	6.54142295488161e24	956756.1960143558	13084.809695712063
71.80907372521062	3531.7239953623484	6.563617551307604e24	958087.044042718	13083.99216710071
71.9107862942265	3523.803395570993	6.585963861298139e24	959417.8089446286	13083.175159774097
72.01249886324237	3515.8752425300404	6.608463442370436e24	960748.4907732679	13082.358676851592
72.11421143225826	3507.93948869269	6.631117873348916e24	962079.0895821339	13081.542721462825
72.21592400127413	3499.996086036513	6.653928755030514e24	963409.6054250414	13080.7272967331
72.31763657029002	3492.04498620985	6.676897710315933e24	964740.0383561254	13079.912405799421
72.4193491393059	3484.0861404809334	6.700026384452753e24	966070.3884298372	13079.098051804618
72.52106170832177	3476.1194997245184	6.723316446118735e24	967400.6557009553	13078.284237898262
72.62277427733765	3468.1450144414953	6.746769586678275e24	968730.8402245685	13077.47096719459
72.72448684635353	3460.1626347413835	6.770387521442026e24	970060.9420560824	13076.658242726755
72.82619941536942	3452.1723103237323	6.794171990062483e24	971390.9612512146	13075.84606763569
72.92791198438529	3444.173990510209	6.81812475670063e24	972720.8978660067	13075.034445079578
73.02962455340116	3436.1676241372807	6.842247610350543e24	974050.7519568165	13074.223378214687
73.13133712241705	3428.1531596441864	6.866542365704208e24	975380.5235803263	13073.412870205799
73.23304969143292	3420.1305450594937	6.891010863254827e24	976710.2127935395	13072.602924225383
73.33476226044881	3412.0997279821404	6.915654969936585e24	978039.8196537839	13071.793543451531
73.43647482946469	3404.060655578994	6.940476579509656e24	979369.34421871	13070.98473106985
73.53818739848056	3396.0132745898873	6.965477612953288e24	980698.7865462919	13070.176490273756
73.63989996749645	3387.9575313238506	6.990660019125727e24	982028.146694831	13069.368824264702
73.74161253651232	3379.893371538308	7.016025775453494e24	983357.4247229521	13068.561736241412
73.8433251055282	3371.8207406131337	7.041576888053275e24	984686.6206896075	13067.755229418157
73.94503767454408	3363.7395834413924	7.067315392409956e24	986015.7346540759	13066.949307013667
74.04675024355996	3355.6498444491226	7.093243353972865e24	987344.7666759642	13066.143972254811
74.14846281257584	3347.5514675844497	7.119362868626422e24	988673.7168152076	13065.339228376071
74.25017538159172	3339.4443963182543	7.145676063208714e24	990002.5851320695	13064.535078620203
74.35188795060759	3331.3285736636944	7.172185096587381e24	991331.3716871499	13063.731526241098
74.45360051962348	3323.20394205924	7.198892159267779e24	992660.0765413711	13062.92857449304
74.55531308863935	3315.070443466297	7.225799474937057e24	993988.6997559906	13062.126226641532
74.65702565765524	3306.928019341071	7.252909300610906e24	995317.2413925994	13061.324485960926
74.75873822667111	3298.776610623607	7.280223927438256e24	996645.7015131216	13060.523355734216
74.86045079568699	3290.6161577296302	7.307745681204648e24	997974.0801798153	13059.722839253378
74.96216336470287	3282.446600538367	7.33547692299085e24	999302.3774552738	13058.92293981928
75.06387593371875	3274.2678784084337	7.363420049955336e24	1.0006305934024263e6	13058.123660743815
75.16558850273464	3266.0799301741185	7.391577495992925e24	1.0019587280845419e6	13057.325005350081
75.26730107175051	3257.882694010391	7.419951732508378e24	1.0032867815652237e6	13056.52697696113
75.36901364076638	3249.6761075993554	7.448545269042751e24	1.0046147539084167e6	13055.729578916422
75.47072620978227	3241.460108040639	7.477360653987449e24	1.0059426451784051e6	13054.93281456455
75.57243877879814	3233.2346318571563	7.506400475428979e24	1.0072704554398137e6	13054.136687264529
75.67415134781402	3224.999614986936	7.53566736163528e24	1.0085981847576085e6	13053.341200385883
75.7758639168299	3216.754992762939	7.565163982613902e24	1.0099258331971031e6	13052.546357308074
75.87757648584578	3208.5006999246702	7.594893050140584e24	1.0112534008239525e6	13051.752161422579
75.97928905486167	3200.236670626089	7.624857318609173e24	1.012580887704157e6	13050.95861613479
76.08100162387754	3191.962838373943	7.655059586039676e24	1.0139082939040618e6	13050.165724858878
76.18271419289341	3183.6791359810977	7.685502695671573e24	1.0152356194903632e6	13049.373491014869
76.2844267619093	3175.3854956895284	7.716189535860707e24	1.0165628645301057e6	13048.581918041184
76.38613933092518	3167.0818490771444	7.747123041257941e24	1.0178900290906826e6	13047.791009387127
76.48785189994106	3158.7681270625326	7.778306194017178e24	1.0192171132398403e6	13047.000768514485
76.58956446895694	3150.444259901525	7.809742024418017e24	1.0205441170456765e6	13046.21119889841
76.69127703797281	3142.1101771788763	7.841433612034258e24	1.0218710405766441e6	13045.422304027781
76.7929896069887	3133.765807821128	7.873384086549531e24	1.0231978839015516e6	13044.634087407794
76.89470217600457	3125.4110799503023	7.905596629372063e24	1.0245246470895634e6	13043.846552540897
76.99641474502045	3117.04592106374	7.938074473939357e24	1.0258513302101974e6	13043.059702852952
77.09812731403633	3108.670257926924	7.970820907230318e24	1.0271779333333216e6	13042.273541834213
77.1998398830522	3100.284016571806	8.003839270580952e24	1.028504456529161e6	13041.488073021364
77.3015524520681	3091.8871222846897	8.037132961368463e24	1.0298308998683038e6	13040.703299964
77.40326502108397	3083.479499606564	8.070705433450557e24	1.0311572634216972e6	13039.919226226071
77.50497759009984	3075.061072319247	8.104560198810644e24	1.0324835472606528e6	13039.135855385592
77.60669015911573	3066.6317634714487	8.138700828631516e24	1.0338097514568476e6	13038.353191038615
77.7084027281316	3058.191495218664	8.173130954705652e24	1.0351358760823226e6	13037.571236785834
77.81011529714749	3049.74018897922	8.207854270707407e24	1.0364619212094878e6	13036.789996248115
77.91182786616336	3041.2777653551593	8.24287453329881e24	1.0377878869111215e6	13036.009473060949
78.01354043517924	3032.804144127537	8.278195563596276e24	1.0391137732603727e6	13035.229670875264
78.11525300419513	3024.3192442373665	8.313821248911239e24	1.0404395803307644e6	13034.450593357142
78.216965573211	3015.8229837948534	8.349755543074041e24	1.0417653081961885e6	13033.672244190362
78.31867814222689	3007.315280035831	8.386002469311333e24	1.0430909569309171e6	13032.89462707355
78.42039071124276	2998.796049350453	8.42256612139862e24	1.0444165266095903e6	13032.117745724825
78.52210328025863	2990.2652071853245	8.459450663616736e24	1.0457420173072509e6	13031.341603873936
78.62381584927452	2981.7226680927974	8.496660334845667e24	1.0470674290992965e6	13030.566205268997
78.7255284182904	2973.168345723402	8.534199448581846e24	1.0483927620615164e6	13029.791553676909
78.82724098730627	2964.602152798753	8.572072394786136e24	1.049718016270083e6	13029.017652882805
78.92895355632216	2956.0240010870357	8.610283642197702e24	1.0510431918015564e6	13028.244506689522
79.03066612533803	2947.4338014082514	8.648837739197578e24	1.0523682887328821e6	13027.472118919894
79.13237869435392	2938.831463625554	8.687739316220024e24	1.0536933071413967e6	13026.700493417613
79.23409126336979	2930.216896592474	8.72699308753396e24	1.055018247104829e6	13025.929634044334
79.33580383238566	2921.5900080995557	8.766603853330206e24	1.0563431087013006e6	13025.159544676744
79.43751640140155	2912.950704959063	8.806576501242646e24	1.057667892009329e6	13024.390229216197
79.53922897041743	2904.2988929392022	8.846916008541421e24	1.05899259710783e6	13023.621691584554
79.64094153943331	2895.634476753451	8.887627444137658e24	1.060317224076118e6	13022.853935725345
79.74265410844919	2886.9573600366734	8.928715970973324e24	1.0616417729939115e6	13022.086965603618
79.84436667746506	2878.2674453309764	8.970186847939251e24	1.0629662439413322e6	13021.320785206583
79.94607924648095	2869.56463408752	9.012045431960923e24	1.0642906369989093e6	13020.55539854633
80.04779181549682	2860.8488266417676	9.054297180489243e24	1.0656149522475798e6	13019.790809659144
80.14950438451271	2852.1199220923863	9.096947654468479e24	1.066939189768694e6	13019.027022597333
80.25121695352858	2843.3778184280072	9.140002519859929e24	1.0682633496440146e6	13018.264041442884
80.35292952254446	2834.622412448546	9.183467550298964e24	1.0695874319557203e6	13017.501870302407
80.45464209156034	2825.8535997414706	9.227348630582594e24	1.0709114367864116e6	13016.740513307674
80.55635466057622	2817.0712746770423	9.271651757918992e24	1.0722353642191074e6	13015.979974617578
80.65806722959209	2808.275330372867	9.316383045595808e24	1.0735592143372525e6	13015.220258417266
80.75977979860798	2799.465658677839	9.361548725552548e24	1.0748829872247183e6	13014.46136891925
80.86149236762385	2790.6421501904592	9.407155151209516e24	1.0762066829658067e6	13013.70331036803
80.96320493663974	2781.804694137357	9.453208800517594e24	1.0775303016452522e6	13012.946087030898
81.06491750565561	2772.9531784151336	9.499716279155629e24	1.0788538433482207e6	13012.189703106933
81.16663007467149	2764.087489580598	9.546684323663736e24	1.080177308160304e6	13011.434162809972
81.26834264368738	2755.207512807652	9.594119804418956e24	1.0815006961675305e6	13010.679470470744
81.37005521270325	2746.313131858596	9.642029729087879e24	1.0828240074563685e6	13009.92563044764
81.47176778171914	2737.4042290708644	9.69042124624618e24	1.0841472421137327e6	13009.172647129317
81.57348035073501	2728.4806853228806	9.739301648787123e24	1.085470400226985e6	13008.42052493459
81.67519291975088	2719.542380049331	9.78867837752031e24	1.0867934818839391e6	13007.669268316367
81.77690548876677	2710.5891911281333	9.838559025132998e24	1.088116487172863e6	13006.918881755222
81.87861805778265	2701.6209948841656	9.888951340049413e24	1.08943941618248e6	13006.169369762601
81.98033062679852	2692.6376661084137	9.93986323047322e24	1.0907622690019768e6	13005.420736885626
82.0820431958144	2683.6390780023557	9.991302768188724e24	1.0920850457210029e6	13004.672987705073
82.18375576483028	2674.625102148799	1.004327819348087e25	1.0934077464296757e6	13003.926126836857
82.28546833384617	2665.595608482905	1.0095797918709398e25	1.0947303712185842e6	13003.180158931964
82.38718090286204	2656.5504652626396	1.014887053340717e25	1.096052920178792e6	13002.435088678141
82.48889347187792	2647.4895390409697	1.020250480881228e25	1.0973753934018419e6	13001.690920800498
82.5906060408938	2638.4126946551787	1.0256709702766403e25	1.098697790979753e6	13000.947660064236
82.69231860990968	2629.3197951472744	1.0311494364108944e25	1.1000201130050477e6	13000.20531127148
82.79403117892556	2620.210701714117	1.0366868139228067e25	1.1013423595707228e6	12999.463879261208
82.89574374794144	2611.0852737509126	1.042284057612352e25	1.1026645307702736e6	12998.723368916113
82.99745631695731	2601.943368776722	1.0479421430306852e25	1.103986626697696e6	12997.983785160586
83.0991688859732	2592.784842409026	1.05366206702931e25	1.1053086474474878e6	12997.245132962575
83.20088145498907	2583.6095483183735	1.0594448483654801e25	1.1066305931146548e6	12996.507417333409
83.30259402400496	2574.4173381994074	1.0652915283298134e25	1.1079524637947148e6	12995.770643330363
83.40430659302083	2565.208061730602	1.0712031712617597e25	1.1092742595837014e6	12995.034816056805
83.50601916203671	2555.9815665809347	1.0771808653414853e25	1.110595980578171e6	12994.299940667406
83.6077317310526	2546.737698231544	1.0832257231752542e25	1.1119176268752068e6	12993.566022358345
83.70944430006847	2537.476300064205	1.089338882513428e25	1.1132391985724214e6	12992.833066378349
83.81115686908434	2528.197213287332	1.0955215069374488e25	1.114560695767965e6	12992.101078028243
83.91286943810023	2518.9002768944288	1.1017747866309113e25	1.1158821185605298e6	12991.370062661632
84.0145820071161	2509.5853276165344	1.1080999391348445e25	1.1172034670493552e6	12990.64002568627
84.11629457613199	2500.252199885911	1.1144982100408384e25	1.1185247413342327e6	12989.910972566342
84.21800714514787	2490.9007257753146	1.1209708740094157e25	1.1198459415155135e6	12989.182908822468
84.31971971416374	2481.530734994452	1.1275192351308645e25	1.121167067694107e6	12988.455840036877
84.42143228317963	2472.142054742769	1.1341446294019186e25	1.12248811997151e6	12987.729771847267
84.5231448521955	2462.734509810701	1.1408484225487335e25	1.1238090984497813e6	12987.004709959907
84.62485742121139	2453.3079223500836	1.1476320141105992e25	1.125130003231566e6	12986.280660138133
84.72656999022726	2443.862111963525	1.1544968367889317e25	1.1264508344200999e6	12985.55762821444
84.82828255924314	2434.396895607566	1.1614443577776425e25	1.1277715921192155e6	12984.835620085738
84.92999512825902	2424.9120875541166	1.1684760798234244e25	1.1290922764333435e6	12984.114641585596
85.0317076972749	2415.4074993153986	1.1755935423305614e25	1.13041288746751e6	12983.394698654993
85.13342026629078	2405.8829395893395	1.182798322438583e25	1.131733425327354e6	12982.675797372747
85.23513283530666	2396.3382142103333	1.1900920361445448e25	1.1330538901191358e6	12981.957943889964
85.33684540432253	2386.7731261206063	1.197476339755911e25	1.134374281949748e6	12981.241144435195
85.43855797333842	2377.187475208824	1.2049529307681724e25	1.1356946009267166e6	12980.525405308752
85.54027054235429	2367.5810583237935	1.2125235494657498e25	1.137014847158214e6	12979.810732890652
85.64198311137017	2357.953669216517	1.2201899801647302e25	1.1383350207530658e6	12979.097133643394
85.74369568038605	2348.305098464633	1.227954052603419e25	1.13965512182076e6	12978.384614113611
85.84540824940193	2338.6351334040937	1.235817643382045e25	1.1409751504714526e6	12977.673180934578
85.94712081841782	2328.94355805321	1.2437826775796532e25	1.1422951068159817e6	12976.962840827717
86.04883338743369	2319.230153051256	1.2518511301961734e25	1.1436149909658718e6	12976.253600606733
86.15054595644956	2309.494695597743	1.260025027723052e25	1.1449348030333442e6	12975.545467180795
86.25225852546545	2299.7369593806297	1.268306450307891e25	1.1462545431313303e6	12974.838447557393
86.35397109448132	2289.9567144435237	1.2766975326952407e25	1.1475742113734803e6	12974.132548841913
86.45568366349721	2280.153727137764	1.2852004668757669e25	1.1488938078741687e6	12973.427778242281
86.55739623251309	2270.327760079515	1.2938175035527367e25	1.15021333274851e6	12972.72414307557
86.65910880152896	2260.4785720451105	1.3025509541985985e25	1.151532786112369e6	12972.021650769158
86.76082137054485	2250.605917886569	1.3114031932072626e25	1.152852168082372e6	12971.320308864999
86.86253393956072	2240.7095484514084	1.320376659894267e25	1.1541714787759169e6	12970.620125023137
86.9642465085766	2230.789210483229	1.3294738609605395e25	1.1554907183111892e6	12969.921107025386
87.06595907759248	2220.8446465741936	1.338697372112232e25	1.156809886807165e6	12969.223262781912
87.16767164660835	2210.875594951409	1.3480498426020857e25	1.1581289843836492e6	12968.526600327636
87.26938421562424	2200.8817896099836	1.3575339946673033e25	1.1594480111612536e6	12967.831127842133
87.37109678464012	2190.862959946084	1.3671526281826435e25	1.1607669672614296e6	12967.136853636168
87.47280935365599	2180.8188308152626	1.3769086230876673e25	1.1620858528064925e6	12966.443786166968
87.57452192267188	2170.7491224130104	1.3868049422594927e25	1.1634046679196167e6	12965.75193404264
87.67623449168775	2160.653550163949	1.3968446342601675e25	1.1647234127248623e6	12965.06130602715
87.77794706070364	2150.53182460321	1.407030836721449e25	1.1660420873471904e6	12964.371911045238
87.87965962971951	2140.383651285431	1.4173667793227117e25	1.167360691912475e6	12963.68375818952
87.98137219873539	2130.2087306518893	1.4278557875314853e25	1.1686792265475267e6	12962.996856725551
88.08308476775127	2120.006757964169	1.4385012853087403e25	1.1699976913801008e6	12962.311216101793
88.18479733676715	2109.777423048193	1.4493068021779416e25	1.1713160865389423e6	12961.626845947292
88.28650990578303	2099.520410409031	1.46027597047344e25	1.1726344121537628e6	12960.943756094539
88.38822247479891	2089.2353988323866	1.4714125362153255e25	1.1739526683552947e6	12960.261956567521
88.48993504381478	2078.9220614620485	1.4827203598576062e25	1.1752708552752926e6	12959.581457421762
88.59164761283067	2068.5800656020165	1.494203421492006e25	1.1765889730465412e6	12958.902268939486
88.69336018184654	2058.2090725741787	1.5058658254923974e25	1.1779070218028887e6	12958.224401740395
88.79507275086242	2047.8087375897974	1.5177118054021061e25	1.179225001679276e6	12957.547866672567
88.8967853198783	2037.378709611025	1.5297457291030609e25	1.1805429128117596e6	12956.872674822516
88.99849788889418	2026.9186311956998	1.5419721043593178e25	1.1818607553375366e6	12956.198837523516
89.10021045791007	2016.4281383884686	1.5543955837339786e25	1.1831785293949675e6	12955.52636636825
89.20192302692594	2005.9068605664575	1.567020971516245e25	1.1844962351236069e6	12954.85527321921
89.30363559594181	1995.354420207487	1.579853229022934e25	1.185813872664233e6	12954.185570214822
89.4053481649577	1984.7704327801025	1.5928974817896653e25	1.1871314421588695e6	12953.517269784374
89.50706073397357	1974.1545066237975	1.6061590259062446e25	1.1884489437508204e6	12952.850384662474
89.60877330298946	1963.50624275184	1.6196433354242876e25	1.1897663775847014e6	12952.184927900516
89.71048587200534	1952.8252346968345	1.6333560696932256e25	1.1910837438064713e6	12951.520912881106
89.81219844102121	1942.111068314811	1.6473030818226003e25	1.1924010425634715e6	12950.858353330741
89.9139110100371	1931.3633216564272	1.6614904258929716e25	1.193718274004451e6	12950.197263338394
90.01562357905297	1920.5815647361312	1.675924367238631e25	1.1950354382796183e6	12949.537657368066
90.11733614806884	1909.765359405484	1.690611390080219e25	1.1963525355406664e6	12948.879550279426
90.21904871708473	1898.9142591298505	1.7055582085924602e25	1.1976695659408253e6	12948.222957343456
90.3207612861006	1888.0278088683388	1.7207717764632104e25	1.1989865296348962e6	12947.567894265618
90.4224738551165	1877.1055447427873	1.7362592973437114e25	1.2003034267793056e6	12946.914377197732
90.52418642413237	1866.1469939637113	1.7520282371682403e25	1.2016202575321419e6	12946.262422766584
90.62589899314824	1855.151674624988	1.7680863354341619e25	1.2029370220532117e6	12945.612048096104
90.72761156216413	1844.1190954917977	1.7844416181161447e25	1.2042537205040897e6	12944.963270830696
90.82932413118	1833.0487558112613	1.8011024108304244e25	1.2055703530481707e6	12944.316109161424
90.93103670019589	1821.9401450910752	1.8180773535901715e25	1.2068869198507331e6	12943.670581852115
91.03274926921176	1810.7927429395936	1.8353754144957071e25	1.2082034210789886e6	12943.026708270796
91.13446183822764	1799.6060188136432	1.8530059072832892e25	1.209519856902157e6	12942.384508417603
91.23617440724352	1788.379431876849	1.870978505979142e25	1.2108362274915194e6	12941.744002961155
91.3378869762594	1777.112430785058	1.8893032649965407e25	1.2121525330204994e6	12941.105213272534
91.43959954527529	1765.8044533916784	1.907990635265169e25	1.2134687736647318e6	12940.468161457595
91.54131211429116	1754.454926647801	1.927051486362052e25	1.2147849496021352e6	12939.832870401871
91.64302468330703	1743.0632664051018	1.9464971263162085e25	1.2161010610130006e6	12939.199363810136
91.74473725232292	1731.628877223444	1.966339324458359e25	1.2174171080800616e6	12938.567665968385
91.8464498213388	1720.1511521758869	1.986590334855761e25	1.2187330909885613e6	12937.937802090159
91.94816239035467	1708.629472647155	2.007262922038761e25	1.2200490099263687e6	12937.309798508159
92.04987495937056	1697.0632081964973	2.0283703870079486e25	1.2213648650840796e6	12936.683682559293
92.15158752838643	1685.451716373968	2.049926596721908e25	1.222680656655125e6	12936.059482640512
92.25330009740232	1673.7943425785063	2.071946014374929e25	1.2239963848358837e6	12935.437228270177
92.35501266641819	1662.0904199563452	2.0944437300011427e25	1.2253120498257887e6	12934.81695015512
92.45672523543406	1650.3392692782782	2.117435498387744e25	1.2266276518274685e6	12934.19868025979
92.55843780444995	1638.540198748416	2.140937771894154e25	1.2279431910468647e6	12933.582451876382
92.66015037346583	1626.6925040098965	2.1649677429374824e25	1.229258667693377e6	12932.96829970916
92.76186294248171	1614.7954681096817	2.189543384336886e25	1.2305740819800114e6	12932.356259961462
92.86357551149759	1602.8483614617862	2.2146834943469878e25	1.2318894341235345e6	12931.746370426643
92.96528808051346	1590.8504418608952	2.2404077450068564e25	1.2332047243446445e6	12931.138670587796
93.06700064952935	1578.8009545455934	2.2667367328916495e25	1.2345199528681438e6	12930.533201724335
93.16871321854522	1566.6991323002003	2.2936920345156116e25	1.2358351199231306e6	12929.930007026898
93.27042578756111	1554.5441956202774	2.3212962645272043e25	1.237150225743196e6	12929.329131721914
93.37213835657698	1542.3353528957373	2.349573142318488e25	1.2384652705666502e6	12928.730623202755
93.47385092559286	1530.0718007702087	2.3785475530017546e25	1.239780254636723e6	12928.134531177702
93.57556349460874	1517.7527244794749	2.408245629274476e25	1.2410951782018426e6	12927.540907823788
93.67727606362462	1505.377298225421	2.43869482166242e25	1.2424100415158628e6	12926.94980795041
93.77898863264049	1492.9446857966602	2.4699239894954137e25	1.2437248448383613e6	12926.361289184344
93.88070120165638	1480.4540412727506	2.5019634889005055e25	1.2450395884349265e6	12925.775412167332
93.98241377067225	1467.9045098071404	2.5348452709112385e25	1.2463542725774727e6	12925.192240767477
94.08412633968814	1455.295228559987	2.5686029930787556e25	1.2476688975446012e6	12924.611842308814
94.18583890870401	1442.6253278631712	2.6032721241023284e25	1.2489834636219237e6	12924.034287823055
94.28755147771989	1429.8939324984315	2.638890077318128e25	1.2502979711024892e6	12923.459652318734
94.38926404673578	1417.1001632464483	2.675496342193835e25	1.251612420287191e6	12922.888015076864
94.49097661575165	1404.243138667337	2.7131326305733403e25	1.2529268114852163e6	12922.319459970427
94.59268918476754	1391.3219771645595	2.7518430330307966e25	1.254241145014524e6	12921.754075678666
94.69440175378341	1378.335799429232	2.7916741974133814e25	1.2555554212023371e6	12921.191955559148
94.79611432279928	1365.283731069528	2.8326755060181843e25	1.2568696403856585e6	12920.633199114356
94.89782689181517	1352.1649057131272	2.8748992906165035e25	1.2581838029119438e6	12920.077912058045
94.99953946083104	1338.9784687558943	2.918401048954332e25	1.2594979091397263e6	12919.526206717526
95.10125202984692	1325.7235814442133	2.9632396903548184e25	1.2608119594393263e6	12918.978202557106
95.2029645988628	1312.3994255988557	3.0094778000318183e25	1.2621259541935974e6	12918.43402675112
95.30467716787868	1299.0052090380727	3.0571819332726946e25	1.263439893798752e6	12917.89381480967
95.40638973689457	1285.5401717422694	3.1064229325861437e25	1.2647537786652346e6	12917.357711261244
95.50810230591044	1272.0035929833361	3.157276280601535e25	1.2660676092186838e6	12916.82587040186
95.60981487492631	1258.3945470904305	3.2098224829292735e25	1.2673813859006905e6	12916.29844740013
95.7115274439422	1244.711321649564	3.2641474980283553e25	1.2686951091675619e6	12915.775577457991
95.81324001295808	1230.951988767291	3.3203432032228328e25	1.270008779489408e6	12915.257400120623
95.91495258197396	1217.114543965955	3.3785079144693174e25	1.2713223973510861e6	12914.74406593131
96.01666515098984	1203.1969017228168	3.4387469591075098e25	1.2726359632533682e6	12914.235737549745
96.11837772000571	1189.196890407397	3.5011733144653404e25	1.2739494777142408e6	12913.73259100076
96.2200902890216	1175.112247278702	3.5659083127971946e25	1.2752629412703332e6	12913.234817099563
96.32180285803747	1160.9406127235366	3.6330824309147376e25	1.276576354478504e6	12912.742623047974
96.42351542705336	1146.6795241499867	3.7028361662192673e25	1.2778897179175962e6	12912.256234247287
96.52522799606923	1132.3264093746977	3.775321014795422e25	1.2792030321903834e6	12911.77589635694
96.6269405650851	1117.8785793528016	3.8507005767429773e25	1.280516297925764e6	12911.301877633341
96.728653134101	1103.333220405811	3.929151782762704e25	1.2818295157811765e6	12910.834471604514
96.83036570311687	1088.687385672265	4.010866283095113e25	1.283142686445329e6	12910.374000126376
96.93207827213274	1073.937985812636	4.096052010251899e25	1.284455810641255e6	12909.920816891661
97.03379084114863	1059.081778850888	4.184934945679633e25	1.2857688891297488e6	12909.475311467082
97.1355034101645	1044.1153590599608	4.27776112155019e25	1.2870819227132434e6	12909.037913705504
97.23721597918039	1029.0351448052897	4.374798895011521e25	1.2883949122401131e6	12908.609098175342
97.33892854819626	1013.8373651319994	4.476341540200091e25	1.2897078586096247e6	12908.189392201526
97.44064111721214	998.5180448755222	4.582710203985073e25	1.2910207627776328e6	12907.77938253011
97.54235368622803	983.0729884632193	4.694257305602442e25	1.292333625763046e6	12907.379723689053
97.6440662552439	967.4977619126628	4.8113704350524145e25	1.2936464486552125e6	12906.991147961036
97.74577882425979	951.7876728307107	4.934476851112855e25	1.2949592326224055e6	12906.6144771354
97.84749139327566	935.9377482300399	5.0640486830028415e25	1.296271978921601e6	12906.25063641637
97.94920396229153	919.9427096484299	5.2006089997734376e25	1.2975846889098494e6	12905.900670949595
98.05091653130742	903.7969455360162	5.344738854930374e25	1.2988973640574221e6	12905.565765557027
98.1526291003233	887.494480206981	5.497085550201295e25	1.300210005963185e6	12905.24726840973
98.25434166933918	871.0289389246792	5.658372352631884e25	1.3015226163726144e6	12904.94671956665
98.35605423835506	854.393508486822	5.829409976970551e25	1.3028351971990173e6	12904.665885566068
98.45776680737093	837.5808925259794	6.011110231062031e25	1.304147750548671e6	12904.406801585274
98.55947937638682	820.583260830714	6.204502269019658e25	1.3054602787506687e6	12904.171823135315
98.66119194540269	803.3921915015944	6.4107520875214544e25	1.3067727843926179e6	12903.963689841195
98.76290451441857	785.9986046560693	6.631186048794343e25	1.3080852703635835e6	12903.785604663586
98.86461708343445	768.3926861782323	6.867319429161684e25	1.309397739906053e6	12903.641333001036
98.96632965245033	750.5637989906828	7.120891332927215e25	1.3107101966793446e6	12903.535328832866
99.06804222146621	732.5003808635213	7.393907571220094e25	1.3120226448373902e6	12903.472893241873
99.16975479048209	714.1898244270942	7.688693844919127e25	1.3133350891247173e6	12903.460376474402
99.27146735949796	695.618336186516	8.007962139261958e25	1.3146475349960001e6	12903.505442377776
99.37317992851385	676.7707696969559	8.354894403693725e25	1.315959988766392e6	12903.617412795973
99.47489249752972	657.6304267865111	8.733248986172318e25	1.3172724578022452e6	12903.807722639931
99.57660506654561	638.178819008064	9.147497351607517e25	1.318584950765486e6	12904.090528338053
99.67831763556148	618.3953791690714	9.603001561991947e25	1.319897477930057e6	12904.483531878048
99.78003020457736	598.2571088247324	1.0106247696882555e26	1.3212100515970879e6	12905.009112604448
99.88174277359325	577.7381438508247	1.0665156646466051e26	1.3225226866463528e6	12905.69590582378
99.98345534260912	556.8092129449202	1.1289504087216215e26	1.32383540127968e6	12906.581042292804
100.08516791162499	535.4369545465436	1.1991497144620845e26	1.3251482180393373e6	12907.713385573366
100.18688048064088	513.5830434238151	1.278658051200138e26	1.3264611652283561e6	12909.158310993329
100.28859304965675	491.2030571481401	1.3694585853873354e26	1.327774278931145e6	12911.004928099066
100.39030561867264	468.2449789533582	1.4741408531184134e26	1.3290876059546387e6	12913.377287553749
100.49201818768852	444.64718113545587	1.596151737444249e26	1.3304012082204318e6	12916.452291757718
100.59373075670439	420.3356479822726	1.7401822043393336e26	1.3317151695181255e6	12920.48939153781
100.69544332572028	395.2200437508125	1.9127843588076234e26	1.3330296062643994e6	12925.881825795386
100.79715589473615	369.18797129546607	2.123396019754083e26	1.3343446853388674e6	12933.24924354976
100.89886846375204	342.0962589786033	2.3861259740420672e26	1.3356606551247917e6	12943.615221964428
101.00058103276791	313.7570963749819	2.7230516813371464e26	1.336977902826042e6	12958.772040108393
101.10229360178378	283.9146073461671	3.1707702061167736e26	1.3382970684169712e6	12982.099067601901
101.20400617079967	252.20200561234304	3.794683013987606e26	1.3396192938417976e6	13020.620516411525
101.30571873981555	218.05417877868868	4.724276989580951e26	1.3409468428079933e6	13091.046507498495
101.40743130883143	180.49791228799594	6.257085908865762e26	1.342284956298552e6	13242.012792780914
101.50914387784731	137.49247373976087	9.262225344091944e26	1.3436493477780633e6	13673.238148649738
101.61085644686318	82.27803732129308	1.7821194747006347e27	1.34512308650293e6	16224.726211359897