0.	10000.	1.98847e24	0.	14261.239580057216
0.08203739984265469	9975.348968112863	1.98903227783872e24	1171.5697376732928	14299.615320310944
0.16407479968530939	9953.004758160241	1.9896561632254644e24	2346.0722104297015	14333.109644457556
0.2461121995279641	9931.983504185151	1.990313508796764e24	3523.1938470220516	14363.707306342929
0.32814959937061877	9911.064341217827	1.9910015690916425e24	4702.782865426048	14393.48661622754
0.41018699921327345	9890.363112543233	1.9917234237591593e24	5884.775605873348	14422.314391210584
0.4922243990559282	9869.752642276891	1.9924780418836442e24	7069.100381132677	14450.379502012618
0.5742617988985829	9849.094678883765	1.9932636164417003e24	8255.703436575059	14477.881565878457
0.6562991987412375	9828.317032926614	1.9940784159439738e24	9444.543465982833	14504.927091881871
0.7383365985838922	9807.388693406712	1.994920864366774e24	10635.585363042652	14531.56649531146
0.8203739984265469	9786.300217410811	1.995789523096341e24	11828.796834733144	14557.821729121071
0.9024113982692016	9765.052564531916	1.9966830741416413e24	13024.146787354237	14583.701579341128
0.9844487981118564	9743.651926277946	1.997600308257822e24	14221.604554215104	14609.208498840238
1.066486197954511	9722.106873143548	1.9985401161908905e24	15421.139542925217	14634.342268850844
1.1485235977971657	9700.427021030526	1.9995014810292613e24	16622.721089743634	14659.101560538047
1.2305609976398204	9678.622096485951	2.000483471117036e24	17826.318418523264	14683.48504821281
1.312598397482475	9656.701613474355	2.0014852332752396e24	19031.90065193684	14707.49168061443
1.3946357973251298	9634.67460458121	2.0025059863485826e24	20239.436849585945	14731.12094000444
1.4766731971677844	9612.549471315293	2.0035450150710688e24	21448.89605392257	14754.37296107382
1.5587105970104391	9590.334036371094	2.0046016643148746e24	22660.247339191465	14777.248395488437
1.6407479968530938	9568.035470061073	2.0056753337606275e24	23873.45985922803	14799.748474250768
1.7227853966957485	9545.660321604377	2.0067654729521954e24	25088.502888942316	14821.874937601458
1.8048227965384032	9523.21460784023	2.007871576770778e24	26305.345861440095	14843.629902600464
1.8868601963810578	9500.703811325751	2.008993181310682e24	27523.958400672895	14865.015860713067
1.9688975962237127	9478.13293387134	2.0101298601072138e24	28744.310346950806	14886.03560806712
2.0509349960663674	9455.506562246455	2.0112812207349254e24	29966.37177962642	14906.692165896215
2.132972395909022	9432.828904806664	2.01244690171347e24	31190.113034126567	14926.988743151693
2.215009795751677	9410.103828418949	2.0136265697099256e24	32415.50471575829	14946.92870148789
2.2970471955943315	9387.33489910464	2.0148199170164132e24	33642.51771026135	14966.515517111195
2.379084595436986	9364.525435301195	2.0160266592640639e24	34871.123191334416	14985.75272932469
2.461121995279641	9341.678526863896	2.0172465333598513e24	36101.29262576818	15004.643933082589
2.5431593951222955	9318.797069936707	2.0184792956189507e24	37332.997776557815	15023.192752488223
2.62519679496495	9295.88379532737	2.0197247200790376e24	38566.21070427373	15041.402821720663
2.707234194807605	9272.941302987212	2.020982596974204e24	39800.90376732051	15059.277761056213
2.7892715946502595	9249.97207840823	2.0222527313516177e24	41037.04962099487	15076.821174617275
2.871308994492914	9226.9785181173	2.023534941804442e24	42274.62121404551	15094.036632916539
2.953346394335569	9203.962947525431	2.0248290593445835e24	43513.59178725496	15110.927673237235
3.0353837941782236	9180.927643186056	2.0261349263607893e24	44753.93486952917	15127.497783816116
3.1174211940208783	9157.874851580382	2.027452395677128e24	45995.62427418329	15143.750402560918
3.199458593863533	9134.806801993616	2.0287813296850474e24	47238.634094149915	15159.688915305827
3.2814959937061876	9111.725722111172	2.0301215995635023e24	48482.938697952355	15175.316651909097
3.3635333935488423	9088.633852459421	2.0314730845576518e24	49728.51272538595	15190.636887951905
3.445570793391497	9065.533461135265	2.0328356713140388e24	50975.33108185741	15205.652838890188
3.5276081932341516	9042.426854186453	2.0342092532887377e24	52223.368935229366	15220.367665957316
3.6096455930768063	9019.31638884823	2.0355937301701052e24	53472.60170912981	15234.784472333873
3.691682992919461	8996.204483042862	2.0369890073846396e24	54723.00508032008	15248.906308712627
3.7737203927621157	8973.09362555165	2.0383949956166376e24	55974.55497347469	15262.73617365412
3.8557577926047704	8949.986388214102	2.0398116103728304e24	57227.22755740865	15276.277014627756
3.9377951924474255	8926.885432297382	2.0412387715797847e24	58480.99924105245	15289.531733079955
4.01983259229008	8903.793519653476	2.0426764031987343e24	59735.846668898004	15302.503184680314
4.101869992132735	8880.713519689254	2.0441244328751926e24	60991.74671738579	15315.194186884391
4.1839073919753895	8857.648418347733	2.045582791637372e24	62248.67649422785	15327.607518451747
4.265944791818044	8834.601327478953	2.0470514135695535e24	63506.61333285378	15339.74592094188
4.347982191660699	8811.575488482971	2.0485302355322624e24	64765.53479030839	15351.612109141322
4.430019591503354	8788.574282366159	2.050019196892496e24	66025.41864466052	15363.208769648178
4.512056991346008	8765.601235826394	2.0515182392922926e24	67286.2428943818	15374.538565681662
4.594094391188663	8742.660026603204	2.053027306399514e24	68547.98575556114	15385.60414393673
4.676131791031318	8719.7544913804	2.0545463436785884e24	69810.62565970907	15396.408134641108
4.758169190873972	8696.888629829926	2.056075298207289e24	71074.14125481524	15406.953157478194
4.840206590716627	8674.066611327917	2.057614118464815e24	72338.51140337251	15417.241826446058
4.922243990559282	8651.292777439821	2.05916275413239e24	73603.71518105638	15427.276752992097
5.004281390401936	8628.571649190877	2.0607211559497734e24	74869.73187914671	15437.060550060854
5.086318790244591	8605.907929608407	2.0622892755248186e24	76136.54100310449	15446.595837245648
5.168356190087246	8583.306507550888	2.0638670651774427e24	77404.12227333657	15455.885243306659
5.2503935899299	8560.7724596579	2.065454477798174e24	78672.45562696164	15464.931411719508
5.332430989772555	8538.311053310195	2.0670514666951472e24	79941.52121825755	15473.737004433267
5.41446838961521	8515.927749470313	2.068657985466911e24	81211.29942112432	15482.30470446996
5.496505789457864	8493.628201135814	2.0702739878649896e24	82481.77083017699	15490.63722143469
5.578543189300519	8471.418256383535	2.071899427681072e24	83752.91626399115	15498.737294217552
5.660580589143174	8449.303954498131	2.0735342586186472e24	85024.71676666991	15506.607695171817
5.742617988985828	8427.291527660136	2.07517843419466e24	86297.15361160398	15514.251233048986
5.824655388828483	8405.387396673234	2.0768319076275996e24	87570.20830412109	15521.670756792295
5.906692788671138	8383.59816828331	2.0784946317409133e24	88843.86258498368	15528.869157781235
5.9887301885137925	8361.930629962011	2.080166558868435e24	90118.09843405816	15535.849374090412
6.070767588356447	8340.391744893197	2.0818476407703055e24	91392.89807422612	15542.614393089598
6.152804988199102	8318.988644747185	2.0835378285459996e24	92668.24397557748	15549.167254242553
6.2348423880417565	8297.72862256774	2.0852370725619232e24	93944.11885967312	15555.511048751801
6.316879787884411	8276.61912334418	2.0869453223793795e24	95220.50570387371	15561.64892246666
6.398917187727066	8255.667732043321	2.0886625266902734e24	96497.38774598217	15567.584079724345
6.4809545875697205	8234.882162441663	2.0903886332563512e24	97774.74848913605	15573.319783680457
6.562991987412375	8214.270243710365	2.0921235888572066e24	99052.57170660642	15578.85935724702
6.64502938725503	8193.839905871137	2.0938673392421106e24	100330.84144663274	15584.206181284118
6.727066787097685	8173.599162871111	2.095619829090449e24	101609.54203728688	15589.363697382092
6.809104186940339	8153.556094449196	2.097381001974495e24	102888.6580915011	15594.335407788125
6.891141586782994	8133.71882700321	2.0991508003333856e24	104168.17451197059	15599.124874493638
6.973178986625649	8114.095512624801	2.1009291654487498e24	105448.07649606038	15603.735718130352
7.055216386468303	8094.694307865351	2.102716037431268e24	106728.34954032942	15608.171614669262
7.137253786310958	8075.523348753681	2.104511355209629e24	108008.9794452949	15612.436295933325
7.219291186153613	8056.590726421215	2.1063150565320557e24	109289.9523197704	15616.533546748637
7.301328585996267	8037.904461005368	2.108127077968071e24	110571.25458514637	15620.467201906684
7.383365985838922	8019.4724749022525	2.1099473549232296e24	111852.87297938099	15624.24114275277
7.465403385681577	8001.302563891105	2.111775821656746e24	113134.79456066876	15627.859293097521
7.547440785524231	7983.402368729507	2.113612411307986e24	114417.00671062876	15631.325615607127
7.629478185366886	7965.779345435192	2.1154570559304113e24	115699.49713741048	15634.644107245971
7.711515585209541	7948.440734761471	2.1173096865324598e24	116982.25387832604	15637.818794603425
7.793552985052195	7931.3935327638565	2.1191702331231008e24	118265.26530199811	15640.853727881318
7.875590384894851	7914.644459763466	2.1210386247682654e24	119548.52011020182	15643.752975722664
7.957627784737506	7898.1999313108445	2.122914789648523e24	120832.00733896084	15646.520618426339
8.03966518458016	7882.066027967499	2.1247986551295e24	122115.71635935012	15649.160742737087
8.121702584422815	7866.248466816115	2.126690147832318e24	123399.63687772052	15651.677434725727
8.20373998426547	7850.752573737384	2.128589193715218e24	124683.75893539259	15654.07477353525
8.285777384108124	7835.583257341972	2.1304957181541735e24	125968.07290781403	15656.356824064118
8.367814783950779	7820.744983843854	2.1324096460376979e24	127252.56950307115	15658.527630510436
8.449852183793434	7806.241754542096	2.134330901857353e24	128537.23975994461	15660.591208902993
8.531889583636088	7792.077085015635	2.136259409808379e24	129822.07504529893	15662.551540667613
8.613926983478743	7778.253986276438	2.138195093888396e24	131107.06705097176	15664.412565853585
8.695964383321398	7764.874120378854	2.1401378725517345e24	132392.20756854423	15666.165361912326
8.778001783164052	7751.902380564735	2.1420876308949979e24	133677.48738792219	15667.819451395739
8.860039183006707	7739.14701204127	2.14404431186851e24	134962.8999740174	15669.402853192454
8.942076582849362	7726.593055540154	2.1460078760919992e24	136248.43970649768	15670.919840318902
9.024113982692016	7714.2272766499	2.1479782881981955e24	137534.10129612408	15672.374224540614
9.106151382534671	7702.037890961917	2.1499555163831182e24	138819.87974990785	15673.769426951927
9.188188782377326	7690.014343914749	2.151939532032224e24	140105.77034147148	15675.108534844876
9.27022618221998	7678.14713301344	2.1539303094008985e24	141391.76858563712	15676.394347967129
9.352263582062635	7666.427662153177	2.1559278253374228e24	142677.87021644396	15677.629416632499
9.43430098190529	7654.848121238266	2.157932059047646e24	143964.07116801888	15678.816073401675
9.516338381747945	7643.401386345922	2.159942991885242e24	145250.3675578312	15679.956459580055
9.5983757815906	7632.080935554836	2.1619606071749872e24	146536.75567196234	15681.05254760554
9.680413181433254	7620.880778049909	2.1639848900515347e24	147823.23195202122	15682.106159958055
9.762450581275909	7609.795393753577	2.1660158273204694e24	149109.7929835599	15683.118985602008
9.844487981118563	7598.819681616021	2.168053407334335e24	150396.4354856941	15684.092593982738
9.926525380961218	7587.948915139413	2.1700976198785224e24	151683.15630180386	15685.028447104965
10.008562780803873	7577.178703862277	2.1721484560757912e24	152969.952391172	15685.927910076236
10.090600180646527	7566.504959967903	2.174205908295251e24	154256.82082141237	15686.792260292417
10.172637580489182	7555.923869007344	2.17626997007357e24	155543.75876161188	15687.62269553674
10.254674980331837	7545.431864404086	2.1783406360405728e24	156830.76347611457	15688.420341084973
10.336712380174491	7535.025604747662	2.1804179018546488e24	158117.83231880938	15689.186256014502
10.418749780017146	7524.701953895667	2.1825017641430216e24	159404.96272795132	15689.921438792042
10.5007871798598	7514.457963278732	2.1845922204472005e24	160692.15222139296	15690.626832256961
10.582824579702455	7504.290856153698	2.1866892691732266e24	161979.3983922069	15691.303328079593
10.66486197954511	7494.198013535511	2.1887929095469412e24	163266.698904655	15691.95177074404
10.746899379387765	7484.176961653981	2.1909031415706973e24	164554.05149046113	15692.572961026395
10.82893677923042	7474.225360755921	2.1930199659856686e24	165841.45394535764	15693.167658977232
10.910974179073074	7464.34099464322	2.19514338423536e24	167128.90412587626	15693.736587472415
10.993011578915729	7454.521761670384	2.197273398437518e24	168416.39994641978	15694.280434639993
11.075048978758383	7444.765666252334	2.1994100113490064e24	169703.93937648082	15694.79985622373
11.157086378601038	7435.0708116033	2.2015532263389567e24	170991.52043811957	15695.295477760405
11.239123778443693	7425.4353925712585	2.2037030473624828e24	172279.14120352044	15695.767896597272
11.321161178286347	7415.857689655767	2.205859478938713e24	173566.79979279742	15696.21768370708
11.403198578129002	7406.336063118421	2.2080225261270845e24	174854.49437186486	15696.645385372774
11.485235977971657	7396.868947855854	2.2101921945065824e24	176142.22315050996	15697.051524720442
11.567273377814312	7387.454848498268	2.2123684901583125e24	177429.9843805215	15697.43660313787
11.649310777656966	7378.092335307064	2.2145514196397345e24	178717.7763539802	15697.80110156468
11.731348177499621	7368.7800398457575	2.216740989976793e24	180005.5974016263	15698.145481705606
11.813385577342276	7359.516651365441	2.21893720864407e24	181293.4458913169	15698.470187135712
11.89542297718493	7350.300913415754	2.2211400835503172e24	182581.32022660435	15698.775644346711
11.977460377027585	7341.131620627645	2.2233496230264376e24	183869.21884534473	15699.06226360655
12.05949777687024	7332.007615943821	2.2255658358047094e24	185157.14021841934	15699.3304396562
12.141535176712894	7322.9277876954975	2.2277887310159312e24	186445.08284849444	15699.580552907251
12.223572576555549	7313.891067115853	2.2300183181760605e24	187733.04526887773	15699.812970143183
12.305609976398204	7304.896426033683	2.2322546071685e24	189021.02604243884	15700.028045165102
12.387647376240858	7295.942874781161	2.2344976082400479e24	190309.02376054556	15700.226119444054
12.469684776083513	7287.0294600543775	2.23674733199042e24	191597.03704212204	15700.407522745047
12.551722175926168	7278.155263064049	2.2390037893659907e24	192885.06453266199	15700.572573704922
12.633759575768822	7269.319397791121	2.2412669916394374e24	194173.10490336327	15700.721580396284
12.715796975611477	7260.521009292477	2.2435369504148392e24	195461.15685028594	15700.854840767204
12.797834375454132	7251.759272189961	2.2458136776168817e24	196749.21909353987	15700.972643180801
12.879871775296786	7243.033389259774	2.248097185476203e24	198037.29037650945	15701.07526684505
12.961909175139441	7234.342590017682	2.2503874865319023e24	199325.36946512043	15701.162982231788
13.043946574982096	7225.686129489498	2.2526845936190606e24	200613.4551471405	15701.23605147114
13.12598397482475	7217.063287015719	2.254988519864605e24	201901.54623151786	15701.294728723551
13.208021374667405	7208.473365110848	2.257299278684621e24	203189.6415477393	15701.33926054245
13.29005877451006	7199.915688455839	2.259616883769246e24	204477.73994521343	15701.369886191203
13.372096174352714	7191.389602863264	2.2619413490918391e24	205765.84029268142	15701.386837806223
13.45413357419537	7182.894474410579	2.264272688886721e24	207053.94147765014	15701.3903408358
13.536170974038024	7174.429688455626	2.2666109176590089e24	208342.04240586242	15701.380614369757
13.618208373880679	7165.994648874353	2.268956050176812e24	209630.1420007866	15701.35787138552
13.700245773723333	7157.58877717234	2.2713081014618917e24	210918.23920311613	15701.322318955648
13.782283173565988	7149.211511886413	2.2736670867863067e24	212206.3329702957	15701.274158511886
13.864320573408643	7140.862307766861	2.2760330216779383e24	213494.42227606667	15701.213586007656
13.946357973251297	7132.540635215887	2.2784059219002978e24	214782.50611003456	15701.140792177266
14.028395373093952	7124.245979567586	2.2807858034644596e24	216070.58347724876	15701.055962737171
14.110432772936607	7115.9778405018915	2.2831726826230728e24	217358.6533977927	15700.9592785706
14.192470172779261	7107.735731526435	2.2855665758581203e24	218646.7149063948	15700.850915910252
14.274507572621916	7099.51917941227	2.2879674998852172e24	219934.76705205475	15700.731046528315
14.35654497246457	7091.327723652653	2.2903754716541552e24	221222.80889768657	15700.599837859596
14.438582372307225	7083.160916028447	2.292790508332238e24	222510.83951977093	15700.457453173949
14.52061977214988	7075.018320102376	2.295212627318399e24	223798.85800802417	15700.30405174749
14.602657171992535	7066.8995107529845	2.2976418462363227e24	225086.86346504884	15700.13978899272
14.68469457183519	7058.8040738819955	2.3000781829188477e24	226374.855006069	15699.964816596088
14.766731971677844	7050.731605865244	2.302521655428651e24	227662.83175859094	15699.779282662394
14.848769371520499	7042.681713321432	2.3049722820311586e24	228950.79286211418	15699.583331691476
14.930806771363153	7034.654012632328	2.3074300812126265e24	230238.73746787838	15699.377104873118
15.012844171205808	7026.648129583704	2.309895071675199e24	231526.66473855454	15699.160740178688
15.094881571048463	7018.663699136953	2.312367272319302e24	232814.57384800573	15698.934372451306
15.176918970891117	7010.700365012552	2.314846702266885e24	234102.46398105222	15698.698133503154
15.258956370733772	7002.75777948443	2.3173333808329195e24	235390.33433317055	15698.45215222642
15.340993770576427	6994.835603036162	2.3198273275458806e24	236678.18411033074	15698.196554625561
15.423031170419081	6986.933504068185	2.3223285621413853e24	237966.01252869773	15697.931463980676
15.505068570261736	6979.051158663879	2.3248371045482617e24	239253.81881445032	15697.657000911047
15.58710597010439	6971.188250333673	2.3273529749027467e24	240541.6022035754	15697.373283458699
15.669143369947045	6963.344469760425	2.3298761935359877e24	241829.36194161946	15697.080427191693
15.751180769789702	6955.519514607345	2.3324067809853511e24	243117.09728349737	15696.778545212572
15.833218169632357	6947.713089189294	2.3349447579801407e24	244404.80749333277	15696.46774828546
15.915255569475011	6939.924904478335	2.337490145448114e24	245692.49184424474	15696.148144910978
15.997292969317666	6932.154677585036	2.3400429645196545e24	246980.1496181323	15695.819841375955
16.07933036916032	6924.402131866121	2.3426032365086807e24	248267.78010554725	15695.482941848604
16.161367769002975	6916.666996513121	2.3451709829323614e24	249555.3826055087	15695.137548389348
16.24340516884563	6908.949006568138	2.3477462254946025e24	250842.95642529707	15694.783761038485
16.325442568688285	6901.247902511208	2.3503289861002244e24	252130.5008803384	15694.42167784304
16.40747996853094	6893.5634303891475	2.3529192868423256e24	253418.01529402932	15694.051394940152
16.489517368373594	6885.895341369727	2.3555171500038464e24	254705.4989975689	15693.673006646672
16.57155476821625	6878.243391727046	2.358122598065922e24	255992.95132980405	15693.286605476114
16.653592168058903	6870.607342769509	2.360735653691656e24	257280.37163712885	15692.892282178125
16.735629567901558	6862.986960409712	2.363356339746409e24	258567.75927328045	15692.490125807104
16.817666967744213	6855.382015441211	2.3659846792708482e24	259855.11359926398	15692.080223775438
16.899704367586867	6847.792283025692	2.3686206955068146e24	261142.43398317933	15691.662661893286
16.981741767429522	6840.217542803721	2.3712644118762837e24	262429.71980008855	15691.23752439083
17.063779167272177	6832.657578672368	2.3739158520000824e24	263716.97043190495	15690.804893956858
17.14581656711483	6825.112178679849	2.3765750396816054e24	265004.1852672726	15690.364851811431
17.227853966957486	6817.581134896139	2.3792419989204934e24	266291.3637014477	15689.917477729656
17.30989136680014	6810.0642433469675	2.3819167538910113e24	267578.50513615663	15689.46285009912
17.391928766642796	6802.561303875291	2.3845993289702786e24	268865.6089795018	15689.001045909863
17.47396616648545	6795.07212012142	2.387289748711135e24	270152.6746458496	15688.532140814264
17.556003566328105	6787.5964991899245	2.3899880378679423e24	271439.7015557185	15688.056209166138
17.63804096617076	6780.134251835343	2.3926942213701333e24	272726.6891356728	15687.573324059898
17.720078366013414	6772.685192222154	2.3954083243475285e24	274013.63681822567	15687.083557374537
17.80211576585607	6765.249137870058	2.3981303721090358e24	275300.54404173803	15686.586979745805
17.884153165698724	6757.825909489626	2.4008603901577624e24	276587.41025031393	15686.083660618824
17.96619056554138	6750.415331076438	2.4035984041837716e24	277874.2348937094	15685.573668294128
18.048227965384033	6743.01722964342	2.4063444400633455e24	279161.01742723776	15685.057069948887
18.130265365226688	6735.631435196818	2.4090985238680533e24	280447.75731167645	15684.533931712627
18.212302765069342	6728.257780751136	2.4118606818487995e24	281734.45401317504	15684.00431859104
18.294340164911997	6720.896102180863	2.4146309404586818e24	283021.1070031932	15683.468294576254
18.37637756475465	6713.5462381020325	2.4174093263260606e24	284307.71575838537	15682.925922640958
18.458414964597306	6706.20802985848	2.420195866283379e24	285594.27976053377	15682.377264773699
18.54045236443996	6698.881321506418	2.4229905873391697e24	286880.7984964653	15681.822382000391
18.622489764282616	6691.565959654662	2.4257935167063793e24	288167.2714579735	15681.261334361483
18.70452716412527	6684.261793520324	2.42860468177505e24	289453.69814174285	15680.694180998538
18.786564563967925	6676.968674665573	2.4314241101399725e24	290740.07804927067	15680.12098014026
18.86860196381058	6669.686457147699	2.434251829574336e24	292026.4106867945	15679.541789154555
18.950639363653234	6662.41499735214	2.4370878680563173e24	293312.69556522113	15678.956664519445
19.03267676349589	6655.154154035531	2.43993225374401e24	294598.93220005685	15678.365661866854
19.114714163338544	6647.903788087461	2.4427850150006514e24	295885.12011134025	15677.768836005753
19.1967515631812	6640.663762656465	2.445646180371217e24	297171.25882357144	15677.166240943965
19.278788963023853	6633.433943011249	2.4485157786065885e24	298457.34786564833	15676.557929922235
19.360826362866508	6626.2141965246765	2.451393838647013e24	299743.3867707931	15675.943955358352
19.442863762709163	6619.004392664674	2.454280389620598e24	301029.37507653236	15675.324368941401
19.524901162551817	6611.804402869866	2.457175460854611e24	302315.312324569	15674.699221609015
19.606938562394472	6604.614100531159	2.460079081880757e24	303601.1980607585	15674.068563571267
19.688975962237127	6597.433360955515	2.462991282424319e24	304887.03183504596	15673.432444338277
19.77101336207978	6590.262061303102	2.465912092398016e24	306172.8132014201	15672.790912701383
19.853050761922436	6583.100080561386	2.46884154193088e24	307458.5417178476	15672.144016790635
19.93508816176509	6575.9472995533715	2.4717796613315337e24	308744.2169462122	15671.491804075853
20.017125561607745	6568.803600805919	2.474726481123458e24	310029.8384522623	15670.834321389199
20.0991629614504	6561.6688685843765	2.4776820320214486e24	311315.4058055569	15670.171614895959
20.181200361293055	6554.542988829052	2.480646344941444e24	312600.91857941507	15669.503730137885
20.26323776113571	6547.425849097435	2.4836194510093353e24	313886.37635086826	15668.830712050625
20.345275160978364	6540.317338602105	2.4866013815390614e24	315171.7787006202	15668.152604978177
20.42731256082102	6533.217348074181	2.4895921680663906e24	316457.12521298823	15667.469452687112
20.509349960663673	6526.125769835004	2.492591842312912e24	317742.41547585157	15666.78129832868
20.591387360506328	6519.0424976911745	2.4956004362124267e24	319027.64908060513	15666.088184509377
20.673424760348983	6511.967426921974	2.498617981912263e24	320312.82562211185	15665.390153282877
20.755462160191637	6504.900454233479	2.501644511760014e24	321597.94469865144	15664.687246171407
20.837499560034292	6497.841477737768	2.504680058303225e24	322883.00591190637	15663.979504148123
20.919536959876947	6490.790396998043	2.507724654317576e24	324168.00886694866	15663.266967658681
21.0015743597196	6483.747112897371	2.510778332770398e24	325452.9531720493	15662.549676645578
21.083611759562256	6476.711527652903	2.51384112683421e24	326737.83843874664	15661.827670550581
21.16564915940491	6469.683544808503	2.5169130699112235e24	328022.66428189917	15661.100988348231
21.247686559247565	6462.663069153869	2.519994195613101e24	329307.4303194612	15660.369668448082
21.32972395909022	6455.650006723155	2.5230845377556543e24	330592.1361724633	15659.633748813982
21.411761358932875	6448.64426484801	2.5261841303669505e24	331876.78146514785	15658.893266962908
21.49379875877553	6441.645752007469	2.5292930077063084e24	333161.3658247946	15658.148259964999
21.575836158618184	6434.654377850522	2.5324112042346697e24	334445.8888816186	15657.398764436195
21.65787355846084	6427.6700532318055	2.5355387546254933e24	335730.3502688789	15656.64481653425
21.739910958303494	6420.692690132596	2.5386756937859633e24	337014.74962284026	15655.886451999322
21.821948358146148	6413.7222015919515	2.54182205683991e24	338299.08658259705	15655.123706142453
21.903985757988803	6406.758501750423	2.544977879127238e24	339583.36079010594	15654.356613876205
21.986023157831458	6399.801505940177	2.5481431962060796e24	340867.5718902899	15653.585209686236
22.068060557674112	6392.851130417904	2.551318043866203e24	342151.7195307706	15652.809527648868
22.150097957516767	6385.9072925205555	2.554502458113981e24	343435.80336199707	15652.02960145755
22.23213535735942	6378.96991061233	2.5576964751818866e24	344719.82303715544	15651.245464424808
22.314172757202076	6372.038904022568	2.560900131535959e24	346003.7782121483	15650.457149488773
22.39621015704473	6365.11419305448	2.564113463855074e24	347287.66854557133	15649.664689180137
22.478247556887386	6358.195698960857	2.567336509067127e24	348571.49369867647	15648.868115679477
22.56028495673004	6351.283343975886	2.570569304309181e24	349855.25333533867	15648.0674608126
22.642322356572695	6344.377051214233	2.573811886966048e24	351138.9471220266	15647.262756058364
22.72435975641535	6337.47674471949	2.577064294645275e24	352422.57472777384	15646.45403253369
22.806397156258004	6330.5823494234655	2.580326565188287e24	353706.135824151	15645.641321005922
22.88843455610066	6323.693791108744	2.583598736680937e24	354989.63008524047	15644.824651913235
22.970471955943314	6316.8109964611995	2.586880847428632e24	356273.05718761595	15644.004055369667
23.05250935578597	6309.93389295519	2.590172935996656e24	357556.41681030777	15643.179561176361
23.134546755628623	6303.062408944475	2.59347504116727e24	358839.70863477397	15642.351198783184
23.216584155471278	6296.196473554063	2.596787201980011e24	360122.9323448752	15641.51899733725
23.298621555313932	6289.336016727592	2.6001094577072396e24	361406.08762684854	15640.682985681653
23.380658955156587	6282.480969208946	2.6034418478628727e24	362689.1741692835	15639.843192364458
23.462696354999242	6275.631262484098	2.606784412217498e24	363972.1916631007	15638.999645633225
23.544733754841896	6268.78682880147	2.6101371907682994e24	365255.13980153174	15638.15237341952
23.62677115468455	6261.947601135378	2.613500223784083e24	366538.0182800879	15637.30140337894
23.708808554527206	6255.113513237181	2.616873551759696e24	367820.82679653546	15636.446762890793
23.79084595436986	6248.284499540325	2.6202572154568643e24	369103.5650508734	15635.588479054537
23.872883354212515	6241.460495221932	2.623651255881874e24	370386.23274530465	15634.726578555228
23.95492075405517	6234.641436166743	2.627055714290717e24	371668.82958421105	15633.861087863072
24.036958153897825	6227.827258888775	2.6304706322087355e24	372951.3552741396	15632.992033215776
24.11899555374048	6221.017900621727	2.6338960513972494e24	374233.8095237856	15632.11944061348
24.201032953583134	6214.213299207916	2.6373320138992983e24	375516.19204396463	15631.243335802832
24.28307035342579	6207.4133931840515	2.6407785619968217e24	376798.50254759076	15630.363744247963
24.365107753268443	6200.618121693976	2.6442357382466134e24	378080.74074965616	15629.480691171497
24.447145153111098	6193.827424505212	2.647703585469846e24	379362.90636721055	15628.594201550688
24.529182552953753	6187.0412420317325	2.6511821467388246e24	380644.99911934155	15627.704300127562
24.611219952796407	6180.25951529947	2.654671465394051e24	381927.01872716076	15626.811011411868
24.693257352639062	6173.482185906443	2.6581715850619337e24	383208.96491378365	15625.914359648294
24.775294752481717	6166.709196043197	2.66168254961431e24	384490.8374043043	15625.014368864375
24.85733215232437	6159.940488456398	2.6652044032163457e24	385772.6359257766	15624.11106285705
24.939369552167026	6153.17600649525	2.668737190291497e24	387054.3602071959	15623.204465210421
25.02140695200968	6146.415694055736	2.6722809555419157e24	388336.00997948105	15622.294599279534
25.103444351852335	6139.659495567799	2.6758357439540224e24	389617.5849754567	15621.381488186005
25.18548175169499	6132.907356042978	2.679401600775303e24	390899.08492984175	15620.465154852041
25.267519151537645	6126.159220973797	2.682978571558405e24	392180.50957922847	15619.54562198195
25.3495565513803	6119.415036428814	2.686566702113047e24	393461.85866206186	15618.622912088826
25.431593951222954	6112.674748950141	2.6901660385525736e24	394743.1319186224	15617.697047459713
25.51363135106561	6105.938305594782	2.6937766272722585e24	396024.3290910097	15616.768050177263
25.595668750908263	6099.205653945633	2.697398514941956e24	397305.4499231257	15615.835942135342
25.677706150750918	6092.476742064005	2.7010317485227535e24	398586.4941606407	15614.90074503044
25.759743550593573	6085.751518483912	2.7046763752939884e24	399867.4615510657	15613.962480375758
25.841780950436227	6079.029932235382	2.708332442802141e24	401148.35184361646	15613.021169475778
25.923818350278882	6072.311932804373	2.711999998878542e24	402429.16478919826	15612.076833449542
26.005855750121537	6065.597470147324	2.715679091685069e24	403709.9001405645	15611.129493236684
26.08789314996419	6058.886494637517	2.719369769670943e24	404990.5576520934	15610.179169589917
26.169930549806846	6052.1789570995825	2.723072081578787e24	406271.13707983453	15609.22588309537
26.2519679496495	6045.474808887903	2.7267860764611717e24	407551.63818163256	15608.269654150994
26.334005349492156	6038.774001701124	2.730511803672796e24	408832.060716882	15607.31050297686
26.41604274933481	6032.076487677238	2.7342493128815476e24	410112.40444667713	15606.348449625095
26.498080149177465	6025.382219419779	2.7379986540506793e24	411392.6691337469	15605.383513951349
26.58011754902012	6018.691149917785	2.741759877482207e24	412672.8545424478	15604.415715565425
26.662154948862774	6012.0032325977045	2.745533033765637e24	413952.9604387334	15603.445073971228
26.74419234870543	6005.31842124944	2.7493181738224835e24	415232.98659014667	15602.471608527138
26.826229748548084	5998.636670051199	2.75311534889472e24	416512.93276580784	15601.495338435612
26.90826714839074	5991.957933602364	2.756924610531204e24	417792.7987364119	15600.516282743765
26.990304548233393	5985.2821668917095	2.760746010604098e24	419072.5842742196	15599.534460353807
27.072341948076048	5978.60932524613	2.7645796013303793e24	420352.2891530303	15598.549889985017
27.154379347918702	5971.939364399443	2.768425435234726e24	421631.91314816836	15597.562590216421
27.236416747761357	5965.272240441727	2.7722835651756306e24	422911.456036471	15596.572579477124
27.31845414760401	5958.607909803394	2.776154044356165e24	424190.9175962854	15595.579876044905
27.400491547446666	5951.946329320662	2.780036926291578e24	425470.2976074627	15594.584498068178
27.48252894728932	5945.287456126042	2.783932264861975e24	426749.5958513323	15593.58646352492
27.564566347131976	5938.631247736424	2.787840114264269e24	428028.81211068813	15592.585790259627
27.64660374697463	5931.977661996867	2.791760529042117e24	429307.94616977737	15591.582495977684
27.728641146817285	5925.326657062012	2.795693564098065e24	430586.9978142961	15590.576598241978
27.81067854665994	5918.678191456306	2.7996392746645344e24	431865.9668313869	15589.568114491409
27.892715946502594	5912.032224034364	2.8035977163197376e24	433144.85300961416	15588.557062020769
27.97475334634525	5905.388713937843	2.807568945010517e24	434423.65613895055	15587.543457982376
28.056790746187904	5898.747620640973	2.811553017027245e24	435702.3760107661	15586.527319404862
28.13882814603056	5892.108903944403	2.815549989009187e24	436981.0124178229	15585.50866318971
28.220865545873213	5885.4725239166855	2.8195599179813486e24	438259.5651542759	15584.4875061082
28.302902945715868	5878.838440982432	2.8235828613007145e24	439538.0340156487	15583.463864813077
28.384940345558523	5872.206615819627	2.827618876712417e24	440816.4187988206	15582.437755812629
28.466977745401177	5865.577009417447	2.831668022317518e24	442094.7193020161	15581.409195502809
28.549015145243832	5858.949583069168	2.8357303565788043e24	443372.93532479886	15580.378200160578
28.631052545086487	5852.3242983132	2.839805938359414e24	444651.06666807446	15579.344785936888
28.71308994492914	5845.70111700445	2.8438948268784075e24	445929.1131340678	15578.308968880106
28.795127344771796	5839.080001286447	2.847997081724901e24	447207.07452631	15577.270764901996
28.87716474461445	5832.460913549341	2.852112762882883e24	448484.9506496294	15576.230189804639
28.959202144457105	5825.84381644822	2.8562419307222027e24	449762.7413101438	15575.187259276223
29.04123954429976	5819.228672943442	2.860384645981231e24	451040.446315264	15574.141988899531
29.123276944142415	5812.615446204494	2.864540969819512e24	452318.06547367567	15573.09439414255
29.20531434398507	5806.004099708597	2.8687109637605816e24	453595.59859532356	15572.044490354354
29.287351743827724	5799.394597174766	2.872894689735713e24	454873.04549139994	15570.992292701229
29.36938914367038	5792.786902556636	2.8770922100833895e24	456150.4059743366	15569.937816283813
29.451426543513033	5786.1809800747715	2.8813035875279864e24	457427.6798578091	15568.881076124513
29.533463943355688	5779.576794204535	2.8855288851937556e24	458704.86695671943	15567.822087143411
29.615501343198343	5772.974309628959	2.889768166641693e24	459981.96708720684	15566.7608641597
29.697538743040997	5766.373491273623	2.8940214958168634e24	461258.9800665719	15565.697421872797
29.779576142883652	5759.774304329066	2.898288937076548e24	462535.90571336006	15564.631774893352
29.861613542726307	5753.176714160993	2.9025705552272425e24	463812.74384731887	15563.563937724099
29.94365094256896	5746.580686400938	2.9068664154644024e24	465089.49428934196	15562.493924775403
30.025688342411616	5739.986186934544	2.911176583405242e24	466366.1568615233	15561.421750367035
30.10772574225427	5733.39318179878	2.915501125124052e24	467642.73138713016	15560.347428714034
30.189763142096925	5726.8016373087	2.919840107092874e24	468919.21769058943	15559.270973932891
30.27180054193958	5720.211519955771	2.924193596239881e24	470195.6155974807	15558.192400047015
30.353837941782235	5713.622796443682	2.928561659928932e24	471471.9249345287	15557.111720987186
30.43587534162489	5707.035433714065	2.93294436594561e24	472748.14552959637	15556.028950597383
30.517912741467544	5700.449398915735	2.9373417825299494e24	474024.2772116634	15554.944102634274
30.5999501413102	5693.8646593571775	2.9417539783744377e24	475300.31981089205	15553.85719075645
30.681987541152854	5687.281182588269	2.946181022612784e24	476576.2731585017	15552.768228532583
30.764024940995508	5680.698936346193	2.9506229848330203e24	477852.13708684035	15551.677229447729
30.846062340838163	5674.1178885267045	2.955079935099648e24	479127.9114293604	15550.584206894686
30.928099740680818	5667.538007284866	2.9595519439084544e24	480403.5960206067	15549.489174192184
31.010137140523472	5660.959260912514	2.9640390822426147e24	481679.1906962177	15548.392144568605
31.092174540366127	5654.381617894523	2.968541421554439e24	482954.6952929082	15547.293131169477
31.17421194020878	5647.805046920194	2.9730590337582003e24	484230.10964847164	15546.19214705316
31.256249340051436	5641.229516881137	2.977591991231268e24	485505.4336017694	15545.089205205388
31.33828673989409	5634.654996767874	2.982140366866642e24	486780.6669927231	15543.9843185182
31.420324139736746	5628.08145583037	2.986704234007708e24	488055.80966230866	15542.87749981822
31.502361539579404	5621.5088634567455	2.9912836665001434e24	489330.86145255406	15541.768761848523
31.58439893942206	5614.937189174453	2.99587873869297e24	490605.82220652734	15540.658117273515
31.666436339264713	5608.366402735292	3.000489525409434e24	491880.69176833116	15539.545578677798
31.748473739107368	5601.796474064375	3.005116101967471e24	493155.4699830985	15538.431158577785
31.830511138950023	5595.227373171039	3.009758544221942e24	494430.15669698606	15537.314869402904
31.912548538792677	5588.659070310177	3.014416928509381e24	495704.75175716897	15536.196723516441
31.994585938635332	5582.091535879284	3.0190913316642936e24	496979.2550118291	15535.076733186628
32.07662333847799	5575.524740401364	3.023781831076123e24	498253.6663101557	15533.954910582772
32.15866073832064	5568.958654575741	3.028488504632233e24	499527.9855023302	15532.831267838821
32.240698138163296	5562.393249277432	3.0332114307279564e24	500802.2124395284	15531.705817020798
32.32273553800595	5555.828495489076	3.0379506883176796e24	502076.34697391314	15530.578570119056
32.404772937848605	5549.264364366008	3.042706356880491e24	503350.38895862794	15529.449539058354
32.48681033769126	5542.700827221395	3.047478516409816e24	504624.33824779216	15528.318735696505
32.568847737533915	5536.137855477515	3.0522672474640103e24	505898.1946964949	15527.186171817018
32.65088513737657	5529.575420703728	3.057072631152816e24	507171.95816078864	15526.051859142677
32.732922537219224	5523.013494645567	3.061894749108585e24	508445.628497685	15524.915809323147
32.81495993706188	5516.4520491671965	3.066733683532762e24	509719.2055651487	15523.77803394479
32.89699733690453	5509.89105624191	3.0715895172054937e24	510992.68922209216	15522.63854452406
32.97903473674719	5503.330488021529	3.0764623334400204e24	512266.0793283704	15521.4973525206
33.06107213658984	5496.770316784494	3.081352216122419e24	513539.37574477575	15520.354469329319
33.1431095364325	5490.210514896378	3.086259249743266e24	514812.57833303255	15519.209906274604
33.22514693627515	5483.651054895966	3.09118351933975e24	516085.68695579213	15518.063674631388
33.30718433611781	5477.091909458484	3.0961251105273574e24	517358.7014766276	15516.91578560324
33.38922173596046	5470.533051342752	3.1010841095458665e24	518631.6217600291	15515.76625033102
33.471259135803116	5463.974453437105	3.106060603201439e24	519904.4476713983	15514.615079896337
33.55329653564577	5457.416088787145	3.111054678885105e24	521177.17907704343	15513.46228532752
33.635333935488426	5450.857930508874	3.116066424626296e24	522449.8158441748	15512.30787758528
33.71737133533108	5444.299951857456	3.121095929046223e24	523722.3578408997	15511.151867575652
33.799408735173735	5437.742126231685	3.126143281358899e24	524994.8049362178	15509.994266155109
33.88144613501639	5431.184427104349	3.1312085714262225e24	526267.1570000167	15508.835084110582
33.963483534859044	5424.626828064455	3.1362918897309314e24	527539.4139030665	15507.67433217299
34.0455209347017	5418.069302846678	3.1413933273586e24	528811.5755170158	15506.512021025354
34.127558334544354	5411.511825267575	3.146512976049162e24	530083.6417143871	15505.348161290603
34.20959573438701	5404.954369235432	3.151650928193921e24	531355.6123685724	15504.182763534223
34.29163313422966	5398.3969087904625	3.1568072768096964e24	532627.487353828	15503.015838272286
34.37367053407232	5391.839418091183	3.161982115558326e24	533899.2665452706	15501.847395969884
34.45570793391497	5385.281871391274	3.167175538761828e24	535170.949818874	15500.677447041702
34.53774533375763	5378.7242429879825	3.1723876414310103e24	536442.537051463	15499.506001832453
34.61978273360028	5372.166507344034	3.1776185192097105e24	537714.0281207098	15498.33307065085
34.701820133442936	5365.608639014749	3.1828682684157433e24	538985.4229051301	15497.158663744422
34.78385753328559	5359.050612609023	3.188136986082146e24	540256.721284077	15495.982791281554
34.865894933128246	5352.492402874694	3.1934247698942404e24	541527.9231377357	15494.805463393317
34.9479323329709	5345.933984657552	3.198731718219268e24	542799.0283471216	15493.626690180281
35.029969732813555	5339.375332846152	3.2040579301604883e24	544070.0367940764	15492.446481683262
35.11200713265621	5332.816422449896	3.209403505500396e24	545340.9483612636	15491.264847901251
35.194044532498864	5326.257228590085	3.2147685447121735e24	546611.7629321647	15490.081798786625
35.27608193234152	5319.697726430369	3.220153149019717e24	547882.4803910758	15488.897344233765
35.358119332184174	5313.137891232617	3.225557420358813e24	549153.1006231029	15487.711494093739
35.44015673202683	5306.577698376121	3.230981461366838e24	550423.6235141582	15486.524258176416
35.52219413186948	5300.017123289743	3.2364253754420503e24	551694.0489509567	15485.335646239098
35.60423153171214	5293.456141475574	3.2418892667302434e24	552964.376821012	15484.14566799149
35.68626893155479	5286.894728540615	3.24737324010484e24	554234.6070126324	15482.954333102112
35.76830633139745	5280.332860185979	3.2528774011866085e24	555504.7394149177	15481.761651197203
35.8503437312401	5273.770512176256	3.258401856365077e24	556774.7739177552	15480.567631857026
35.93238113108276	5267.2076603037	3.263946712820841e24	558044.7104118158	15479.372284607929
36.01441853092541	5260.644280493745	3.269512078475469e24	559314.5487885511	15478.175618940464
36.096455930768066	5254.0803487352905	3.2750980620294253e24	560584.2889401899	15476.977644302122
36.17849333061072	5247.515841069279	3.280704773008427e24	561853.9307597339	15475.778370093723
36.260530730453375	5240.9507336243005	3.2863323217076354e24	563123.4741409543	15474.577805676812
36.34256813029603	5234.3850026172195	3.2919808192074903e24	564392.9189783883	15473.375960374344
36.424605530138685	5227.818624300773	3.2976503774257705e24	565662.265167336	15472.172843461722
36.50664292998134	5221.25157499028	3.303341109100195e24	566931.5126038565	15470.968464172418
36.588680329823994	5214.683831102874	3.3090531277620673e24	568200.6611847646	15469.7628317058
36.67071772966665	5208.115369111052	3.314786547781973e24	569469.7108076286	15468.55595521999
36.7527551295093	5201.54616551057	3.3205414844043596e24	570738.6613707669	15467.347843826503
36.83479252935196	5194.976196901848	3.3263180536842337e24	572007.512773244	15466.138506601488
36.91682992919461	5188.405439956253	3.332116372521765e24	573276.264914867	15464.927952586211
36.99886732903727	5181.833871358998	3.3379365587181346e24	574544.9176961833	15463.71619077487
37.08090472887992	5175.261467873907	3.3437787309269994e24	575813.4710184761	15462.50323012698
37.16294212872258	5168.68820634954	3.3496430086557874e24	577081.9247837621	15461.28907956939
37.24497952856523	5162.114063664491	3.3555295123199845e24	578350.2788947886	15460.073747986655
37.327016928407886	5155.539016733296	3.361438363245265e24	579618.5332550298	15458.857244222989
37.40905432825054	5148.963042564206	3.367369683625172e24	580886.6877686847	15457.639577092372
37.491091728093195	5142.386118220381	3.373323596564096e24	582154.7423406739	15456.4207553631
37.57312912793585	5135.808220773188	3.3793002261264026e24	583422.6968766355	15455.200787743544
37.655166527778505	5129.229327376238	3.3852996972718045e24	584690.5512829208	15453.97968293283
37.73720392762116	5122.649415250127	3.3913221358795987e24	585958.3054665931	15452.757449598823
37.819241327463814	5116.068461623878	3.397367668808853e24	587225.9593354256	15451.534096365169
37.90127872730647	5109.486443778847	3.4034364238671364e24	588493.5127978971	15450.309631822836
37.98331612714912	5102.903339059956	3.4095285298082826e24	589760.9657631895	15449.08406453152
38.06535352699178	5096.319124863924	3.4156441163505787e24	591028.3181411853	15447.857403018097
38.14739092683443	5089.733778628854	3.421783314194949e24	592295.5698424662	15446.629655775121
38.22942832667709	5083.1472777969375	3.4279462550679983e24	593562.720778309	15445.400831254447
38.31146572651974	5076.559599894221	3.4341330716567817e24	594829.7708606829	15444.170937882602
38.3935031263624	5069.970722496048	3.440343897647931e24	596096.7200022473	15442.939984054901
38.47554052620505	5063.380623171573	3.446578867787402e24	597363.5681163478	15441.707978125694
38.557577926047706	5056.78927954958	3.452838117828711e24	598630.3151170147	15440.474928421125
38.63961532589036	5050.196669323216	3.459121784536927e24	599896.9609189598	15439.240843240394
38.721652725733016	5043.602770195096	3.4654300057484184e24	601163.5054375741	15438.005730846015
38.80369012557567	5037.00755987966	3.471762920372934e24	602429.948588925	15436.769599465155
38.885727525418325	5030.411016165798	3.4781206683501676e24	603696.2902897537	15435.532457301957
38.96776492526098	5023.813116894185	3.4845033906975705e24	604962.5304574743	15434.294312533018
39.049802325103634	5017.213839874653	3.490911229563765e24	606228.6690101702	15433.05517329185
39.13183972494629	5010.613162985188	3.4973443281632146e24	607494.7058665904	15431.815047689628
39.213877124788944	5004.011064135151	3.503802830816824e24	608760.6409461483	15430.573943808198
39.2959145246316	4997.407521278404	3.5102868829478414e24	610026.4741689183	15429.331869702633
39.37795192447425	4990.802512367772	3.5167966311442444e24	611292.2054556378	15428.08883339368
39.45998932431691	4984.196015376223	3.5233322231266524e24	612557.8347276927	15426.844842871713
39.54202672415956	4977.588008335075	3.529893807744463e24	613823.3619071294	15425.599906104655
39.62406412400222	4970.978469302286	3.536481535013092e24	615088.7869166498	15424.35403103261
39.70610152384487	4964.367376312919	3.543095556156718e24	616354.1096796034	15423.107225558846
39.78813892368753	4957.754707456876	3.549736023563027e24	617619.3301199846	15421.859497564728
39.87017632353018	4951.140440871449	3.5564030907902553e24	618884.4481624311	15420.610854909079
39.952213723372836	4944.5245546987835	3.563096912616484e24	620149.463732228	15419.361305420643
40.03425112321549	4937.907027065774	3.569817645085683e24	621414.3767553046	15418.110856894455
40.116288523058145	4931.287836151212	3.5765654454368233e24	622679.1871582263	15416.859517105984
40.1983259229008	4924.66696016018	3.583340472134878e24	623943.8948681928	15415.607293800513
40.280363322743455	4918.044377305137	3.590142884914877e24	625208.4998130361	15414.35419468355
40.36240072258611	4911.420065802444	3.59697284481265e24	626473.0019212218	15413.100227436911
40.444438122428764	4904.794003904672	3.603830514114893e24	627737.401121849	15411.845399729249
40.52647552227142	4898.166169889279	3.610716056391021e24	629001.6973446422	15410.58971920496
40.60851292211407	4891.536542008987	3.617629636544832e24	630265.8905199503	15409.333193476104
40.69055032195673	4884.905098532439	3.6245714207983545e24	631529.9805787429	15408.075830129994
40.77258772179938	4878.271817783499	3.6315415766806423e24	632793.9674526145	15406.817636737765
40.85462512164204	4871.636678086089	3.6385402730726053e24	634057.8510737834	15405.55862084364
40.93666252148469	4864.999657735561	3.645567680253633e24	635321.631375083	15404.298789960501
41.01869992132735	4858.360735055134	3.652623969851611e24	636585.3082899604	15403.038151580591
41.10073732117	4851.719888393771	3.6597093148533813e24	637848.8817524739	15401.776713175828
41.182774721012656	4845.07709610163	3.6668238896585966e24	639112.3516972968	15400.514482193516
41.26481212085531	4838.432336512328	3.673967870133945e24	640375.7180597163	15399.25146605311
41.346849520697965	4831.785587986222	3.68114143353536e24	641638.9807756247	15397.987672155197
41.42888692054062	4825.13682890247	3.6883447585421564e24	642902.1397815187	15396.723107880087
41.510924320383275	4818.486037620557	3.6955780253077476e24	644165.1950144971	15395.457780580968
41.59296172022593	4811.83319247632	3.7028414154920856e24	645428.146412264	15394.191697583956
41.674999120068584	4805.178271862598	3.710135112213417e24	646690.993913127	15392.924866203315
41.75703651991124	4798.521254169022	3.717459300079785e24	647953.7374559913	15391.657293730706
41.83907391975389	4791.862117750927	3.7248141652498363e24	649216.3769803568	15390.388987429436
41.92111131959655	4785.20084095658	3.732199895413802e24	650478.9124263163	15389.119954540332
42.0031487194392	4778.537402162988	3.739616679783939e24	651741.343734558	15387.850202288657
42.08518611928186	4771.871779765503	3.747064709144966e24	653003.6708463664	15386.579737882797
42.16722351912451	4765.203952099405	3.7545441759081867e24	654265.8937036145	15385.308568499442
42.24926091896717	4758.533897515198	3.7620552740564665e24	655528.0122487603	15384.036701298515
42.33129831880982	4751.861594376595	3.7695981991571325e24	656790.0264248472	15382.764143423265
42.413335718652476	4745.187021035749	3.7771731484199255e24	658051.9361755049	15381.490901995377
42.49537311849513	4738.5101558124625	3.784780320762354e24	659313.7414449517	15380.216984112487
42.577410518337786	4731.830977039127	3.7924199167270754e24	660575.4421779849	15378.942396855675
42.65944791818044	4725.149463054855	3.800092138516538e24	661837.0383199793	15377.667147289892
42.741485318023095	4718.4655921654385	3.8077971900502963e24	663098.5298168875	15376.391242456419
42.82352271786575	4711.779342640822	3.8155352770001675e24	664359.9166152398	15375.114689372724
42.905560117708404	4705.090692787349	3.823306606752902e24	665621.1986621462	15373.83749504397
42.98759751755106	4698.399620885274	3.831111388451332e24	666882.3759052878	15372.559666431776
43.069634917393714	4691.70610521427	3.8389498329898255e24	668143.4482929142	15371.281210489748
43.15167231723637	4685.010124015644	3.846822153070615e24	669404.4157738431	15370.002134161341
43.23370971707902	4678.311655492969	3.8547285632375694e24	670665.2782974624	15368.722444367058
43.31574711692168	4671.610677886058	3.862669279837667e24	671926.0358137316	15367.442148019385
43.39778451676433	4664.9071694106715	3.87064452105633e24	673186.688273175	15366.161252011378
43.47982191660699	4658.2011082239305	3.8786545069842364e24	674447.2356268794	15364.879763210834
43.56185931644964	4651.492472473197	3.88669945959439e24	675707.6778264922	15363.597688469563
43.643896716292296	4644.781240324843	3.8947796027388066e24	676968.0148242236	15362.315034629586
43.72593411613495	4638.067389913164	3.9028951622130405e24	678228.2465728488	15361.031808513506
43.807971515977606	4631.350899302775	3.9110463658137417e24	679488.3730257001	15359.748016917903
43.89000891582026	4624.631746570908	3.919233443277281e24	680748.3941366655	15358.46366662916
43.972046315662915	4617.909909793138	3.9274566263009725e24	682008.3098601862	15357.178764421207
44.05408371550557	4611.185367005819	3.9357161486093273e24	683268.1201512602	15355.893317048914
44.136121115348224	4604.45809617993	3.944012246031092e24	684527.8249654425	15354.607331243269
44.21815851519088	4597.728075288725	3.9523451564100925e24	685787.4242588391	15353.320813724482
44.300195915033534	4590.9952823062695	3.960715119646833e24	687046.9179881045	15352.03377120243
44.38223331487619	4584.259695156347	3.96912237776522e24	688306.3061104404	15350.746210366926
44.46427071471884	4577.521291700327	3.977567174948042e24	689565.588583598	15349.458137886315
44.5463081145615	4570.780049798734	3.986049757511866e24	690824.7653658795	15348.16956041851
44.62834551440415	4564.035947292594	3.994570373950246e24	692083.8364161314	15346.880484609632
44.71038291424681	4557.288961998384	4.003129274928887e24	693342.8016937425	15345.590917091504
44.79242031408946	4550.539071669472	4.011726713353778e24	694601.6611586431	15344.300864474817
44.87445771393212	4543.7862540103415	4.0203629444166044e24	695860.4147713076	15343.010333353457
44.95649511377477	4537.030486742046	4.029038225536095e24	697119.0624927514	15341.719330316559
45.038532513617426	4530.271747541872	4.037752816425981e24	698377.6042845304	15340.427861937565
45.12056991346008	4523.510014004292	4.0465069791838675e24	699636.0401087385	15339.135934767124
45.202607313302735	4516.745263704187	4.055300978225563e24	700894.3699280061	15337.843555345258
45.28464471314539	4509.977474196159	4.0641350803332554e24	702152.5937054993	15336.550730201985
45.366682112988045	4503.20662300723	4.0730095546775495e24	703410.7114049189	15335.257465855968
45.4487195128307	4496.43268760829	4.0819246728679805e24	704668.7229904999	15333.963768809612
45.530756912673354	4489.655645391345	4.090880709027815e24	705926.6284270112	15332.669645545053
45.61279431251601	4482.875473742645	4.099877939715188e24	707184.4276797536	15331.375102538463
45.69483171235866	4476.092150032019	4.1089166439858743e24	708442.1207145584	15330.080146258964
45.77686911220132	4469.305651533416	4.117997103492646e24	709699.7074977863	15328.784783152696
45.85890651204397	4462.515955476809	4.127119602446227e24	710957.187996326	15327.489019653014
45.94094391188663	4455.723039068693	4.1362844276361176e24	712214.5621775931	15326.192862185966
46.02298131172928	4448.926879480814	4.1454918684749113e24	713471.8300095298	15324.89631716805
46.10501871157194	4442.127453832403	4.1547422170355944e24	714728.9914606062	15323.599391002916
46.18705611141459	4435.324739145929	4.1640357681480476e24	715986.0464998164	15322.302090073754
46.269093511257246	4428.518712422243	4.1733728193169977e24	717242.9950966779	15321.004420757501
46.3511309110999	4421.709350625193	4.182753670799572e24	718499.8372212305	15319.706389422749
46.433168310942555	4414.896630676448	4.1921786256173354e24	719756.5728440358	15318.408002428654
46.51520571078521	4408.080529415748	4.201647989640484e24	721013.2019361764	15317.10926611897
46.597243110627865	4401.261023608467	4.211162071613918e24	722269.7244692539	15315.810186822024
46.67928051047052	4394.4380900031765	4.2207211831173425e24	723526.1404153903	15314.51077086534
46.761317910313174	4387.6117053109965	4.2303256386489747e24	724782.449747226	15313.211024538707
46.84335531015583	4380.781846138074	4.239975755725656e24	726038.6524379137	15311.910954037005
46.925392709998484	4373.948489048459	4.2496718548105093e24	727294.7484611145	15310.610565598734
47.00743010984114	4367.111610555306	4.25941425938177e24	728550.7377910024	15309.30986549264
47.08946750968379	4360.271187123131	4.2692032959536264e24	729806.6204022657	15308.008859975507
47.17150490952645	4353.427195129886	4.279039294153222e24	731062.3962701043	15306.707555289626
47.2535423093691	4346.579610864651	4.2889225867853744e24	732318.0653702308	15305.405957661389
47.33557970921176	4339.7284105992585	4.2988535097733275e24	733573.6276788686	15304.104073314764
47.41761710905441	4332.8735705274285	4.3088324022497045e24	734829.0831727512	15302.801908461768
47.499654508897066	4326.015066792977	4.318859606567688e24	736084.4318291214	15301.499469307435
47.58169190873972	4319.15287541497	4.3289354684370764e24	737339.6736257301	15300.19676203619
47.663729308582376	4312.286972386276	4.3390603368491384e24	738594.8085408353	15298.893792830617
47.74576670842503	4305.41733363074	4.349234564148233e24	739849.8365532019	15297.590567864128
47.827804108267685	4298.543935012896	4.35945850605944e24	741104.7576421011	15296.287093303394
47.90984150811034	4291.666752294812	4.3697325217831615e24	742359.5717873083	15294.98337529789
47.991878907952994	4284.785761157273	4.380056974036794e24	743614.2789691043	15293.679419987278
48.07391630779565	4277.900937241497	4.3904322290200326e24	744868.879168273	15292.375233509218
48.155953707638304	4271.0122561123935	4.400858656490989e24	746123.3723661014	15291.070821991876
48.23799110748096	4264.119693250917	4.411336629835857e24	747377.7585443788	15289.766191553446
48.32002850732361	4257.223224021133	4.4218665261521634e24	748632.0376853961	15288.461348297415
48.40206590716627	4250.322823745549	4.432448726185915e24	749886.2097719444	15287.15629832353
48.48410330700892	4243.418467681317	4.443083614427569e24	751140.2747873152	15285.851047726523
48.56614070685158	4236.51013099316	4.453771579167338e24	752394.2327152861	15284.545602591405
48.64817810669423	4229.59778873325	4.4645130125684655e24	753648.0835401738	15283.239968989312
48.73021550653689	4222.681415889835	4.475308310671083e24	754901.8272467523	15281.93415298748
48.81225290637954	4215.760987364492	4.4861578734476366e24	756155.4638203072	15280.628160646467
48.894290306222196	4208.836478009668	4.4970621048117426e24	757408.9932466196	15279.321998023035
48.97632770606485	4201.907862533612	4.508021412787863e24	758662.4155119688	15278.01567115757
49.058365105907505	4194.975115568061	4.519036209466395e24	759915.7306031275	15276.709186085174
49.14040250575016	4188.038211669305	4.530106911067966e24	761168.9385073647	15275.40254883691
49.222439905592815	4181.0971253140515	4.541233937984747e24	762422.039212444	15274.09576544006
49.30447730543547	4174.151830874435	4.5524177148377354e24	763675.0327066212	15272.788841911102
49.386514705278124	4167.202302602759	4.563658670629612e24	764927.9189786474	15271.481784254913
49.46855210512078	4160.24851468031	4.5749572386543667e24	766180.6980177658	15270.174598474878
49.55058950496343	4153.2904411859	4.586313856615715e24	767433.3698137114	15268.867290567117
49.63262690480609	4146.3280561338415	4.5977289666538053e24	768685.9343567124	15267.55986652892
49.71466430464874	4139.361333390377	4.6092030154639783e24	769938.3916374847	15266.252332340511
49.7967017044914	4132.390246728371	4.6207364543388e24	771190.7416472379	15264.944693977452
49.87873910433405	4125.414769831538	4.6323297391747766e24	772442.984377671	15263.636957412675
49.96077650417671	4118.4348762794325	4.643983330556459e24	773695.1198209727	15262.329128613534
50.04281390401936	4111.450539577388	4.655697693798054e24	774947.1479698211	15261.021213549202
50.124851303862016	4104.461733057563	4.667473299123452e24	776199.0688173831	15259.713218167684
50.20688870370467	4097.468429984537	4.67931062157504e24	777450.8823573136	15258.405148420896
50.288926103547325	4090.4706035095137	4.691210141147441e24	778702.5885837561	15257.097010255284
50.37096350338998	4083.468226695799	4.7031723428034243e24	779954.1874913416	15255.788809617949
50.453000903232635	4076.461272460707	4.7151977166388416e24	781205.6790751889	15254.480552445435
50.53503830307529	4069.449713607329	4.7272867578941843e24	782457.0633309021	15253.172244617841
50.617075702917944	4062.433522848408	4.7394399669843335e24	783708.3402545645	15251.863891967934
50.6991131027606	4055.4126727832763	4.751657849596482e24	784959.5098427405	15250.555500396049
50.78115050260325	4048.3871359053896	4.7639409167257275e24	786210.5720924792	15249.247075810492
50.86318790244591	4041.3568845294994	4.7762896848920944e24	787461.5270013143	15247.93862410121
50.94522530228856	4034.321890882977	4.788704676037487e24	788712.3745672621	15246.630151160678
51.02726270213122	4027.2821270655086	4.801186417668498e24	789963.1147888226	15245.321662876888
51.10930010197387	4020.2375650754275	4.8137354429114775e24	791213.7476649785	15244.01316513658
51.19133750181653	4013.188176786876	4.826352290582154e24	792464.2731951949	15242.704663821269
51.27337490165918	4006.1339338904436	4.839037505385123e24	793714.6913794198	15241.396164798793
51.355412301501836	3999.0748079850478	4.851791637815951e24	794965.002218082	15240.087673941285
51.43744970134449	3992.0107705542755	4.864615244311726e24	796215.2057120919	15238.77919711753
51.519487101187146	3984.94179295407	4.877508887305169e24	797465.3018628417	15237.470740193334
51.6015245010298	3977.8678463479587	4.890473135435674e24	798715.290672204	15236.16230902076
51.683561900872455	3970.78890181225	4.90350856346906e24	799965.1721425315	15234.853909459003
51.76559930071511	3963.7049302755545	4.916615752448812e24	801214.9462766576	15233.545547358153
51.847636700557764	3956.615902532424	4.929795289765996e24	802464.6130778955	15232.237228567627
51.92967410040042	3949.5217892507685	4.943047769224696e24	803714.1725500381	15230.928958937671
52.011711500243074	3942.422560912893	4.956373791268593e24	804963.624697358	15229.620744305992
52.09374890008573	3935.3181878796618	4.969773962907167e24	806212.9695246068	15228.312590510946
52.17578629992838	3928.2086403623416	4.983248897864759e24	807462.2070370147	15227.00450338888
52.25782369977104	3921.093888441622	4.99679921666819e24	808711.3372402905	15225.696488777474
52.33986109961369	3913.9739020586094	5.010425546718723e24	809960.3601406227	15224.388552510869
52.42189849945635	3906.848650943558	5.024128522505484e24	811209.2757446772	15223.08070041186
52.503935899299	3899.7181047156814	5.037908785575188e24	812458.0840595976	15221.772938310227
52.585973299141656	3892.582232834113	5.051766984663418e24	813706.7850930062	15220.465272029816
52.66801069898431	3885.4410046074067	5.065703775787278e24	814955.3788530029	15219.15770739499
52.750048098826966	3878.2943891889636	5.079719822353558e24	816203.8653481654	15217.85025023086
52.83208549866962	3871.142355531239	5.093815795376196e24	817452.2445875487	15216.542906351
52.914122898512275	3863.9848724560643	5.107992373403787e24	818700.5165806846	15215.235681574337
52.99616029835493	3856.8219086144563	5.12225024271889e24	819948.6813375833	15213.92858171917
53.078197698197584	3849.6534325064426	5.136590097394618e24	821196.7388687317	15212.621612603074
53.16023509804024	3842.4794124407354	5.151012639501423e24	822444.6891850934	15211.314780039314
53.242272497882894	3835.2998165439158	5.165518579196553e24	823692.5322981096	15210.008089840416
53.32430989772555	3828.1146127877137	5.180108634759436e24	824940.2682196978	15208.701547818668
53.4063472975682	3820.9237689641423	5.194783532760744e24	826187.8969622527	15207.395159785843
53.48838469741086	3813.7272527210744	5.209544008141024e24	827435.4185386458	15206.088931562155
53.57042209725351	3806.5250314605773	5.224390804480357e24	828682.8329622251	15204.782868951372
53.65245949709617	3799.3170724367783	5.239324673954319e24	829930.1402468152	15203.476977766035
53.73449689693882	3792.1033427166594	5.254346377536885e24	831177.3404067183	15202.171263819102
53.81653429678148	3784.883809179444	5.269456685068257e24	832424.4334567114	15200.865732920607
53.89857169662413	3777.6584385421424	5.28465637551738e24	833671.4194120545	15199.560390888748
53.980609096466786	3770.4271973040586	5.299946236928007e24	834918.2982884771	15198.255243536429
54.06264649630944	3763.1900517328113	5.315327066753312e24	836165.0701021873	15196.950296669675
54.144683896152095	3755.9469679649405	5.330799671831738e24	837411.7348698719	15195.645556099029
54.22672129599475	3748.6979119320986	5.346364868582944e24	838658.2926086904	15194.34102754693
54.308758695837405	3741.442849359906	5.36202348319436e24	839904.7433362729	15193.036716790835
54.39079609568006	3734.1817457279326	5.377776351767166e24	841151.0870707242	15191.732629629661
54.472833495522714	3726.914566346895	5.393624320376785e24	842397.3238306257	15190.42877186619
54.55487089536537	3719.6412763079247	5.40956824526695e24	843643.4536350339	15189.125149304858
54.63690829520802	3712.361840521524	5.425608992983997e24	844889.4765034831	15187.82176775359
54.71894569505068	3705.0762236431774	5.441747440653278e24	846135.3924559839	15186.518633015354
54.80098309489333	3697.7843901198194	5.457984475993977e24	847381.2015130209	15185.215750895748
54.88302049473599	3690.48630418528	5.474320997529514e24	848626.9036955565	15183.913127201113
54.96505789457864	3683.1819298555934	5.49075791478446e24	849872.4990250305	15182.610767742846
55.0470952944213	3675.871230943153	5.507296148325301e24	851117.9875233584	15181.308678333713
55.12913269426395	3668.554170993355	5.523936630151517e24	852363.3692129325	15180.00686478436
55.211170094106606	3661.230713330438	5.540680303719865e24	853608.6441166223	15178.705332906853
55.29320749394926	3653.9008210496713	5.557528124123964e24	854853.8122577735	15177.404088516609
55.375244893791916	3646.564457022306	5.574481058291576e24	856098.8736602091	15176.103137433573
55.45728229363457	3639.2215838739053	5.591540085196422e24	857343.8283482308	15174.802485477354
55.539319693477225	3631.872164022379	5.608706195954633e24	858588.6763466169	15173.502138478429
55.62135709331988	3624.516159562943	5.625980394268913e24	859833.4176806252	15172.202102252635
55.703394493162534	3617.153532399451	5.643363696277087e24	861078.0523759882	15170.902382632195
55.78543189300519	3609.784244170824	5.660857130975643e24	862322.5804589184	15169.602985446018
55.867469292847844	3602.408256287392	5.678461740306937e24	863567.0019561073	15168.303916533916
55.9495066926905	3595.02552987098	5.696178579488699e24	864811.3168947255	15167.005181730183
56.03154409253315	3587.636025774985	5.714008717190119e24	866055.525302422	15165.706786873965
56.11358149237581	3580.239704612881	5.731953235640228e24	867299.6272073245	15164.408737809394
56.19561889221846	3572.8365267225413	5.750013230918179e24	868543.6226380403	15163.111040384789
56.27765629206112	3565.4264521816694	5.768189813145611e24	869787.5116236565	15161.813700452723
56.35969369190377	3558.0094408151404	5.786484106789243e24	871031.2941937433	15160.516723874312
56.441731091746426	3550.5854521061165	5.804897250917024e24	872274.970378349	15159.220116502658
56.52376849158908	3543.154445298346	5.823430399226966e24	873518.5402080015	15157.923884203236
56.605805891431736	3535.716379353797	5.842084720486127e24	874762.003713712	15156.628032845596
56.68784329127439	3528.2712129559204	5.860861398648974e24	876005.3609269728	15155.332568306629
56.769880691117045	3520.8189044874616	5.87976163321102e24	877248.6118797591	15154.037496465062
56.8519180909597	3513.3594120081043	5.89878663950148e24	878491.756604528	15152.74282320153
56.933955490802354	3505.892693304266	5.917937648763533e24	879734.7951342195	15151.448554404187
57.01599289064501	3498.418705862683	5.937215908539223e24	880977.7275022563	15150.154695969877
57.098030290487664	3490.9374068676975	5.956622682855459e24	882220.5537425448	15148.861253798705
57.18006769033032	3483.448753208633	5.97615925258259e24	883463.2738894776	15147.568233802138
57.26210509017297	3475.9527014019623	5.99582691585519e24	884705.8879779321	15146.275641884979
57.34414249001563	3468.449207693173	6.015626987985111e24	885948.3960432677	15144.983483968585
57.42617988985828	3460.9382279907186	6.035560802060372e24	887190.7981213321	15143.691765976728
57.50821728970094	3453.4197178809104	6.055629709114201e24	888433.0942484587	15142.400493841411
57.59025468954359	3445.893632648944	6.075835078424222e24	889675.2844614681	15141.109673507666
57.67229208938625	3438.3599272065053	6.096178297945873e24	890917.3687976693	15139.819310897026
57.7543294892289	3430.818556128769	6.116660774546015e24	892159.3472948531	15138.529411881565
57.836366889071556	3423.269473663115	6.137283934243244e24	893401.219991294	15137.239982397656
57.91840428891421	3415.7126337032905	6.158049222682961e24	894642.986925756	15135.951028400134
58.000441688756865	3408.1479897971344	6.178958105346898e24	895884.6481374911	15134.662555850455
58.08247908859952	3400.575495155663	6.200012067907367e24	897126.2036662408	15133.374570720884
58.164516488442175	3392.9951025616506	6.221212616844072e24	898367.653552237	15132.087078980214
58.24655388828483	3385.4067644806264	6.242561279406564e24	899608.997836201	15130.800086612046
58.328591288127484	3377.8104329967323	6.264059604213879e24	900850.236559346	15129.513599607
58.41062868797014	3370.206059830057	6.285709161514284e24	902091.3697633763	15128.227623964913
58.49266608781279	3362.593596329003	6.30751154362025e24	903332.3974904893	15126.942165695107
58.57470348765545	3354.972993404019	6.329468365477543e24	904573.3197833761	15125.65723080772
58.6567408874981	3347.3442016117806	6.351581264717076e24	905814.1366852201	15124.372825325594
58.73877828734076	3339.7071711052654	6.373851902247657e24	907054.8482396991	15123.088955280473
58.82081568718341	3332.0618516481168	6.396281962670507e24	908295.4544909869	15121.80562671509
58.90285308702607	3324.4081926111476	6.418873154663858e24	909535.9554837546	15120.522845682424
58.98489048686872	3316.7461429060268	6.441627211542174e24	910776.3512631686	15119.240618237965
59.066927886711376	3309.0756510416973	6.464545891464575e24	912016.6418748915	15117.95895044922
59.14896528655403	3301.3966651170335	6.487630978052677e24	913256.827365085	15116.677848394826
59.231002686396685	3293.7091327954427	6.510884280823071e24	914496.9077804106	15115.397318163123
59.31304008623934	3286.013001342775	6.534307635581088e24	915736.88316803	15114.117365859029
59.395077486081995	3278.30821751364	6.557902905109757e24	916976.7535756055	15112.837997585191
59.47711488592465	3270.5947276566244	6.581671979402626e24	918216.519051299	15111.559219462157
59.559152285767304	3262.872477653595	6.605616776323583e24	919456.1796437765	15110.281037619987
59.64118968560996	3255.141412937227	6.629739242130573e24	920695.7354022082	15109.003458199959
59.72322708545261	3247.4014784757082	6.654041351874582e24	921935.1863762671	15107.726487355569
59.80526448529527	3239.652618796021	6.678525109943323e24	923174.5326161323	15106.450131257518
59.88730188513792	3231.8947778728925	6.703192550914953e24	924413.7741724896	15105.174396075412
59.96933928498058	3224.127899246401	6.728045739650848e24	925652.9110965291	15103.899287999291
60.05137668482323	3216.3519259440955	6.75308677229726e24	926891.9434399529	15102.62481322855
60.13341408466589	3208.5668005132598	6.778317776578604e24	928130.8712549704	15101.350977978456
60.21545148450854	3200.7724650125033	6.803740912375555e24	929369.6945943006	15100.077788479235
60.297488884351196	3192.968860950401	6.829358372736489e24	930608.4135111767	15098.805250968451
60.37952628419385	3185.1559293170776	6.855172384070357e24	931847.0280593411	15097.53337169746
60.461563684036506	3177.333610586524	6.881185207014383e24	933085.5382930518	15096.262156933588
60.54360108387916	3169.5018446968415	6.907399136993197e24	934323.9442670803	15094.991612957445
60.625638483721815	3161.660571056835	6.933816504886544e24	935562.246036714	15093.72174606602
60.70767588356447	3153.8097285415606	6.96043967780801e24	936800.4436577595	15092.45256257392
60.789713283407124	3145.9492554101653	6.98727105986116e24	938038.5371865401	15091.184068801529
60.87175068324978	3138.079089390191	7.014313092566222e24	939276.5266798969	15089.916271089776
60.953788083092434	3130.199167629768	7.041568256020892e24	940514.4121951951	15088.649175794715
61.03582548293509	3122.309426704328	7.069039069256155e24	941752.1937903195	15087.382789269572
61.11786288277774	3114.409802628297	7.096728091111997e24	942989.8715236738	15086.117117820124
61.1999002826204	3106.5002307715463	7.124637921415396e24	944227.4454541837	15084.852167822906
61.28193768246305	3098.580645894751	7.152771201193127e24	945464.9156412961	15083.587945681338
61.36397508230571	3090.650982158809	7.181130613982163e24	946702.2821449866	15082.324457816763
61.44601248214836	3082.7111730954607	7.209718886339057e24	947939.5450257567	15081.061710666621
61.528049881991016	3074.761151607264	7.238538788871929e24	949176.704344637	15079.799710685586
61.61008728183367	3066.800849980308	7.2675931371846e24	950413.7601631903	15078.538464349878
61.692124681676326	3058.83019978239	7.296884792825809e24	951650.7125435097	15077.277978142689
61.77416208151898	3050.8491319520067	7.326416663851256e24	952887.561548219	15076.018258570117
61.856199481361635	3042.857576752537	7.356191706288338e24	954124.3072404789	15074.759312155762
61.93823688120429	3034.855463766787	7.386212924888822e24	955360.9496839866	15073.501145441933
62.020274281046945	3026.842721895821	7.416483373951766e24	956597.488942975	15072.243764991148
62.1023116808896	3018.8192793437993	7.447006158584058e24	957833.9250822166	15070.987177386016
62.184349080732254	3010.785063545292	7.477784435987399e24	959070.2581670256	15069.731389219742
62.26638648057491	3002.7400012535304	7.508821416000541e24	960306.4882632566	15068.47640711196
62.34842388041756	2994.6840184749676	7.540120362623977e24	961542.615437309	15067.222237700607
62.43046128026022	2986.61704047232	7.571684594874424e24	962778.6397561266	15065.968887644527
62.51249868010287	2978.5389917545795	7.603517488360762e24	964014.5612872024	15064.716363624255
62.59453607994553	2970.449796089637	7.635622475860161e24	965250.3800985767	15063.464672345768
62.67657347978818	2962.349376377796	7.668003049292792e24	966486.0962588404	15062.213820523384
62.75861087963084	2954.2376547886497	7.700662760352056e24	967721.7098371363	15060.963814903265
62.84064827947349	2946.1145526664927	7.733605222308072e24	968957.2209031634	15059.714662250937
62.922685679316146	2937.979990541716	7.766834110783718e24	970192.629527174	15058.466369355678
63.00472307915881	2929.8338881437176	7.800353165491947e24	971427.9357799802	15057.218943034482
63.08676047900146	2921.6761642968263	7.834166191906685e24	972663.1397329546	15055.972390118954
63.16879787884412	2913.506736990122	7.868277061868253e24	973898.2414580284	15054.726717468377
63.25083527868677	2905.325523342361	7.902689715981635e24	975133.2410277001	15053.481931966755
63.33287267852943	2897.132439587279	7.937408164352919e24	976368.1385150312	15052.238040523147
63.41491007837208	2888.927401064071	7.972436488656128e24	977602.9339936523	15050.995050073197
63.496947478214736	2880.710322227269	8.007778843509629e24	978837.6275377652	15049.752967582763
63.57898487805739	2872.4811165196998	8.0434394582575e24	980072.219222142	15048.511800032018
63.661022277900045	2864.23969649791	8.07942263842938e24	981306.7091221293	15047.271554436764
63.7430596777427	2855.9859737389716	8.115732767808421e24	982541.097313651	15046.032237837298
63.825097077585355	2847.719858860095	8.152374309699567e24	983775.3838732085	15044.793857304436
63.90713447742801	2839.4412614793364	8.189351809169977e24	985009.568877885	15043.556419936267
63.989171877270664	2831.1500902355033	8.226669895163244e24	986243.6524053506	15042.319932864599
64.07120927711331	2822.846252681091	8.264333281519469e24	987477.6345338555	15041.084403241452
64.15324667695597	2814.5296553652956	8.302346769745683e24	988711.5153422412	15039.84983825539
64.23528407679862	2806.200203769696	8.340715251034667e24	989945.2949099403	15038.616245105473
64.31732147664128	2797.8578023148825	8.379443707755833e24	991178.9733169724	15037.383630949767
64.39935887648393	2789.502354323514	8.418537216258965e24	992412.5506439487	15036.152003042376
64.48139627632659	2781.133762032276	8.458000948679728e24	993646.0269720788	15034.921368683734
64.56343367616924	2772.7519264710295	8.497840175500554e24	994879.4023831697	15033.691735194967
64.6454710760119	2764.3567475673362	8.53806026761629e24	996112.6769596324	15032.463109937129
64.72750847585455	2755.948124069949	8.578666699112673e24	997345.8507844828	15031.235500302846
64.80954587569721	2747.5259535412906	8.619665049090269e24	998578.9239413433	15030.008913718835
64.89158327553986	2739.0901323354256	8.661061004972986e24	999811.8965144488	15028.783357646997
64.97362067538252	2730.6405555997926	8.702860364797873e24	1.0010447685886486e6	15027.558839587438
65.05565807522517	2722.1771171639034	8.745069039593795e24	1.002277540249405e6	15026.335367066979
65.13769547506783	2713.69970962208	8.787693056932072e24	1.0035102115828025e6	15025.11294765422
65.21973287491048	2705.2082242628153	8.830738563031594e24	1.0047427826755464e6	15023.891588953447
65.30177027475314	2696.7025510614335	8.874211826021617e24	1.005975253614968e6	15022.671298608127
65.38380767459579	2688.182578645106	8.91811923924726e24	1.0072076244890279e6	15021.452084299286
65.46584507443845	2679.648194307061	8.962467323868016e24	1.0084398953863184e6	15020.23395375201
65.5478824742811	2671.099283893464	9.007262732391892e24	1.0096720663960656e6	15019.0169147233
65.62991987412376	2662.535731854187	9.052512251841509e24	1.0109041376081341e6	15017.800975014092
65.7119572739664	2653.9574211965473	9.098222807611676e24	1.0121361091130311e6	15016.586142467171
65.79399467380907	2645.3642334658052	9.14440146642597e24	1.0133679810019085e6	15015.37242496773
65.87603207365171	2636.756048715268	9.191055440168578e24	1.0145997533665668e6	15014.159830445651
65.95806947349438	2628.132745493117	9.238192089571629e24	1.0158314262994585e6	15012.948366876995
66.04010687333702	2619.494200770497	9.285818928676413e24	1.0170629998936938e6	15011.738042278917
66.12214427317969	2610.840289925952	9.333943627889566e24	1.0182944742430404e6	15010.528864713033
66.20418167302233	2602.170886755243	9.38257401862333e24	1.0195258494419303e6	15009.320842291168
66.286219072865	2593.48586341132	9.431718097591546e24	1.0207571255854631e6	15008.113983172458
66.36825647270764	2584.7850903956914	9.481384029823872e24	1.0219883027694055e6	15006.908295567902
66.4502938725503	2576.068436486474	9.53158015855695e24	1.0232193810902066e6	15005.703787734219
66.53233127239295	2567.335768768597	9.582314999454751e24	1.0244503606449987e6	15004.500467985405
66.61436867223561	2558.5869525063217	9.633597256148876e24	1.025681241531587e6	15003.29834467944
66.69640607207826	2549.8218511965115	9.685435819502934e24	1.0269120238484684e6	15002.097426232393
66.77844347192092	2541.0403265020623	9.737839774128871e24	1.0281427076948347e6	15000.897721114221
66.86048087176357	2532.24223822406	9.790818403488052e24	1.0293732931705726e6	14999.69923785171
66.94251827160623	2523.4274442681467	9.84438119544218e24	1.0306037803762729e6	14998.501985029621
67.02455567144888	2514.5958006159913	9.898537847435697e24	1.03183416941323e6	14997.305971293725
67.10659307129154	2505.7471612030413	9.953298273827533e24	1.0330644603834538e6	14996.111205339725
67.18863047113419	2496.8813780008595	1.0008672610154e25	1.0342946533896663e6	14994.91769593283
67.27066787097685	2487.9983009199027	1.0064671220348623e25	1.035524748535313e6	14993.72545185376
67.3527052708195	2479.097777781772	1.0121304703005655e25	1.0367547459245567e6	14992.534481885557
67.43474267066216	2470.1796542604857	1.0178583898247254e25	1.0379846456622891e6	14991.34479495421
67.51678007050481	2461.2437738671656	1.023651989378189e25	1.0392144478541344e6	14990.156400057525
67.59881747034747	2452.2899778906803	1.0295124033008263e25	1.0404441526064595e6	14988.96930625913
67.68085487019012	2443.318105295063	1.0354407922620579e25	1.041673760026377e6	14987.78352268331
67.76289227003278	2434.327992774639	1.04143834391859e25	1.0429032702217514e6	14986.599058529546
67.84492966987543	2425.319474657146	1.0475062737602104e25	1.0441326833012034e6	14985.415923067407
67.92696706971809	2416.292382858284	1.0536458259684222e25	1.0453619993741191e6	14984.234125639015
68.00900446956074	2407.2465468604755	1.0598582741568167e25	1.0465912185506523e6	14983.05367566404
68.0910418694034	2398.181793600133	1.0661449224130675e25	1.0478203409417345e6	14981.874582633422
68.17307926924605	2389.097947446727	1.0725071060600076e25	1.049049366659077e6	14980.696856115394
68.25511666908871	2379.994830165992	1.078946192685722e25	1.05027829581518e6	14979.520505759696
68.33715406893135	2370.872260857031	1.085463583068469e25	1.051507128523339e6	14978.345541298035
68.41919146877402	2361.7300558853754	1.092060712295638e25	1.0527358648976525e6	14977.171972544918
68.50122886861666	2352.568028845569	1.0987390506026825e25	1.0539645050530243e6	14975.99980940264
68.58326626845933	2343.3859905077916	1.105500104747736e25	1.055193049105178e6	14974.829061863453
68.66530366830197	2334.183748677753	1.112345418882082e25	1.0564214971706576e6	14973.659740002848
68.74734106814464	2324.9611082217793	1.1192765759152756e25	1.0576498493668393e6	14972.491853991693
68.82937846798728	2315.7178709740465	1.126295198634286e25	1.0588781058119365e6	14971.3254140958
68.91141586782994	2306.4538356758703	1.1334029509690442e25	1.060106266625009e6	14970.160430679205
68.99345326767259	2297.1687978961063	1.1406015394208115e25	1.0613343319259717e6	14968.996914204547
69.07549066751525	2287.8625499834734	1.1478927141710547e25	1.0625623018356005e6	14967.834875239298
69.1575280673579	2278.534881001591	1.1552782708271098e25	1.0637901764755447e6	14966.674324458503
69.23956546720056	2269.185576566942	1.1627600516207977e25	1.0650179559683318e6	14965.515272637183
69.32160286704321	2259.814418876707	1.1703399471153962e25	1.0662456404373778e6	14964.357730666055
69.40364026688587	2250.4211865954653	1.178019897711821e25	1.0674732300069986e6	14963.20170955018
69.48567766672852	2241.0056547750255	1.1858018953279642e25	1.0687007248024163e6	14962.047220412132
69.56771506657118	2231.5675947774234	1.1936879850427451e25	1.0699281249497698e6	14960.894274495793
69.64975246641383	2222.1067741849292	1.201680267116615e25	1.071155430576128e6	14959.742883169529
69.73178986625649	2212.622956748574	1.209780898499281e25	1.0723826418094959e6	14958.593057933622
69.81382726609914	2203.1159021869635	1.217992095087965e25	1.0736097587788266e6	14957.444810410874
69.8958646659418	2193.5853662189465	1.226316133602903e25	1.0748367816140337e6	14956.298152365376
69.97790206578445	2184.0311004215437	1.2347553536757596e25	1.0760637104460003e6	14955.153095700935
70.05993946562711	2174.4528521321786	1.2433121601716426e25	1.077290545406594e6	14954.009652444762
70.14197686546976	2164.8503643731456	1.2519890251802721e25	1.078517286628666e6	14952.867834641691
70.22401426531242	2155.223375745846	1.2607884907979146e25	1.079743934246069e6	14951.727654583368
70.30605166515507	2145.5716202443605	1.2697131712338469e25	1.0809704883936676e6	14950.589124733498
70.38808906499773	2135.894827237396	1.2787657556761631e25	1.0821969492073583e6	14949.452257717669
70.47012646484038	2126.1927213353106	1.2879490107448645e25	1.0834233168240774e6	14948.317066325599
70.55216386468304	2116.46502225614	1.2972657837014866e25	1.084649591381822e6	14947.183563514393
70.63420126452569	2106.711444732938	1.3067190049277188e25	1.0858757730196556e6	14946.051762416631
70.71623866436835	2096.931698383078	1.316311691175827e25	1.0871018618777269e6	14944.921676344778
70.798276064211	2087.125487593799	1.326046948778667e25	1.0883278580972767e6	14943.793318798926
70.88031346405366	2077.2925113675747	1.3359279771070897e25	1.0895537618206835e6	14942.666703468763
70.9623508638963	2067.4324631633117	1.3459580719720329e25	1.0907795731914344e6	14941.54184423824
71.04438826373897	2057.5450308190693	1.3561406293556374e25	1.0920052923541733e6	14940.418755198465
71.12642566358161	2047.6298963941629	1.3664791490952713e25	1.0932309194547066e6	14939.297450652602
71.20846306342428	2037.6867360191159	1.3769772389451497e25	1.0944564546400234e6	14938.177945123001
71.29050046326692	2027.7152197660062	1.3876386184911329e25	1.0956818980583102e6	14937.060253360964
71.37253786310959	2017.7150114018978	1.3984671255386887e25	1.096907249858983e6	14935.944390343968
71.45457526295223	2007.6857683927958	1.4094667163403387e25	1.0981325101926895e6	14934.830371303105
71.5366126627949	1997.6271415647668	1.420641474994793e25	1.0993576792113364e6	14933.718211711543
71.61865006263754	1987.5387750505529	1.4319956160727805e25	1.1005827570681106e6	14932.607927307065
71.7006874624802	1977.4203060783268	1.443533490520933e25	1.101807743917504e6	14931.499534097444
71.78272486232285	1967.2713648013398	1.4552595910905308e25	1.1030326399153306e6	14930.393048371789
71.86476226216551	1957.0915741093518	1.4671785581686746e25	1.1042574452187528e6	14929.288486710306
71.94679966200816	1946.8805494583366	1.4792951861867798e25	1.1054821599863083e6	14928.185865998497
72.02883706185082	1936.637898601758	1.4916144294259282e25	1.1067067843779288e6	14927.085203430324
72.11087446169347	1926.3632214533368	1.5041414094768875e25	1.1079313185549725e6	14925.986516528508
72.19291186153613	1916.0561098766761	1.516881421715949e25	1.109155762680247e6	14924.889823156815
72.27494926137878	1905.7161474293189	1.5298399436593049e25	1.1103801169180442e6	14923.795141529785
72.35698666122144	1895.3429091989465	1.5430226415550526e25	1.1116043814341605e6	14922.702490233676
72.43902406106409	1884.9359615449462	1.556435379233582e25	1.1128285563959319e6	14921.611888238238
72.52106146090675	1874.4948618367841	1.5700842274611867e25	1.1140526419722722e6	14920.52335491049
72.6030988607494	1864.0191582723494	1.5839754723590296e25	1.1152766383336952e6	14919.436910038266
72.68513626059206	1853.508389567079	1.5981156244765094e25	1.1165005456523618e6	14918.352573720758
72.76717366043471	1842.9620847124688	1.612511430469511e25	1.1177243641020823e6	14917.270366417053
72.84921106027737	1832.3797627258225	1.6271698827294399e25	1.1189480938583785e6	14916.190309204201
72.93124846012002	1821.7609323971292	1.6420982303409038e25	1.1201717350985142e6	14915.112423649616
73.01328585996268	1811.105091882134	1.657303994096164e25	1.12139528800156e6	14914.036731819091
73.09532325980533	1800.4117286343087	1.672794973600545e25	1.1226187527483976e6	14912.96325632231
73.17736065964799	1789.680318944001	1.6885792650311645e25	1.123842129521796e6	14911.892020319958
73.25939805949064	1778.9103276290803	1.7046652744377807e25	1.12506541850645e6	14910.823047550444
73.3414354593333	1768.1012077557755	1.7210617314512841e25	1.1262886198890219e6	14909.75636236013
73.42347285917594	1757.2524003254434	1.7377777060582407e25	1.1275117338581993e6	14908.691989733938
73.5055102590186	1746.363333930758	1.7548226250064867e25	1.128734760604747e6	14907.629955325243
73.58754765886125	1735.4334244084666	1.7722062894696036e25	1.1299577003215624e6	14906.570285488053
73.66958505870392	1724.4620744834956	1.789938894012589e25	1.1311805532037346e6	14905.513007311562
73.75162245854656	1713.4486734269356	1.8080310463954588e25	1.1324033194486068e6	14904.458148659529
73.83365985838923	1702.3925966575564	1.8264937885860356e25	1.1336259992558414e6	14903.405738206673
73.91569725823187	1691.2932053246093	1.8453386195546742e25	1.1348485928274868e6	14902.355805477435
73.99773465807453	1680.1498459880422	1.864577518947147e25	1.1360711003680509e6	14901.308380897826
74.07977205791718	1668.9618501960094	1.8842229722002566e25	1.1372935220845744e6	14900.263495840627
74.16180945775984	1657.7285340371423	1.9042879989352156e25	1.1385158581867183e6	14899.2211826733
74.24384685760249	1646.4491978080528	1.9247861787010296e25	1.1397381088868321e6	14898.181474820049
74.32588425744515	1635.1231254749723	1.945731685748727e25	1.1409602744000624e6	14897.144406810023
74.4079216572878	1623.749584376775	1.9671393173223687e25	1.1421823549444268e6	14896.11001435227
74.48995905713046	1612.3278246244704	1.9890245326274e25	1.1434043507409303e6	14895.078334387848
74.57199645697311	1600.8570787564017	2.011403486556978e25	1.1446262620136582e6	14894.049405171507
74.65403385681577	1589.3365612591613	2.034293071875397e25	1.1458480889898909e6	14893.023266345992
74.73607125665842	1577.7654681216254	2.05771096055489e25	1.1470698319002206e6	14891.999959025465
74.81810865650108	1566.142976367293	2.0816756495277987e25	1.1482914909786764e6	14890.97952588447
74.90014605634373	1554.4682435906495	2.106206509502008e25	1.149513066462855e6	14889.962011252603
74.98218345618639	1542.7404075046682	2.1313238369384243e25	1.1507345585940615e6	14888.947461186088
75.06422085602904	1530.9585855303528	2.1570489101373646e25	1.1519559676174405e6	14887.935923240391
75.1462582558717	1519.121874216296	2.1834040494428704e25	1.1531772937821217e6	14886.927447127702
75.22829565571435	1507.2293488855664	2.2104126815871053e25	1.1543985373414028e6	14885.92208475074
75.31033305555701	1495.2800631944833	2.23809940968727e25	1.1556196985529335e6	14884.919890243675
75.39237045539966	1483.2730487223375	2.266490087068519e25	1.1568407776788976e6	14883.920920120318
75.47440785524232	1471.2073145775532	2.295611898085173e25	1.1580617749862191e6	14882.925233433027
75.55644525508497	1459.0818470151737	2.3254934457754273e25	1.159282690746778e6	14881.932891943827
75.63848265492763	1446.895609125817	2.3561648447227544e25	1.1605035252376385e6	14880.943960312921
75.72052005477028	1434.6475405984431	2.3876578210134324e25	1.1617242787412917e6	14879.95850630618
75.80255745461294	1422.3365573416559	2.420005824363496e25	1.1629449515459256e6	14878.976601003325
75.88459485445559	1409.9615514233303	2.453244144924092e25	1.1641655439457037e6	14877.99831904732
75.96663225429825	1397.5213909510435	2.4874100417927627e25	1.165386056241067e6	14877.02373890265
76.0486696541409	1385.0149200521487	2.522542882669314e25	1.1666064887390605e6	14876.05294313968
76.13070705398356	1372.4409589746876	2.5586842945787443e25	1.1678268417536814e6	14875.086018743768
76.2127444538262	1359.798304291943	2.595878329299107e25	1.169047115606257e6	14874.12305745288
76.29478185366887	1347.085729280264	2.6341716406514557e25	1.1702673106258446e6	14873.164156128008
76.37681925351151	1334.3019844506205	2.6736136826617247e25	1.1714874271496767e6	14872.209417156659
76.45885665335418	1321.445798272385	2.7142569191542603e25	1.1727074655236236e6	14871.258948895002
76.54089405319682	1308.5158780987572	2.7561570584923674e25	1.1739274261027046e6	14870.312866149276
76.62293145303948	1295.5109114810793	2.799373308236549e25	1.1751473092516437e6	14869.371290713792
76.70496885288213	1282.4295677034547	2.843968653893993e25	1.176367115345461e6	14868.434351953863
76.7870062527248	1269.2704997229096	2.8900101630586423e25	1.1775868447701184e6	14867.50218744924
76.86904365256744	1256.0323465179238	2.9375693299272804e25	1.1788064979232398e6	14866.57494370167
76.9510810524101	1242.7137359995688	2.986722431589747e25	1.1800260752148395e6	14865.652776918183
77.03311845225275	1229.3132884450995	3.037550947581351e25	1.1812455770681836e6	14864.735853862525
77.11515585209541	1215.8296207137894	3.0901420121280354e25	1.1824650039206762e6	14863.824352123795
77.19719325193806	1202.261351141852	3.1445888970719285e25	1.1836843562247583e6	14862.91846184896
77.27923065178072	1188.6071053657172	3.200991581736007e25	1.184903634449062e6	14862.018387194345
77.36126805162337	1174.8655233940494	3.2594573556691704e25	1.1861228390795651e6	14861.124347251853
77.44330545146603	1161.0352678046333	3.3201015022731637e25	1.187341970620882e6	14860.236577462516
77.52534285130868	1147.1150334387553	3.3830480556365466e25	1.188561029597661e6	14859.355331185476
77.60738025115134	1133.1035588317775	3.448430649585808e25	1.1897800165561344e6	14858.4808814411
77.68941765099399	1118.9994819146364	3.5163934636741754e25	1.1909989320656408e6	14857.613513221093
77.77145505083665	1104.8004205378916	3.5870922811794954e25	1.1922177767174158e6	14856.753470167996
77.8534924506793	1090.5034767362731	3.6606956860374623e25	1.1934365511220512e6	14855.900990932925
77.93552985052196	1076.1056130548127	3.7373864017384664e25	1.194655255910577e6	14855.056335644102
78.0175672503646	1061.6036434543103	3.8173628079264004e25	1.1958738917363347e6	14854.219788522509
78.09960465020727	1046.9942226584008	3.900840650806857e25	1.1970924592770685e6	14853.391660839707
78.18164205004992	1032.273834365853	3.988054988832245e25	1.1983109592372845e6	14852.57229431964
78.26367944989258	1017.438778396139	4.079262398122732e25	1.1995293923509002e6	14851.762065077502
78.34571684973523	1002.4851564346476	4.174743502402776e25	1.200747759384259e6	14850.96138818312
78.42775424957789	987.4088564527543	4.274805850226082e25	1.201966061139534e6	14850.170722981795
78.50979164942054	972.2055355022908	4.379787214460435e25	1.2031842984585918e6	14849.390579313698
78.5918290492632	956.8706004137816	4.490059425075733e25	1.2044024722274607e6	14848.621524797141
78.67386644910584	941.3991867513115	4.6060327495677065e25	1.2056205833813888e6	14847.864193429285
78.7559038489485	925.7861350335463	4.728160989999329e25	1.2068386329106851e6	14847.119295743432
78.83794124879115	910.0259643847427	4.856947435832204e25	1.2080566218675093e6	14846.38763077994
78.91997864863382	894.1128431121357	4.992951778525294e25	1.2092745513736217e6	14845.670098877348
79.00201604847646	878.0405554359189	5.136798253706096e25	1.2104924226294428e6	14844.967720903209
79.08405344831912	861.8024642200737	5.289185208893266e25	1.2117102369247838e6	14844.281658923941
79.16609084816177	845.3914687210483	5.450896453290169e25	1.2129279956514128e6	14843.613240942168
79.24812824800443	828.7999568109482	5.622814727987811e25	1.2141457003178713e6	14842.963991583289
79.33016564784708	812.0197505378284	5.8059378178913125e25	1.215363352567086e6	14842.33566973316
79.41220304768974	795.0420436128263	6.001397986615015e25	1.2165809541974908e6	14841.73031499492
79.49424044753239	777.8573304590766	6.21048530555197e25	1.217798507188225e6	14841.150305469644
79.57627784737505	760.4553232922698	6.434676248668938e25	1.2190160137298554e6	14840.598430066713
79.6583152472177	742.8248569247369	6.6756685694926706e25	1.2202334762616314e6	14840.077979796386
79.74035264706036	724.9537775441447	6.935424380688939e25	1.2214508975172578e6	14839.592863931664
79.82239004690301	706.82881251495	7.216223677628144e25	1.2226682805814596e6	14839.14775916611
79.90442744674567	688.435416903609	7.520731441409742e25	1.223885628960528e6	14838.748302981356
79.98646484658832	669.7575913802448	7.85208251981226e25	1.225102946671098e6	14838.401346943974
80.06850224643098	650.7776650872743	8.213989861700951e25	1.226320238352776e6	14838.115292278175
80.15053964627363	631.4760337813021	8.610884287108349e25	1.2275375094129199e6	14837.900542015428
80.23257704611629	611.8308425230081	9.048096771698311e25	1.2287547662146285e6	14837.770111053032
80.31461444595894	591.8175969019107	9.53209927268629e25	1.2299720163236083e6	14837.740468305929
80.3966518458016	571.4086818383032	1.0070827315338414e26	1.23118926883734e6	14837.832718871381
80.47868924564425	550.572760278179	1.0674118256252872e26	1.2324065348301115e6	14838.074288041791
80.56072664548691	529.2740105741784	1.135431763485398e26	1.2336238279657322e6	14838.501369414596
80.64276404532956	507.47114834622954	1.2127132787004168e26	1.2348411653558512e6	14839.162562151554
80.72480144517222	485.11615011531387	1.3012860802932145e26	1.2360585687885357e6	14840.124408965632
80.80683884501487	462.15255921546185	1.403819699856856e26	1.2372760665285378e6	14841.480065246695
80.88887624485753	438.51319077401587	1.5238971835520741e26	1.2384936960278577e6	14843.3633067515
80.97091364470018	414.11694936540636	1.666442396845009e26	1.2397115081355863e6	14845.972007093407
81.05295104454284	388.864293130224	1.8384119382638782e26	1.2409295738785209e6	14849.60920606062
81.13498844438548	362.63055387997133	2.049964835447482e26	1.242147995861665e6	14854.758664889196
81.21702584422815	335.25570401284745	2.3165450119855035e26	1.243366928451329e6	14862.232648145242
81.2990632440708	306.52789321757996	2.66283150071164e26	1.2445866158536165e6	14873.483663579145
81.38110064391346	276.15525227987644	3.1308550434178223e26	1.2458074699436952e6	14891.327438136816
81.4631380437561	243.71345434450544	3.7984996735381576e26	1.2470302468599635e6	14921.843453764772
81.54517544359877	208.53625818665202	4.828095205443651e26	1.2482565095176052e6	14980.314872718533
81.62721284344141	169.44341310533542	6.623425880829422e26	1.249490125461432e6	15115.307672727884
81.70925024328407	123.8226245691757	1.0544204619575614e27	1.2507442213683806e6	15562.628860790564
81.79128764312672	64.45156408834815	2.203354539436395e27	1.2520730290820182e6	19476.872073247177
