0.	10000.	1.98847e24	0.	11947.778103686114
0.10973913052437612	9971.208452173867	1.990157563225166e24	1311.4525342914371	11953.462844542151
0.21947826104875223	9942.6765957149	1.991851089467917e24	2623.517970985607	11958.94890645277
0.32921739157312835	9914.419911218645	1.9935505260572482e24	3936.174716171136	11964.24010486285
0.43895652209750446	9886.453918964724	1.9952558223694534e24	5249.401597056851	11969.340298526526
0.5486956526218806	9858.794144220084	1.9969669295702777e24	6563.177866522267	11974.253386649047
0.6584347831462567	9831.456073641943	1.9986838003983253e24	7877.483207573998	11978.983309105226
0.7681739136706328	9804.455110323042	2.0004063889600706e24	9192.297737772082	11983.534045629161
0.8779130441950089	9777.8065250903	2.00213465054093e24	10507.602013543807	11987.909613863658
0.987652174719385	9751.52540810532	2.0038685414298378e24	11823.377033967814	11992.114062964158
1.0973913052437612	9725.626610985179	2.005608018779504e24	13139.60424425514	11996.15147521887
1.2071304357681374	9700.12469115272	2.0073530404614973e24	14456.26553931735	12000.025962961137
1.3168695662925134	9675.033852756691	2.009103564947114e24	15773.343266849886	12003.741664839441
1.4266086968168894	9650.367886784436	2.0108595512043423e24	17090.820229830573	12007.302739824216
1.5363478273412656	9626.14010959669	2.0126209586024694e24	18408.6796887127	12010.713365057674
1.6460869578656419	9602.363299638258	2.014387746839065e24	19726.905363114947	12013.977731861116
1.7558260883900179	9579.049635381125	2.0161598758746437e24	21045.481433176807	12017.100040370426
1.8655652189143939	9556.210635123765	2.0179373058746254e24	22364.392540161385	12020.084493446051
1.97530434943877	9533.857096131835	2.019719997180302e24	23683.623786445587	12022.935291509608
2.0850434799631463	9511.999036987818	2.0215079102742417e24	25003.160735002253	12025.65662782075
2.1947826104875223	9490.645641976276	2.0233010057713196e24	26322.989408324946	12028.252681965356
2.3045217410118983	9469.805210725177	2.025099244389247e24	27643.096286519936	12030.727614135643
2.4142608715362748	9449.485110245392	2.0269025869867783e24	28963.46830485947	12033.085557938644
2.524000002060651	9429.691733480671	2.0287109945337736e24	30284.092850504698	12035.33061487961
2.633739132585027	9410.43046165422	2.0305244281706097e24	31604.95775868625	12037.466848244261
2.743478263109403	9391.705634262951	2.032342849202083e24	32926.051308129354	12039.498276814591
2.853217393633779	9373.52052518721	2.0341662191525717e24	34247.36221586508	12041.428868552632
2.9629565241581552	9355.877324745497	2.035994499794722e24	35568.87963134411	12043.262535016316
3.0726956546825313	9339.008691999485	2.0378276439336164e24	36890.59199737158	12044.979794052799
3.1824347852069073	9322.56423456526	2.039665604779726e24	38212.48823761157	12046.620421033573
3.2921739157312837	9306.445117769272	2.0415083629763128e24	39534.560951344094	12048.196848909869
3.4019130462556597	9290.626057101967	2.0433559024594773e24	40856.803351038056	12049.713669205252
3.5116521767800357	9275.08503008419	2.045208209522984e24	42179.20912101451	12051.174908277619
3.6213913073044117	9259.802698739677	2.0470652725296548e24	43501.77236098683	12052.584124412848
3.7311304378287877	9244.761960178384	2.0489270816562325e24	44824.48753901118	12053.944483635194
3.840869568353164	9229.947590256996	2.05079362870627e24	46147.3494518877	12055.258820386523
3.95060869887754	9215.3459591388	2.0526649069249637e24	47470.3531915465	12056.529686238666
4.060347829401916	9200.944800455072	2.0545409108621831e24	48793.49411624467	12057.759389414141
4.170086959926293	9186.733022325729	2.0564216362421794e24	50116.76782571004	12058.950027473062
4.279826090450668	9172.70055188954	2.0583070798632937e24	51440.17013955756	12060.103514334383
4.389565220975045	9158.838204930953	2.0601972395024115e24	52763.69707841266	12061.221602941803
4.499304351499421	9145.13757770682	2.062092113820819e24	54087.34484731151	12062.30590421291
4.609043482023797	9131.590954137597	2.0639917023058052e24	55411.10982103603	12063.35790333852
4.718782612548173	9118.191227888181	2.0658960052037248e24	56734.988531096555	12064.378973660992
4.8285217430725496	9104.931835033029	2.0678050234639048e24	58058.977654125716	12065.370388548381
4.938260873596925	9091.806696637015	2.0697187586877705e24	59383.0740014886	12066.33333165168
5.048000004121302	9078.810168612808	2.0716372130864937e24	60707.27450992976	12067.268905850668
5.157739134645677	9065.936998420353	2.0735603894408457e24	62031.57623315443	12068.178141039063
5.267478265170054	9053.182287336555	2.0754882910545485e24	63355.976334200466	12069.062000937034
5.37721739569443	9040.541456746168	2.0774209217400217e24	64680.47207850184	12069.921389031093
5.486956526218806	9028.010219546772	2.0793582857673056e24	66005.06082758842	12070.757153954466
5.596695656743182	9015.584553597802	2.0813003878611634e24	67329.7400333242	12071.570094270617
5.706434787267558	9003.26067926932	2.0832472331573307e24	68654.50723266532	12072.360962593555
5.816173917791934	8991.035038615773	2.0851988271994317e24	69979.36004278973	12073.130469351061
5.9259130483163105	8978.904277586611	2.087155175886851e24	71304.29615669757	12073.87928610865
6.035652178840686	8966.865229507226	2.0891162854890274e24	72629.31333907504	12074.608048592489
6.1453913093650625	8954.914900275973	2.0910821626229583e24	73954.40942254008	12075.317359408915
6.255130439889439	8943.050455379074	2.0930528142143277e24	75279.58230414025	12076.007790479242
6.3648695704138145	8931.269208104675	2.095028247502872e24	76604.829942098	12076.679885249028
6.474608700938191	8919.568608362411	2.097008470031426e24	77930.15035280095	12077.334160722778
6.584347831462567	8907.94623333008	2.098993489625054e24	79255.54160800843	12077.9711092807
6.694086961986943	8896.399778181005	2.100983314383459e24	80581.0018322397	12078.591200249346
6.803826092511319	8884.927048770043	2.102977952658017e24	81906.52920030811	12079.194881208836
6.913565223035695	8873.525953248429	2.1049774130716946e24	83232.12193503075	12079.78257978605
7.023304353560071	8862.19449597199	2.1069817044739684e24	84557.7783051204	12080.354704942
7.133043484084448	8850.930771183956	2.1089908359497546e24	85883.49662318784	12080.911647963867
7.242782614608823	8839.732957013804	2.1110048168268435e24	87209.2752438691	12081.453783620176
7.3525217451332	8828.59931076686	2.1130236566431762e24	88535.11256206359	12081.981471110146
7.4622608756575755	8817.528163907416	2.1150473651396332e24	89861.00701127925	12082.495054991125
7.572000006181952	8806.517917487947	2.1170759522794983e24	91186.95706206889	12082.994866031837
7.681739136706328	8795.567038272151	2.1191094282204542e24	92512.96122056352	12083.481221986396
7.791478267230704	8784.674054960115	2.1211478033055093e24	93839.01802708907	12083.954428321282
7.90121739775508	8773.8375544128	2.1231910880829616e24	95165.12605483964	12084.41477890193
8.010956528279456	8763.0561786958	2.1252392932790877e24	96491.28390865662	12084.862556621867
8.120695658803832	8752.328622033638	2.1272924297948288e24	97817.4902238452	12085.298033957517
8.230434789328209	8741.653627771593	2.1293505087165022e24	99143.74366507062	12085.72147345524
8.340173919852585	8731.029986214917	2.1314135412834777e24	100470.04292528133	12086.133128125299
8.449913050376962	8720.456531703547	2.1334815389248357e24	101796.38672469185	12086.53324217526
8.559652180901336	8709.932140599467	2.1355545132224977e24	103122.77380986388	12086.92205144971
8.669391311425713	8699.45572907542	2.1376324759138018e24	104449.20295279086	12087.299783755028
8.77913044195009	8689.026251103876	2.1397154389067253e24	105775.67295004847	12087.666659261833
8.888869572474466	8678.642696800312	2.141803414243811e24	107102.18262196172	12088.022890857632
8.998608702998842	8668.304090300904	2.1438964141470795e24	108428.73081183952	12088.368684469016
9.108347833523217	8658.009488638174	2.1459944509543e24	109755.31638522175	12088.704239413473
9.218086964047593	8647.757979770706	2.1480975371743041e24	111081.93822917428	12089.0297486986
9.32782609457197	8637.548681375436	2.1502056854467798e24	112408.59525160742	12089.345399298716
9.437565225096346	8627.380739400944	2.1523189085479742e24	113735.28638063521	12089.651372425871
9.547304355620723	8617.253326636042	2.1544372194214063e24	115062.01056394915	12089.947843808197
9.657043486145099	8607.165642018404	2.1565606311067252e24	116388.76676823183	12090.234983850454
9.766782616669474	8597.116908958391	2.158689156811514e24	117715.55397858904	12090.512957942186
9.87652174719385	8587.10637451604	2.1608228098610474e24	119042.371198013	12090.781926550797
9.986260877718227	8577.133308333356	2.1629616037250484e24	120369.2174468348	12091.042045454411
10.096000008242603	8567.197001867136	2.1651055519795017e24	121696.09176223629	12091.293465998637
10.20573913876698	8557.296767142263	2.1672546683514117e24	123022.9931977861	12091.536335348794
10.315478269291354	8547.431936139123	2.169408966689035e24	124349.92082296316	12091.770796510269
10.42521739981573	8537.60185989038	2.171568460957119e24	125676.8737227264	12091.996988573796
10.534956530340107	8527.80590774301	2.17373316526404e24	127003.85099709238	12092.215046848482
10.644695660864484	8518.043466641784	2.1759030938175258e24	128330.85176072379	12092.425103006331
10.75443479138886	8508.31394037221	2.1780782609720138e24	129657.87514253987	12092.627285233983
10.864173921913235	8498.616749104789	2.1802586811742863e24	130984.92028534038	12092.82171833861
10.973913052437611	8488.951328419464	2.1824443690277032e24	132311.98634544128	12093.008523870129
11.083652182961988	8479.31712911289	2.1846353392150048e24	133639.07249232646	12093.187820269324
11.193391313486364	8469.71361626856	2.186831606577844e24	134966.17790831256	12093.35972297407
11.30313044401074	8460.14026904285	2.1890331860336343e24	136293.3017882219	12093.52434452724
11.412869574535115	8450.596579800427	2.1912400926596262e24	137620.44333907487	12093.681794690456
11.522608705059492	8441.082054167693	2.1934523416046329e24	138947.6017797866	12093.832180490937
11.632347835583868	8431.596209835767	2.195669948176458e24	140274.77634087292	12093.975606316102
11.742086966108245	8422.138576857938	2.1978929277567123e24	141601.96626416172	12094.112174019947
11.851826096632621	8412.708696651654	2.2001212958741545e24	142929.17080252687	12094.241983057576
11.961565227156997	8403.30612202307	2.2023550681401e24	144256.38921963022	12094.365130570788
12.071304357681372	8393.930416376523	2.204594260318895e24	145583.62078966587	12094.481711390405
12.181043488205749	8384.581153728801	2.206838888242117e24	146910.86479711538	12094.591818174124
12.290782618730125	8375.257917971743	2.2090889678957553e24	148238.1205365098	12094.695541461995
12.400521749254501	8365.960302971478	2.211344515340276e24	149565.3873122026	12094.792969748905
12.510260879778878	8356.687911849358	2.2136055467768656e24	150892.66443815053	12094.884189544244
12.620000010303253	8347.440356998228	2.2158720784978096e24	152219.95123769736	12094.96928540426
12.729739140827629	8338.217259495514	2.2181441269137743e24	153547.2470433643	12095.048340043293
12.839478271352005	8329.01824902596	2.2204217085401448e24	154874.55119664717	12095.12143437291
12.949217401876382	8319.842963449144	2.222704840018648e24	156201.86304782695	12095.188647574876
13.058956532400758	8310.691048772442	2.2249935380786542e24	157529.1819557789	12095.250057111258
13.168695662925135	8301.562158596147	2.2272878195787985e24	158856.50728778733	12095.305738799037
13.27843479344951	8292.455954137728	2.229587701474677e24	160183.83841937405	12095.355766876215
13.388173923973886	8283.372103912536	2.2318932008324384e24	161511.1747341203	12095.40021402685
13.497913054498262	8274.31028338218	2.2342043348410641e24	162838.51562349498	12095.4391514225
13.607652185022639	8265.270175065003	2.236521120767096e24	164165.8604866974	12095.4726487245
13.717391315547015	8256.251467855342	2.2388435760302052e24	165493.2087305018	12095.500774227407
13.82713044607139	8247.25385730674	2.241171718116751e24	166820.55976908802	12095.523594860028
13.936869576595766	8238.277045110604	2.2435055646490048e24	168147.9130239256	12095.541176229903
14.046608707120143	8229.320739129253	2.245845133338881e24	169475.26792359442	12095.553582630237
14.15634783764452	8220.38465300153	2.2481904420306973e24	170802.62390366837	12095.560877083017
14.266086968168896	8211.468506159521	2.250541508663908e24	172129.9804065744	12095.563121398278
14.37582609869327	8202.572023660725	2.252898351272868e24	173457.33688144412	12095.560376199724
14.485565229217647	8193.694935805708	2.2552609880375898e24	174784.6927840145	12095.552700967582
14.595304359742023	8184.836978375562	2.2576294372036174e24	176112.04757647135	12095.540154012708
14.7050434902664	8175.997892076488	2.2600037171622998e24	177439.4007273483	12095.522792571946
14.814782620790776	8167.177422742998	2.2623838463820073e24	178766.7517114042	12095.500672817392
14.924521751315151	8158.375320850582	2.2647698434762745e24	180094.1000094932	12095.473849901908
15.034260881839527	8149.591341735012	2.2671617271425957e24	181421.4451084795	12095.442377932419
15.144000012363904	8140.825245362134	2.269559516186379e24	182748.78650109973	12095.406310041446
15.25373914288828	8132.07679590507	2.2719632295491942e24	184076.12368587492	12095.365698403606
15.363478273412657	8123.345762164931	2.2743728862419e24	185403.45616700186	12095.320594263829
15.473217403937033	8114.631916955355	2.2767885054283647e24	186730.78345423707	12095.271047911358
15.582956534461408	8105.935037340069	2.2792101063543236e24	188058.10506282252	12095.217108762508
15.692695664985784	8097.254904364984	2.28163770837738e24	189385.42051336545	12095.158825384107
15.80243479551016	8088.591302872566	2.284071330990231e24	190712.72933176134	12095.096245505852
15.912173926034537	8079.944021716508	2.286510993756985e24	192040.03104909984	12095.029416037707
16.021913056558912	8071.312853251354	2.2889567163960103e24	193367.3252015635	12094.958383055919
16.13165218708329	8062.697593591266	2.2914085187077378e24	194694.61133036314	12094.883191872186
16.241391317607665	8054.098042348989	2.2938664206072423e24	196021.88898162876	12094.803887037628
16.351130448132043	8045.514002477886	2.2963304421446942e24	197349.15770634284	12094.720512371641
16.460869578656418	8036.945280479891	2.2988006034438857e24	198676.41706025688	12094.63311092646
16.570608709180792	8028.391685966777	2.3012769247841183e24	200003.6666038017	12094.541725063085
16.68034783970517	8019.853031758525	2.303759426530189e24	201330.90590203053	12094.44639645044
16.790086970229545	8011.329133914737	2.306248129155991e24	202658.13452451726	12094.34716610245
16.899826100753923	8002.819811370948	2.3087430532811586e24	203985.35204531258	12094.244074325019
17.009565231278298	7994.324886250798	2.311244219594722e24	205312.5580428522	12094.137160800234
17.119304361802673	7985.844183301469	2.3137516489484561e24	206639.75209988112	12094.026464578033
17.22904349232705	7977.3775303562725	2.316265362265882e24	207966.93380340957	12093.912024114541
17.338782622851426	7968.92475783421	2.3187853806164065e24	209294.10274463004	12093.79387720276
17.448521753375804	7960.485698959514	2.3213117251808537e24	210621.2585188418	12093.672061059526
17.55826088390018	7952.060189635118	2.3238444172312956e24	211948.40072540348	12093.546612334381
17.668000014424553	7943.64806823839	2.3263834781848319e24	213275.5289676715	12093.417567136306
17.77773914494893	7935.249175748022	2.328928929563294e24	214602.6428529191	12093.284960990617
17.887478275473306	7926.863355553243	2.331480792998486e24	215929.74199229508	12093.148828889396
17.997217405997684	7918.490453465004	2.334039090269348e24	217256.82600076828	12093.009205302928
18.10695653652206	7910.130317683345	2.3366038432403087e24	218583.89449705	12092.866124201482
18.216695667046434	7901.782798755826	2.3391750738993297e24	219910.94710355048	12092.719619022844
18.326434797570812	7893.447749353497	2.3417528043792544e24	221237.98344633367	12092.569722712065
18.436173928095187	7885.125024488226	2.344337056891329e24	222565.00315504533	12092.416467739366
18.545913058619565	7876.814481191091	2.3469278538155587e24	223892.00586286248	12092.259886113869
18.65565218914394	7868.515978710114	2.3495252176221686e24	225218.9912064616	12092.100009356935
18.765391319668314	7860.22937843014	2.3521291708894332e24	226545.95882594702	12091.93686853993
18.875130450192692	7851.954543531849	2.354739736360029e24	227872.90836480208	12091.770494292214
18.984869580717067	7843.691339405752	2.3573569368539771e24	229199.83946985996	12091.600916826928
19.094608711241445	7835.43963320113	2.3599807953490063e24	230526.75179123977	12091.428165902342
19.20434784176582	7827.199294059948	2.3626113349379014e24	231853.64498229767	12091.252270865518
19.314086972290198	7818.97019303144	2.3652485788134073e24	233180.51869959602	12091.073260648596
19.423826102814573	7810.752202877648	2.3678925503236012e24	234507.37260285002	12090.891163775801
19.533565233338948	7802.54519819212	2.370543272935055e24	235834.20635487244	12090.706008363983
19.643304363863326	7794.349055327613	2.3732007702167004e24	237161.01962154882	12090.517822158152
19.7530434943877	7786.163652348837	2.3758650658920897e24	238487.8120717939	12090.326632534567
19.86278262491208	7777.9888689531335	2.3785361837989005e24	239814.58337749564	12090.132466511703
19.972521755436453	7769.824586563622	2.3812141478946854e24	241141.3332134898	12089.935350720634
20.082260885960828	7761.670688082529	2.3838989822949212e24	242468.06125752153	12089.735311437795
20.192000016485206	7753.527058071852	2.386590711211101e24	243794.76719019384	12089.532374598186
20.30173914700958	7745.393582696822	2.3892893589866756e24	245121.4506949354	12089.326565810641
20.41147827753396	7737.270149491495	2.3919949501260121e24	246448.11145797485	12089.117910316758
20.521217408058334	7729.156647624885	2.3947075092305214e24	247774.74916828662	12088.906433039352
20.63095653858271	7721.052967671104	2.397427061034282e24	249101.36351755896	12088.69215858178
20.740695669107087	7712.959001560444	2.400153630433952e24	250427.9542001733	12088.475111243493
20.85043479963146	7704.874642788467	2.4028872424142132e24	251754.52091315255	12088.255314988028
20.96017393015584	7696.79978599228	2.4056279221402615e24	253081.06335613062	12088.032793476805
21.069913060680214	7688.734327343779	2.4083756948859553e24	254407.58123132514	12087.807570080884
21.17965219120459	7680.67816433801	2.411130586043745e24	255734.07424351043	12087.579667892878
21.289391321728967	7672.631195649645	2.4138926211746508e24	257060.5420999652	12087.349109682626
21.399130452253342	7664.5933213249955	2.416661825964511e24	258386.98451045793	12087.115917951673
21.50886958277772	7656.564442665905	2.4194382262103933e24	259713.4011872114	12086.880114927006
21.618608713302095	7648.544462094425	2.422221847888519e24	261039.79184487107	12086.641722575509
21.72834784382647	7640.533283355713	2.4250127170917134e24	262366.15620047704	12086.400762566867
21.838086974350848	7632.530811356771	2.4278108600330825e24	263692.4939734365	12086.15725632211
21.947826104875222	7624.536952057735	2.430616303108434e24	265018.8048854907	12085.911225003394
22.0575652353996	7616.551612675466	2.433429072824663e24	266345.0886606899	12085.662689537603
22.167304365923975	7608.574701601891	2.436249195818831e24	267671.34502536646	12085.411670572463
22.27704349644835	7600.606128102222	2.4390766989111747e24	268997.57370810653	12085.158188526942
22.386782626972728	7592.645802684298	2.4419116090369703e24	270323.77443972207	12084.902263556382
22.496521757497103	7584.693636981893	2.4447539532691237e24	271649.94695322	12084.643915507846
22.60626088802148	7576.749543648535	2.447603758825472e24	272976.09098377236	12084.38316399652
22.716000018545856	7568.813436190354	2.450461053100296e24	274302.20626869285	12084.120028452933
22.82573914907023	7560.885229306367	2.4533258635949784e24	275628.29254741705	12083.854528111087
22.93547827959461	7552.964838644566	2.456198217967268e24	276954.3495614797	12083.586681984929
23.045217410118983	7545.052180669069	2.4590781440509545e24	278280.3770544882	12083.316508839704
23.15495654064336	7537.147172979463	2.46196566978931e24	279606.3747720981	12083.044027245895
23.264695671167736	7529.249734084659	2.464860823286238e24	280932.3424619919	12082.769255566604
23.374434801692114	7521.359783319568	2.4677636328227447e24	282258.2798738558	12082.492211959016
23.48417393221649	7513.477241000417	2.4706741267916144e24	283584.1867593563	12082.212914357384
23.593913062740864	7505.602028341035	2.4735923337506126e24	284910.06287211727	12081.931380508155
23.703652193265242	7497.7340673593335	2.4765182824354703e24	286235.90796770004	12081.647627963102
23.813391323789617	7489.8732810452975	2.4794520016964456e24	287561.7218035815	12081.361674086398
23.923130454313995	7482.019593143812	2.4823935205530513e24	288887.504139132	12081.073536029497
24.03286958483837	7474.172928205365	2.485342868203476e24	290213.2547355942	12080.78323076675
24.142608715362744	7466.333211730347	2.4883000739638077e24	291538.973356065	12080.49077509848
24.252347845887122	7458.50036995259	2.491265167323395e24	292864.6597654742	12080.196185640787
24.362086976411497	7450.674329797485	2.4942381779506705e24	294190.3137305635	12079.899478811776
24.471826106935875	7442.85501912756	2.4972191356362734e24	295515.935019868	12079.60067087033
24.58156523746025	7435.042366528466	2.5002080703475895e24	296841.5234036986	12079.299777906905
24.691304367984625	7427.236301256737	2.503205012231485e24	298167.07865412167	12078.99681583694
24.801043498509003	7419.436753353949	2.506209991574494e24	299492.60054493946	12078.691800396966
24.910782629033378	7411.643653679849	2.5092230388161434e24	300818.0888516736	12078.38474717202
25.020521759557756	7403.856933721627	2.5122441845773575e24	302143.54335154797	12078.075671587825
25.13026089008213	7396.076525611445	2.515273459656217e24	303468.96382346936	12077.764588905455
25.240000020606505	7388.3023623182935	2.51831089498068e24	304794.3500480096	12077.45151422319
25.349739151130883	7380.534377434989	2.5213565216707597e24	306119.70180739043	12077.136462492364
25.459478281655258	7372.772505166213	2.5244103710242947e24	307445.0188854665	12076.819448514145
25.569217412179636	7365.0166804679475	2.527472474472802e24	308770.3010677076	12076.500486938694
25.67895654270401	7357.266838930807	2.5305428636434617e24	310095.5481411773	12076.179592162654
25.788695673228386	7349.522916774876	2.5336215703430854e24	311420.7598945134	12075.856778475805
25.898434803752764	7341.784850853151	2.536708626531197e24	312745.9361179163	12075.53206006817
26.00817393427714	7334.052578663702	2.539804064329311e24	314071.07660313544	12075.205450992828
26.117913064801517	7326.32603826962	2.542907916058372e24	315396.1811434541	12074.876965148696
26.22765219532589	7318.6051683512715	2.546020214216015e24	316721.2495336747	12074.546616305466
26.33739132585027	7310.889908234138	2.5491409914438963e24	318046.2815701022	12074.214418105055
26.447130456374644	7303.180197739836	2.5522702805928974e24	319371.27705053485	12073.880384048278
26.55686958689902	7295.475977277075	2.5554081146944e24	320696.2357742392	12073.544527494525
26.666608717423397	7287.7771878996045	2.5585545269300926e24	322021.15754194336	12073.206861684646
26.776347847947772	7280.0837711959475	2.561709550675586e24	323346.0421558219	12072.867399735962
26.88608697847215	7272.395669229857	2.5648732195134364e24	324670.8894194815	12072.526154633693
26.995826108996525	7264.712824656598	2.568045567176134e24	325995.69913794694	12072.183139230601
27.1055652395209	7257.035180712842	2.571226627577497e24	327320.47111764766	12071.838366267053
27.215304370045278	7249.362681045743	2.5744164348548465e24	328645.2051664046	12071.491848362388
27.325043500569652	7241.695269899058	2.5776150233043217e24	329969.90109341603	12071.143598019362
27.43478263109403	7234.032892068335	2.580822427395332e24	331294.5587092459	12070.79362761419
27.544521761618405	7226.375492775746	2.5840386818204277e24	332619.1778258109	12070.441949412083
27.65426089214278	7218.723017722654	2.587263821453295e24	333943.7582563671	12070.088575567635
27.764000022667158	7211.075413132929	2.590497881348416e24	335268.29981549736	12069.733518125902
27.873739153191533	7203.432625753491	2.593740896743441e24	336592.8023190997	12069.37678901028
27.98347828371591	7195.794602761086	2.596992903083866e24	337917.2655843759	12069.01840004153
28.093217414240286	7188.161291764791	2.6002539360278897e24	339241.68942981825	12068.658362934417
28.20295654476466	7180.532640921392	2.6035240313969984e24	340566.0736751996	12068.296689305525
28.31269567528904	7172.908598789002	2.606803225213691e24	341890.41814156173	12067.93339064952
28.422434805813413	7165.289114313675	2.6100915537353954e24	343214.72265120246	12067.568478364194
28.53217393633779	7157.674136962413	2.6133890533865924e24	344538.98702766484	12067.201963751726
28.641913066862166	7150.063616662123	2.616695760783446e24	345863.21109572664	12066.833858022354
28.75165219738654	7142.457503667633	2.6200117127830315e24	347187.3946813894	12066.464172271764
28.86139132791092	7134.855748736308	2.623336946428998e24	348511.53761186707	12066.092917469467
28.971130458435294	7127.258303064181	2.626671498948893e24	349835.63971557026	12065.72010447332
29.080869588959672	7119.665118186871	2.6300154078038046e24	351159.70082209556	12065.345744059663
29.190608719484047	7112.076146038214	2.633368710669241e24	352483.72076221765	12064.969846924092
29.30034785000842	7104.4913389906	2.6367314454112286e24	353807.69936788065	12064.592423676668
29.4100869805328	7096.910649824426	2.640103650102628e24	355131.6364721885	12064.21348483747
29.519826111057174	7089.334031712759	2.6434853630292795e24	356455.5319093938	12063.833040844136
29.629565241581552	7081.761438137115	2.64687662272347e24	357779.38551489095	12063.451102026662
29.739304372105927	7074.192822994937	2.6502774678996567e24	359103.19712520356	12063.067678633006
29.849043502630302	7066.62814060446	2.653687937481192e24	360426.96657797473	12062.68278082903
29.95878263315468	7059.067345561712	2.6571080706440334e24	361750.6937119581	12062.296418696194
30.068521763679055	7051.510392853522	2.6605379067714315e24	363074.3783670076	12061.90860222394
30.178260894203433	7043.957237879756	2.6639774854449884e24	364398.02038406895	12061.519341319612
30.288000024727808	7036.40783635228	2.667426846484625e24	365721.61960517045	12061.128645810002
30.397739155252186	7028.862144275284	2.6708860299565095e24	367045.1758734148	12060.736525441713
30.50747828577656	7021.320118080866	2.6743550761202776e24	368368.68903297087	12060.342989882767
30.617217416300935	7013.781714560291	2.677834025458071e24	369692.15892906475	12059.948048715756
30.726956546825313	7006.246890703453	2.681322918718416e24	371015.5854079693	12059.551711443608
30.836695677349688	6998.715603904515	2.6848217968584775e24	372338.9683169954	12059.15398749783
30.946434807874066	6991.18781192749	2.6883307010489404e24	373662.30750448466	12058.754886240049
31.05617393839844	6983.663472797908	2.6918496727165993e24	374985.60281980055	12058.35441694026
31.165913068922816	6976.142544833299	2.69537875353303e24	376308.8541133202	12057.952588800057
31.275652199447194	6968.624986709822	2.698917985386548e24	377632.0612364266	12057.549410950822
31.38539132997157	6961.11075741932	2.7024674104025743e24	378955.2240415022	12057.144892459139
31.495130460495947	6953.599816288546	2.706027070937174e24	380278.34238192067	12056.73904230809
31.60486959102032	6946.092122812357	2.7095970096259127e24	381601.41611203743	12056.331869408039
31.714608721544696	6938.587636862482	2.7131772693224364e24	382924.44508718164	12055.923382605737
31.824347852069074	6931.086318640869	2.7167678931085394e24	384247.42916364915	12055.513590685854
31.93408698259345	6923.588128572611	2.720368924338713e24	385570.36819869524	12055.102502356332
32.043826113117824	6916.093027350208	2.723980406622244e24	386893.26205052686	12054.690126257507
32.153565243642205	6908.600976015939	2.727602383789657e24	388216.11057829525	12054.276470952298
32.26330437416658	6901.111935891383	2.731234899925857e24	389538.9136420877	12053.861544923635
32.373043504690955	6893.6258684878085	2.734877999404103e24	390861.67110291944	12053.445356586275
32.48278263521533	6886.142735640383	2.738531726826622e24	392184.3828227255	12053.027914307448
32.592521765739704	6878.662499463098	2.742196127052648e24	393507.0486643569	12052.609226397046
32.702260896264086	6871.185122329665	2.745871245185644e24	394829.6684915698	12052.189301102188
32.81200002678846	6863.710566830665	2.749557126616729e24	396152.2421690321	12051.768146611019
32.921739157312835	6856.238795793023	2.753253817000382e24	397474.7695622799	12051.345771039447
33.03147828783721	6848.769772357677	2.756961362241102e24	398797.25053777563	12050.92218244814
33.141217418361585	6841.303459904397	2.760679808501109e24	400119.6849628436	12050.497388839485
33.250956548885966	6833.8398220383515	2.7644092022150915e24	401442.07270566345	12050.071398157952
33.36069567941034	6826.378822593543	2.768149590116428e24	402764.4136353148	12049.644218289093
33.470434809934716	6818.920425700397	2.7719010191739645e24	404086.7076217379	12049.21585705596
33.58017394045909	6811.464595672392	2.7756635366410266e24	405408.95453570073	12048.786322226508
33.689913070983465	6804.011297030751	2.7794371900687083e24	406731.154248841	12048.355621511215
33.79965220150785	6796.560494576223	2.783222027262407e24	408053.306633637	12047.92376257291
33.90939133203222	6789.112153334919	2.787018096308947e24	409375.411563405	12047.490753009852
34.019130462556596	6781.6662385971495	2.790825445563534e24	410697.46891229216	12047.056600370377
34.12886959308097	6774.222715769836	2.794644123698653e24	412019.4785552703	12046.621312144729
34.238608723605346	6766.781550510088	2.7984741796614325e24	413341.44036812946	12046.1848957735
34.34834785412973	6759.342708747592	2.802315662664151e24	414663.3542274725	12045.747358650246
34.4580869846541	6751.906156598444	2.806168622218694e24	415985.2200107101	12045.308708105897
34.56782611517848	6744.471860327651	2.810033108159013e24	417307.03759605775	12044.868951421711
34.67756524570285	6737.039786469014	2.8139091705844305e24	418628.8068625274	12044.428095832236
34.787304376227226	6729.609901754555	2.8177968598928684e24	419950.52768992167	12043.986148525106
34.89704350675161	6722.1821731434575	2.821696226767778e24	421272.19995882787	12043.543116635261
35.00678263727598	6714.756567745469	2.8256073222172363e24	422593.82355061447	12043.099007243976
35.11652176780036	6707.333052853561	2.8295301975557735e24	423915.39834742015	12042.653827386104
35.22626089832473	6699.91159601062	2.833464904377654e24	425236.92423215695	12042.207584052396
35.33600002884911	6692.492164956805	2.837411494583091e24	426558.40108850464	12041.760284191841
35.44573915937349	6685.074727548426	2.841370020415945e24	427879.82880090084	12041.31193469513
35.55547828989786	6677.6592518702655	2.8453405344140295e24	429201.20725453366	12040.862542387784
35.66521742042224	6670.245706229781	2.84932308940998e24	430522.53633533634	12040.412114050676
35.77495655094661	6662.834059098157	2.853317738559679e24	431843.81592998403	12039.960656427666
35.88469568147099	6655.424279061845	2.857324535370799e24	433165.0459258948	12039.508176227355
35.99443481199537	6648.016334941401	2.861343533644198e24	434486.22621121973	12039.054680106312
36.10417394251974	6640.610195728894	2.8653747875046556e24	435807.35667483613	12038.6001746816
36.21391307304412	6633.205830607379	2.869418351392416e24	437128.4372063435	12038.144666528087
36.32365220356849	6625.803208912894	2.873474280083914e24	438449.46769605915	12037.688162178127
36.43339133409287	6618.402300102591	2.877542628712377e24	439770.4480350187	12037.230668118973
36.54313046461725	6611.003073861325	2.881623452714426e24	441091.3781149689	12036.77219079311
36.652869595141624	6603.605500053092	2.8857168078533773e24	442412.25782835967	12036.312736606107
36.762608725666	6596.209548650239	2.889822750256859e24	443733.08706833975	12035.85231191916
36.87234785619037	6588.815189786918	2.8939413363948937e24	445053.86572875193	12035.390923054641
36.98208698671475	6581.422393806272	2.898072623055574e24	446374.5937041322	12034.928576297116
37.09182611723913	6574.031131188489	2.9022166673715073e24	447695.27088970784	12034.465277885123
37.201565247763504	6566.641372520042	2.90637352685856e24	449015.8971813872	12034.001034018034
37.31130437828788	6559.253088571135	2.9105432593649793e24	450336.47247575526	12033.535850858363
37.421043508812254	6551.866250273888	2.914725923084767e24	451656.9966700694	12033.069734532497
37.53078263933663	6544.480828716629	2.9189215765635817e24	452977.4696622565	12032.602691128597
37.64052176986101	6537.09679514562	2.9231302787026696e24	454297.8913509136	12032.134726693052
37.750260900385385	6529.714120883801	2.9273520888014464e24	455618.26163530047	12031.665847233751
37.86000003090976	6522.332777442026	2.931587066498365e24	456938.5804153318	12031.196058724658
37.969739161434134	6514.952736499059	2.935835271783027e24	458258.8475915737	12030.725367106066
38.07947829195851	6507.573969850927	2.940096765025351e24	459579.0630652406	12030.253778281754
38.18921742248289	6500.196449382594	2.944371606996959e24	460899.2267381973	12029.781298110733
38.298956553007265	6492.820147167433	2.948659858818146e24	462219.3385129511	12029.307932423437
38.40869568353164	6485.445035406215	2.9529615819894596e24	463539.39829264546	12028.833687015052
38.518434814056015	6478.071086450667	2.957276838380871e24	464859.4059810555	12028.358567647643
38.628173944580396	6470.698272763437	2.961605690255804e24	466179.3614825854	12027.882580051484
38.73791307510477	6463.326566893457	2.9659482002907557e24	467499.2647022691	12027.40572991248
38.847652205629146	6455.955941573968	2.9703044315235093e24	468819.1155457658	12026.928022889544
38.95739133615352	6448.586369680296	2.9746744473755167e24	470138.9139193514	12026.449464595344
39.067130466677895	6441.217824166494	2.9790583116892473e24	471458.659729913	12025.970060600666
39.17686959720228	6433.850278097476	2.983456088710371e24	472778.35288494587	12025.4898164602
39.28660872772665	6426.483704693949	2.9878678430674317e24	474097.99329255626	12025.008737695747
39.396347858251026	6419.118077291377	2.992293639800274e24	475417.58086145786	12024.526829796612
39.5060869887754	6411.753369364616	2.9967335443431337e24	476737.1155009628	12024.044098223096
39.615826119299776	6404.389554449829	3.001187622567674e24	478056.5971209803	12023.560548400563
39.72556524982416	6397.026606198838	3.00565594075953e24	479376.0256320076	12023.0761857242
39.83530438034853	6389.664498438285	3.010138565602211e24	480695.4009451386	12022.591015563296
39.94504351087291	6382.303205096043	3.0146355641984526e24	482014.7229720579	12022.105043251044
40.05478264139728	6374.942700158087	3.0191470041044736e24	483333.9916250297	12021.61827408983
40.164521771921656	6367.582957729708	3.0236729532954945e24	484653.2068168946	12021.130713352995
40.27426090244604	6360.223952060158	3.028213480157558e24	485972.36846107116	12020.642366286815
40.38400003297041	6352.865657511994	3.032768653513541e24	487291.4764715594	12020.153238110881
40.49373916349479	6345.508048493762	3.0373385426565843e24	488610.53076292766	12019.66333400868
40.60347829401916	6338.151099539246	3.0419232173054614e24	489929.531250308	12019.172659136
40.71321742454354	6330.794785299571	3.0465227476125084e24	491248.47784939385	12018.681218622647
40.82295655506792	6323.439080527474	3.0511372041835556e24	492567.3704764467	12018.189017570541
40.93269568559229	6316.083960096453	3.05576665806613e24	493886.2090482882	12017.696061055309
41.04243481611667	6308.729398922845	3.0604111807925373e24	495204.9934822917	12017.202354124034
41.15217394664104	6301.375372027383	3.0650708443464184e24	496523.723696379	12016.70790179177
41.26191307716542	6294.02185456281	3.0697457211538926e24	497842.3996090222	12016.21270905113
41.3716522076898	6286.668821782758	3.0744358841100423e24	499161.02113924694	12015.716780868908
41.48139133821417	6279.316248976315	3.079141406612413e24	500479.5882066194	12015.220122181692
41.59113046873855	6271.9641115441145	3.083862362517307e24	501798.10073124256	12014.722737901453
41.70086959926292	6264.61238498866	3.088598826146828e24	503116.55863375455	12014.224632917692
41.8106087297873	6257.261044897953	3.093350872311235e24	504434.96183533507	12013.7258120888
41.92034786031168	6249.910066990941	3.098118576295364e24	505753.3102576972	12013.22628025295
42.030086990836054	6242.559427007397	3.1029020139020876e24	507071.6038230794	12012.72604221912
42.13982612136043	6235.209100775011	3.107701261421015e24	508389.8424542435	12012.22510277226
42.2495652518848	6227.859064245179	3.1125163956190415e24	509708.0260744769	12011.723466673311
42.35930438240918	6220.509293461337	3.117347493765682e24	511026.1546075924	12011.221138652723
42.46904351293356	6213.1597644975445	3.1221946336717e24	512344.22797792236	12010.718123403742
42.578782643457934	6205.810453518457	3.1270578936359966e24	513662.2461103003	12010.214425608598
42.68852177398231	6198.461336786653	3.1319373524633135e24	514980.2089300777	12009.710049928943
42.798260904506684	6191.11239063941	3.136833089492234e24	516298.1163631273	12009.205001002318
42.90800003503106	6183.763591500885	3.141745184563072e24	517615.9683358205	12008.69928344357
43.01773916555544	6176.414915857484	3.146673718046481e24	518933.7647750259	12008.192901844312
43.127478296079815	6169.066340249724	3.15161877088043e24	520251.5056081271	12007.685860771404
43.23721742660419	6161.71784132005	3.156580424514133e24	521569.1907630096	12007.178164768566
43.346956557128564	6154.3693957949745	3.1615587609183303e24	522886.82016804564	12006.669818359474
43.45669568765294	6147.020980463352	3.1665538626120096e24	524204.3937521013	12006.160826044917
43.56643481817732	6139.672572139583	3.1715658127089153e24	525521.9114445496	12005.651192300504
43.676173948701695	6132.324147743955	3.176594694845973e24	526839.3731752471	12005.140921582582
43.78591307922607	6124.975684261306	3.1816405932054414e24	528156.7788745286	12004.630018327163
43.895652209750445	6117.627158744166	3.186703592540034e24	529474.1284732227	12004.11848694608
44.00539134027482	6110.278548347064	3.1917837781700534e24	530791.4219026488	12003.606331832802
44.1151304707992	6102.929830234533	3.1968812359995515e24	532108.6590945943	12003.093557356598
44.224869601323576	6095.5809816333785	3.2019960525124356e24	533425.8399813278	12002.580167865814
44.33460873184795	6088.231979873162	3.2071283147522315e24	534742.9644955952	12002.066167690955
44.444347862372325	6080.882802350457	3.212278110350154e24	536060.0325706208	12001.551561142516
44.5540869928967	6073.533426469379	3.2174455275619964e24	537377.0441400978	12001.03635250851
44.66382612342108	6066.183829713195	3.222630655224403e24	538693.9991381872	12000.520546055748
44.773565253945456	6058.83398964035	3.227833582762341e24	540010.8974995145	12000.004146032657
44.88330438446983	6051.483883866931	3.233054400213003e24	541327.7391591755	11999.487156668618
44.993043514994206	6044.133490085037	3.2382931982155273e24	542644.5240527304	11998.969582174926
45.10278264551858	6036.782785990699	3.2435500680580133e24	543961.252116198	11998.451426740015
45.21252177604296	6029.431749341871	3.2488251016388796e24	545277.9232860536	11997.9326945338
45.32226090656734	6022.080357975169	3.2541183914684286e24	546594.5374992281	11997.413389709613
45.43200003709171	6014.728589793054	3.259430030699037e24	547911.0946931122	11996.893516402924
45.541739167616086	6007.376422753623	3.2647601131075164e24	549227.5948055482	11996.37307872944
45.65147829814046	6000.023834825389	3.2701087331489125e24	550544.0377748313	11995.85208078436
45.76121742866484	5992.670804030737	3.275475985907003e24	551860.4235396917	11995.330526625812
45.87095655918922	5985.317308478601	3.2808619671184374e24	553176.7520393174	11994.808420296888
45.98069568971359	5977.9633263272	3.286266773176934e24	554493.0232133407	11994.285765835682
46.09043482023797	5970.608835745037	3.2916905011477476e24	555809.237001825	11993.762567262562
46.20017395076235	5963.253814931697	3.297133248781002e24	557125.393345276	11993.238828579368
46.30991308128672	5955.898242185384	3.3025951145006436e24	558441.4921846493	11992.714553773569
46.4196522118111	5948.5420958284685	3.3080761974072274e24	559757.5334613294	11992.18974681276
46.52939134233547	5941.185354234143	3.3135765972704145e24	561073.5171171264	11991.66441164873
46.63913047285985	5933.827995827585	3.319096414569489e24	562389.4430942961	11991.138552217011
46.74886960338423	5926.469999022635	3.3246357505220824e24	563705.3113355264	11990.612172432508
46.8586087339086	5919.111342306679	3.330194707021272e24	565021.1217839235	11990.08527619575
46.96834786443298	5911.752004235189	3.335773386658051e24	566336.8743830209	11989.557867392756
47.07808699495735	5904.391963398067	3.3413718927609623e24	567652.5690767906	11989.029949892805
47.18782612548173	5897.031198385243	3.346990329402541e24	568968.2058096206	11988.50152754763
47.29756525600611	5889.669687823647	3.352628801370451e24	570283.7845263119	11987.972604190269
47.407304386530484	5882.307410399916	3.35828741419306e24	571599.3051720969	11987.443183640584
47.51704351705486	5874.944344846412	3.3639662741553643e24	572914.767692629	11986.913269703615
47.62678264757923	5867.580469936916	3.369665488265994e24	574230.1720339679	11986.382866169406
47.73652177810361	5860.215764469781	3.3753851642918444e24	575545.5181425862	11985.85197681176
47.84626090862799	5852.85020723993	3.3811254108303633e24	576860.8059653885	11985.32060538662
47.956000039152364	5845.483777097622	3.386886337202387e24	578176.0354496754	11984.788755636666
48.06573916967674	5838.116452940622	3.392668053482682e24	579491.2065431505	11984.256431290609
48.175478300201114	5830.748213720528	3.3984706705735153e24	580806.319193949	11983.723636064706
48.28521743072549	5823.3790383719115	3.404294300167765e24	582121.3733505976	11983.190373656393
48.39495656124987	5816.0089058496205	3.4101390547432824e24	583436.3689620193	11982.656647747664
48.504695691774245	5808.6377951651	3.4160050476125335e24	584751.3059775648	11982.122462008678
48.61443482229862	5801.2656853622675	3.421892392880607e24	586066.1843469715	11981.587820095829
48.724173952822994	5793.892555518129	3.427801205448789e24	587381.004020368	11981.052725651982
48.83391308334737	5786.518384736474	3.4337316010896623e24	588695.7649483058	11980.517182306181
48.94365221387175	5779.143152110027	3.439683696412811e24	590010.4670817204	11979.981193671152
49.053391344396125	5771.766836758975	3.4456576088484314e24	591325.1103719322	11979.444763346311
49.1631304749205	5764.389417870165	3.451653456708337e24	592639.6947706795	11978.907894920747
49.272869605444875	5757.010874645521	3.4576713591355803e24	593954.2202300815	11978.370591969802
49.38260873596925	5749.631186294149	3.463711436122123e24	595268.6867026376	11977.832858055486
49.49234786649363	5742.250332013717	3.4697738086144976e24	596583.0941412608	11977.294696722727
49.602086997018006	5734.868291063853	3.475858598396459e24	597897.442499241	11976.756111507488
49.71182612754238	5727.485042730846	3.48196592810482e24	599211.7317302428	11976.21710593365
49.821565258066755	5720.1005663135165	3.48809592132518e24	600525.9617883408	11975.67768351215
49.93130438859113	5712.714841110919	3.494248702557964e24	601840.1326279835	11975.137847740312
50.04104351911551	5705.327846439951	3.500424397185605e24	603154.2442039895	11974.597602103298
50.150782649639886	5697.939561648468	3.5066231315520226e24	604468.2964715817	11974.056950075264
50.26052178016426	5690.549966090878	3.5128450329209757e24	605782.2893863549	11973.515895117796
50.370260910688636	5683.159039149035	3.5190902294557633e24	607096.2229042694	11972.9744406823
50.48000004121301	5675.766760242137	3.5253588503177975e24	608410.0969816856	11972.43259020924
50.58973917173739	5668.373108761437	3.531651025641579e24	609723.911575332	11971.89034709901
50.69947830226177	5660.978064120372	3.537966886487144e24	611037.6666422917	11971.347714656902
50.80921743278614	5653.581605777373	3.544306564927295e24	612351.3621400329	11970.804696258661
50.918956563310516	5646.183713197333	3.5506701940027176e24	613664.9980263897	11970.261295281995
51.02869569383489	5638.784365835935	3.5570579077192794e24	614978.5742595502	11969.71751509169
51.13843482435927	5631.383543126225	3.5634698411667963e24	616292.0907980934	11969.173359038385
51.24817395488365	5623.981224554267	3.5699061304158917e24	617605.547600959	11968.628830464317
51.35791308540802	5616.57738961273	3.576366912515478e24	618918.9446274377	11968.08393269995
51.4676522159324	5609.172017792604	3.5828523256043237e24	620232.2818372053	11967.53866906376
51.57739134645677	5601.7650886054025	3.5893625088449547e24	621545.5591902972	11966.993042863876
51.68713047698115	5594.356581558351	3.595897602418985e24	622858.776647095	11966.447057396428
51.79686960750553	5586.946476146902	3.602457747648357e24	624171.9341683604	11965.900715945272
51.9066087380299	5579.534751885097	3.609043086899191e24	625485.0317152125	11965.354021784307
52.01634786855428	5572.121388305692	3.6156537635637953e24	626798.069249113	11964.806978177625
52.12608699907865	5564.706364960415	3.6222899221854246e24	628111.0467319014	11964.259588379657
52.23582612960303	5557.28966135263	3.6289517084125797e24	629423.9641257622	11963.711855630609
52.34556526012741	5549.871257005403	3.6356392690048214e24	630736.8213932383	11963.163783161348
52.45530439065178	5542.451131451432	3.6423527518317565e24	632049.6184972242	11962.615374192961
52.56504352117616	5535.0292642197155	3.6490923059052664e24	633362.3554009687	11962.06663193613
52.67478265170054	5527.605634858933	3.6558580813878365e24	634675.0320680746	11961.517559592827
52.784521782224914	5520.180222920952	3.6626502295808385e24	635987.6484624929	11960.968160354802
52.89426091274929	5512.7530079216995	3.6694689030034466e24	637300.2045485292	11960.41843740155
53.00400004327366	5505.323969370822	3.6763142553079606e24	638612.7002908237	11959.868393902418
53.11373917379804	5497.893086796587	3.683186441374932e24	639925.1356543811	11959.318033018704
53.22347830432242	5490.460339729437	3.6900856172814744e24	641237.5106045472	11958.767357902429
53.333217434846794	5483.025707697685	3.697011940272965e24	642549.8251070023	11958.216371696284
53.44295656537117	5475.589170219541	3.7039655688599085e24	643862.0791277832	11957.665077533258
53.552695695895544	5468.150706787631	3.710946662834585e24	645174.2726332721	11957.11347853548
53.66243482641992	5460.710296898217	3.7179553831814774e24	646486.4055901805	11956.561577816654
53.7721739569443	5453.267920052606	3.7249918921520247e24	647798.4779655676	11956.009378482446
53.881913087468675	5445.823555746638	3.7320563533037566e24	649110.489726841	11955.456883629637
53.99165221799305	5438.377183451312	3.7391489314625543e24	650422.440841736	11954.904096345008
54.101391348517424	5430.928782620238	3.7462697927580916e24	651734.3312783254	11954.351019705975
54.2111304790418	5423.478332707379	3.7534191046663395e24	653046.1610050324	11953.7976567821
54.32086960956618	5416.025813164007	3.7605970359605546e24	654357.9299906073	11953.244010635157
54.430608740090555	5408.571203437458	3.7678037567183835e24	655669.6382041295	11952.690084318989
54.54034787061493	5401.114482963381	3.775039438427129e24	656981.2856150286	11952.135880879165
54.650087001139305	5393.655631124131	3.782304253938893e24	658292.8721930585	11951.581403350203
54.75982613166368	5386.194627307103	3.789598377476183e24	659604.3979083054	11951.026654759913
54.86956526218806	5378.731450906679	3.796921984638508e24	660915.862731187	11950.471638129728
54.979304392712436	5371.26608128606	3.8042752524610676e24	662227.2666324573	11949.916356472138
55.08904352323681	5363.798497806802	3.8116583593793563e24	663538.6095831988	11949.360812792982
55.198782653761185	5356.328679795382	3.819071485279576e24	664849.8915548204	11948.805010089214
55.30852178428556	5348.856606554548	3.8265148115025545e24	666161.1125190583	11948.24895135336
55.41826091480994	5341.382257389258	3.8339885208552557e24	667472.2724479807	11947.692639536675
55.528000045334316	5333.905611597002	3.8414927976326747e24	668783.3713139757	11947.13607753352
55.63773917585869	5326.426648442481	3.84902782761106e24	670094.4090897482	11946.579268272362
55.747478306383066	5318.945347174821	3.8565937980589064e24	671405.3857483218	11946.022214701685
55.85721743690744	5311.461687033245	3.864190897787986e24	672716.3012630491	11945.46491976037
55.96695656743182	5303.975647187886	3.8718193171984457e24	674027.1556076059	11944.907386376039
56.0766956979562	5296.487206806504	3.879479248212125e24	675337.9487559857	11944.34961747013
56.18643482848057	5288.996345046155	3.8871708843053324e24	676648.6806824994	11943.791615957376
56.296173959004946	5281.5030410476365	3.8948944205571073e24	677959.3513617807	11943.23338474554
56.40591308952932	5274.007273928254	3.9026500536578014e24	679269.9607687845	11942.674926735079
56.5156522200537	5266.5090227407645	3.9104379819448126e24	680580.5088787816	11942.11624481612
56.62539135057808	5259.008266527296	3.918258405372817e24	681890.995667356	11941.557341872605
56.73513048110245	5251.504984326066	3.926111525539839e24	683201.421110409	11940.998220783149
56.84486961162683	5243.999155131019	3.933997545748574e24	684511.7851841624	11940.438884417897
56.9546087421512	5236.490757921186	3.9419166709676727e24	685822.0878651504	11939.879335640999
57.06434787267558	5228.979771629953	3.9498691078826013e24	687132.3291302175	11939.319577308417
57.17408700319996	5221.466175153207	3.9578550649196116e24	688442.5089565223	11938.759612268637
57.28382613372433	5213.949947370788	3.9658747522407293e24	689752.6273215382	11938.19944336446
57.39356526424871	5206.431067121098	3.973928381781516e24	691062.6842030502	11937.639073431334
57.50330439477308	5198.909513223797	3.9820161672489167e24	692372.6795791534	11937.07850529897
57.61304352529746	5191.385264474665	3.9901383241301693e24	693682.6134282509	11936.517741791205
57.72278265582184	5183.858299625364	3.998295069736722e24	694992.4857290552	11935.956785724731
57.83252178634621	5176.328597359387	4.006486623274266e24	696302.2964605916	11935.395639907329
57.94226091687059	5168.796136350256	4.0147132057722266e24	697612.0456021917	11934.834307142324
58.05200004739496	5161.260895243576	4.0229750401316314e24	698921.7331334935	11934.272790227444
58.161739177919344	5153.722852656125	4.031272351133086e24	700231.3590344399	11933.711091955076
58.27147830844372	5146.181987158409	4.039605365481669e24	701540.9232852809	11933.149215110598
58.38121743896809	5138.638277244405	4.0479743118777053e24	702850.4258665751	11932.587162470916
58.49095656949247	5131.091701408871	4.056379420945177e24	704159.8667591836	11932.024936809865
58.60069570001684	5123.542238100355	4.0648209252795214e24	705469.2459442704	11931.46254089508
58.710434830541224	5115.989865718234	4.073299059470879e24	706778.5634033016	11930.899977488087
58.8201739610656	5108.434562625872	4.0818140601416477e24	708087.8191180486	11930.337249344933
58.929913091589974	5100.876307167867	4.0903661659584824e24	709397.013070586	11929.77435921786
59.03965222211435	5093.315077599846	4.098955617686116e24	710706.1452432891	11929.211309850512
59.14939135263872	5085.750852139434	4.107582658157131e24	712015.2156188322	11928.648103981539
59.259130483163105	5078.1836089764765	4.1162475322954967e24	713324.2241801892	11928.084744345611
59.36886961368748	5070.613326261876	4.1249504871841634e24	714633.1709106367	11927.521233672695
59.478608744211854	5063.039982103124	4.1336917720531453e24	715942.0557937511	11926.95757468811
59.58834787473623	5055.463554523825	4.1424716383421623e24	717250.8788134065	11926.393770109386
59.698087005260604	5047.884021511781	4.151290339680825e24	718559.6399537727	11925.829822649986
59.807826135784985	5040.301361024997	4.1601481319108364e24	719868.3391993174	11925.265735020175
59.91756526630936	5032.715550954501	4.1690452731599677e24	721176.9765348086	11924.701509924203
60.027304396833735	5025.126569141379	4.1779820238311316e24	722485.5519453104	11924.137150061893
60.13704352735811	5017.534393399433	4.1869586466060184e24	723794.0654161815	11923.572658130575
60.24678265788249	5009.939001478264	4.195975406505057e24	725102.5169330715	11923.008036757461
60.356521788406866	5002.340371053722	4.2050325709337045e24	726410.9064819199	11922.443288575918
60.46626091893124	4994.738479771826	4.214130409672604e24	727719.234048958	11921.878416254443
60.576000049455615	4987.133305209647	4.223269194912384e24	729027.4996207103	11921.313422457246
60.68573917997999	4979.52482488468	4.2324492012674133e24	730335.7031839915	11920.748309843271
60.79547831050437	4971.913016271087	4.2416707057943866e24	731643.8447259065	11920.18308106747
60.905217441028746	4964.297856794064	4.2509339880548595e24	732951.9242338535	11919.617738780864
61.01495657155312	4956.679323773775	4.260239330188666e24	734259.9416955226	11919.05228562624
61.124695702077496	4949.057394493461	4.26958701684381e24	735567.897098893	11918.486724243305
61.23443483260187	4941.432046185078	4.2789773352315837e24	736875.7904322314	11917.921057268068
61.34417396312625	4933.80325601681	4.28841057516235e24	738183.6216840928	11917.35528733168
61.45391309365063	4926.171001088073	4.297887029101264e24	739491.3908433232	11916.789417060412
61.563652224175	4918.535258460265	4.307406992174745e24	740799.0978990578	11916.223449078287
61.673391354699376	4910.8960050908	4.3169707622317026e24	742106.7428407174	11915.657386001558
61.78313048522375	4903.253217874488	4.3265786398258084e24	743414.3256580088	11915.091230442487
61.89286961574813	4895.606873656745	4.3362309282471886e24	744721.8463409247	11914.524985010405
62.00260874627251	4887.956949220775	4.345927933609722e24	746029.3048797469	11913.958652310941
62.11234787679688	4880.303421281067	4.3556699648357506e24	747336.7012650431	11913.392234945568
62.22208700732126	4872.6462664642395	4.3654573337066807e24	748644.0354876631	11912.825735510425
62.33182613784563	4864.985461329785	4.375290354906699e24	749951.3075387435	11912.259156597725
62.44156526837001	4857.32098237421	4.385169346018427e24	751258.5174097037	11911.692500796657
62.55130439889439	4849.6528060162145	4.3950946275853915e24	752565.6650922478	11911.12577069246
62.66104352941876	4841.980908601017	4.4050665231463424e24	753872.7505783638	11910.55896886588
62.77078265994314	4834.305266413428	4.4150853592544894e24	755179.7738603222	11909.992097895172
62.88052179046751	4826.625855661216	4.4251514655345655e24	756486.7349306784	11909.425160354916
62.990260920991894	4818.942652458192	4.435265174712121e24	757793.6337822676	11908.858158814977
63.10000005151627	4811.255632838164	4.445426822641693e24	759100.4704082054	11908.291095841432
63.20973918204064	4803.564772774702	4.455636748325036e24	760407.2448018906	11907.723973998232
63.31947831256502	4795.870048146431	4.465895294016053e24	761713.9569570055	11907.15679584513
63.42921744308939	4788.171434781455	4.476202805174601e24	763020.6068675118	11906.589563940914
63.538956573613774	4780.468908398454	4.48655963055311e24	764327.1945276497	11906.022280838342
63.64869570413815	4772.762444611782	4.496966122236253e24	765633.7199319387	11905.45494908597
63.75843483466252	4765.052019000197	4.507422635665076e24	766940.1830751812	11904.887571232706
63.8681739651869	4757.337607022388	4.5179295297095364e24	768246.5839524593	11904.320149822044
63.97791309571127	4749.619184069355	4.52848716665993e24	769552.9225591326	11903.752687395885
64.08765222623565	4741.896725452537	4.539095912258497e24	770859.1988908378	11903.18518649411
64.19739135676002	4734.170206385936	4.5497561357747303e24	772165.4129434905	11902.61764965292
64.30713048728441	4726.439601973378	4.5604682101392415e24	773471.5647132879	11902.050079403922
64.41686961780879	4718.704887242328	4.571232511837983e24	774777.654196703	11901.482478277645
64.52660874833316	4710.966037134742	4.5820494210280847e24	776083.6813904874	11900.914848802395
64.63634787885753	4703.223026502953	4.5929193214715515e24	777389.6462916628	11900.347193504345
64.74608700938191	4695.475830090985	4.60384260081504e24	778695.548897539	11899.779514907254
64.85582613990628	4687.724422571457	4.61481965045316e24	780001.3892056994	11899.211815524006
64.96556527043066	4679.9687785136375	4.625850865533175e24	781307.167213993	11898.644097815479
65.07530440095503	4672.208872374062	4.636936645210459e24	782612.882920547	11898.076364270342
65.18504353147941	4664.444678520518	4.6480773925135527e24	783918.5363237606	11897.508617393816
65.29478266200378	4656.676171215558	4.6592735144648343e24	785224.1274223085	11896.940859687196
65.40452179252817	4648.90332461935	4.670525422116295e24	786529.6562151397	11896.373093649518
65.51426092305255	4641.12611280318	4.681833530585334e24	787835.1227014755	11895.805321777203
65.62400005357692	4633.34450973386	4.693198259144618e24	789140.5268808149	11895.237546564646
65.7337391841013	4625.558489256587	4.704620031247455e24	790445.8687529274	11894.669770502649
65.84347831462567	4617.768025105324	4.7160992745823116e24	791751.1483178552	11894.10199607923
65.95321744515005	4609.973090922736	4.727636421096085e24	793056.3655759138	11893.534225781963
66.06295657567442	4602.173660243433	4.739231907133769e24	794361.5205276939	11892.966462095068
66.1726957061988	4594.369706481324	4.7508861734192445e24	795666.6131740577	11892.398707500333
66.28243483672317	4586.561202959577	4.762599665096177e24	796971.643516139	11891.830964478835
66.39217396724754	4578.748122879019	4.7743728318158e24	798276.6115553424	11891.263235509043
66.50191309777193	4570.930439288551	4.786206127847564e24	799581.5172933454	11890.695523065164
66.61165222829631	4563.108125173254	4.798100012068755e24	800886.3607320985	11890.127829622137
66.72139135882068	4555.28115337209	4.810054948047599e24	802191.1418738232	11889.560157651189
66.83113048934506	4547.449496617428	4.8220714040754763e24	803495.8607210114	11888.992509622934
66.94086961986943	4539.613127531915	4.8341498532161024e24	804800.5172764244	11888.424888007143
67.0506087503938	4531.772018608129	4.846290773408157e24	806105.1115430956	11887.857295270798
67.16034788091818	4523.926142195362	4.85849464761332e24	807409.6435243308	11887.289733877433
67.27008701144256	4516.075470533123	4.870761963727272e24	808714.1132237058	11886.722206290424
67.37982614196693	4508.219975742639	4.883093214688275e24	810018.520645065	11886.154714972441
67.4895652724913	4500.359629815526	4.895488898543243e24	811322.8657925223	11885.587262384499
67.5993044030157	4492.494404609626	4.907949518500654e24	812627.148670461	11885.019850985014
67.70904353354007	4484.6242718716885	4.920475583165155e24	813931.3692835409	11884.45248323305
67.81878266406444	4476.74920319133	4.933067606387843e24	815235.5276366865	11883.885161584649
67.92852179458882	4468.869170022326	4.945726107297423e24	816539.6237350851	11883.317888494785
68.03826092511319	4460.984143707763	4.958451610701098e24	817843.657584206	11882.750666418067
68.14800005563757	4453.094095436246	4.971244646891199e24	819147.6291897837	11882.183497807266
68.25773918616194	4445.198996263853	4.984105751583177e24	820451.5385578137	11881.61638511493
68.36747831668632	4437.298817112345	4.997035466383509e24	821755.3856945697	11881.049330792912
68.47721744721069	4429.393528767393	5.010034338661233e24	823059.1706065952	11880.482337292004
68.58695657773507	4421.483101868331	5.02310292135405e24	824362.8933006895	11879.915407062359
68.69669570825945	4413.567506878974	5.036241773892167e24	825666.5537839457	11879.348542551877
68.80643483878383	4405.646714147196	5.049451461040339e24	826970.1520636962	11878.781746209203
68.9161739693082	4397.720693869897	5.06273255407246e24	828273.6881475626	11878.215020482185
69.02591309983258	4389.789416099769	5.076085630299225e24	829577.1620434292	11877.648367819009
69.13565223035695	4381.852850747601	5.089511273066543e24	830880.5737594407	11877.08179066871
69.24539136088133	4373.9109675355585	5.103010072611954e24	832183.9233040324	11876.51529147622
69.3551304914057	4365.963736047398	5.116582624737158e24	833487.2106858727	11875.948872688414
69.46486962193008	4358.011125706158	5.130229532856561e24	834790.4359139444	11875.382536732513
69.57460875245445	4350.053105809572	5.143951405593949e24	836093.5989974404	11874.816286000272
69.68434788297883	4342.0896454569065	5.157748859821112e24	837396.6999458772	11874.250122923695
69.79408701350322	4334.120713625851	5.171622517523258e24	838699.7387689742	11873.684049941372
69.90382614402759	4326.146279084909	5.185573009189495e24	840002.715476784	11873.118069488266
70.01356527455196	4318.166310471138	5.19960097072896e24	841305.6300795663	11872.552184000371
70.12330440507634	4310.180776213802	5.213707046510688e24	842608.4825878999	11871.986395911332
70.23304353560071	4302.18964460472	5.227891886913414e24	843911.2730125887	11871.420707657011
70.34278266612509	4294.192883750305	5.242156150356353e24	845214.0013647337	11870.855121670951
70.45252179664946	4286.190461593111	5.256500502185292e24	846516.6676556864	11870.289640387808
70.56226092717384	4278.18234590151	5.270925615256541e24	847819.2718970682	11869.724266242965
70.67200005769821	4270.168504257381	5.285432170327377e24	849121.8141007795	11869.159001669523
70.7817391882226	4262.148904079391	5.300020855072524e24	850424.2942789617	11868.593849102757
70.89147831874698	4254.123512568	5.314692366105541e24	851726.712444062	11868.028810975748
71.00121744927135	4246.092296772534	5.32944740646518e24	853029.0686087456	11867.463889722887
71.11095657979573	4238.055223526746	5.344286688892256e24	854331.3627860021	11866.899087777414
71.2206957103201	4230.012259522188	5.359210932318973e24	855633.5949890253	11866.334407576394
71.33043484084448	4221.963371220765	5.374220865918561e24	856935.7652313416	11865.769851553314
71.44017397136885	4213.908524927864	5.389317225240366e24	858237.873526681	11865.205422145476
71.54991310189322	4205.847686688911	5.404500756194163e24	859539.9198890999	11864.641121786088
71.6596522324176	4197.780822403687	5.41977221172924e24	860841.904332874	11864.076952911591
71.76939136294197	4189.707897773121	5.435132354243573e24	862143.8268725697	11863.512917960143
71.87913049346636	4181.628878273881	5.450581955156468e24	863445.6875230263	11862.949019368481
71.98886962399074	4173.543729196121	5.466121794199507e24	864747.4862993298	11862.385259574694
72.09860875451511	4165.452415615641	5.481752660741796e24	866049.2232168512	11861.821641018676
72.20834788503949	4157.354902405097	5.497475353373302e24	867350.8982912287	11861.25816613981
72.31808701556386	4149.251154233109	5.513290679479761e24	868652.5115383514	11860.694837380064
72.42782614608824	4141.141135515852	5.52919945672628e24	869954.0629743977	11860.131657179623
72.53756527661261	4133.024810479503	5.545202512092413e24	871255.5526158048	11859.568627980845
72.64730440713699	4124.902143144922	5.561300681934062e24	872556.9804792679	11859.005752229481
72.75704353766136	4116.773097282169	5.577494813351143e24	873858.3465817713	11858.443032369194
72.86678266818573	4108.637636464223	5.593785762951113e24	875159.650940553	11857.880470847651
72.97652179871012	4100.495724043524	5.610174397450763e24	876460.8935731171	11857.318070114332
73.0862609292345	4092.347323095936	5.626661594699259e24	877762.0744972536	11856.755832616243
73.19600005975887	4084.1923964951916	5.64324824232873e24	879063.193731003	11856.19376080541
73.30573919028325	4076.030906888987	5.659935238860262e24	880364.2512926804	11855.631857134575
73.41547832080762	4067.8628166653284	5.676723494170147e24	881665.2472008817	11855.07012405787
73.525217451332	4059.68808799068	5.693613928339569e24	882966.181474452	11854.508564032096
73.63495658185637	4051.506682782343	5.710607472911658e24	884267.0541325135	11853.947179515539
73.74469571238075	4043.3185626979543	5.72770507179405e24	885567.8651944811	11853.385972968328
73.85443484290512	4035.123689179741	5.74490767895837e24	886868.614680006	11852.82494685299
73.9641739734295	4026.922023391062	5.762216260896406e24	888169.3026090252	11852.264103592206
74.07391310395388	4018.7135262499723	5.779631795363548e24	889469.9290017292	11851.703445621566
74.18365223447826	4010.498158394403	5.79715527353553e24	890770.4938786052	11851.142975400398
74.29339136500263	4002.2758802404956	5.814787696989802e24	892070.9972603694	11850.582695391715
74.40313049552701	3994.046651904907	5.832530081524665e24	893371.4391680489	11850.022608058787
74.51286962605138	3985.8104332608686	5.850383454443101e24	894671.8196229155	11849.462715867921
74.62260875657576	3977.5671839060237	5.868348856070828e24	895972.1386465156	11848.903021287455
74.73234788710013	3969.316863136365	5.886427340650026e24	897272.3962606838	11848.34352678598
74.84208701762451	3961.0594300044954	5.904619974008997e24	898572.5924874917	11847.78423483627
74.95182614814888	3952.794843248708	5.922927837488004e24	899872.7273493245	11847.225147911682
75.06156527867326	3944.5230613618946	5.941352024211706e24	901172.800868801	11846.666268489866
75.17130440919765	3936.244042526328	5.959893642417674e24	902472.8130688359	11846.107599049927
75.28104353972202	3927.9577446374046	5.978553814253485e24	903772.7639726117	11845.549142073227
75.3907826702464	3919.664125313349	5.997333675267447e24	905072.6536035667	11844.99090004543
75.50052180077077	3911.3631418253294	6.016234377462604e24	906372.4819854458	11844.432875451073
75.61026093129514	3903.054751191287	6.035257085371221e24	907672.2491422251	11843.875070781038
75.72000006181952	3894.738910089562	6.054402980632632e24	908971.9550981924	11843.31748852651
75.8297391923439	3886.4155749128154	6.073673258865183e24	910271.5998778853	11842.760131183573
75.93947832286827	3878.0847017383435	6.093069131392905e24	911571.1835061183	11842.20300125058
76.04921745339264	3869.7462463140337	6.112591826352917e24	912870.7060079981	11841.64610122869
76.15895658391702	3861.4001641020045	6.132242585941651e24	914170.1674088729	11841.089433624335
76.2686957144414	3853.046410168732	6.15202267100525e24	915469.567734404	11840.533000942289
76.37843484496578	3844.6849393038624	6.171933357163827e24	916768.9070104982	11839.97680569475
76.48817397549016	3836.315705964732	6.191975937548276e24	918068.1852633499	11839.420850396658
76.59791310601453	3827.938664241423	6.212151723077768e24	919367.4025194391	11838.86513756538
76.7076522365389	3819.5537679189024	6.232462040299205e24	920666.5588054952	11838.309669723407
76.81739136706328	3811.1609703998	6.252908235705636e24	921965.6541485584	11837.75444939552
76.92713049758765	3802.7602247733307	6.273491672052591e24	923264.6885759201	11837.199479111894
77.03686962811203	3794.3514837669586	6.294213730889158e24	924563.6621151575	11836.644761406711
77.1466087586364	3785.9346997079133	6.315075813355535e24	925862.5747941392	11836.090298815487
77.25634788916079	3777.509824602185	6.336079337443205e24	927161.426640983	11835.536093880364
77.36608701968517	3769.0768100653104	6.357225742760198e24	928460.2176841194	11834.982149146868
77.47582615020954	3760.6356073589254	6.378516486808034e24	929758.947952235	11834.42846716548
77.58556528073392	3752.186167356979	6.3999530472656e24	931057.6174743008	11833.875050491173
77.69530441125829	3743.728440542286	6.421536923306274e24	932356.2262795849	11833.321901682593
77.80504354178267	3735.2623770492846	6.443269632347175e24	933654.774397605	11832.769023305782
77.91478267230704	3726.7879265545157	6.465152715357462e24	934953.2618581947	11832.216417927639
78.02452180283142	3718.3050383781697	6.487187732960425e24	936251.6886914477	11831.664088122328
78.13426093335579	3709.8136614432074	6.50937626743454e24	937550.0549277408	11831.11203647043
78.24400006388016	3701.3137442350317	6.531719924781787e24	938848.3605977538	11830.560265526034
78.35373919440455	3692.805234876795	6.554220330776048e24	940146.6057324137	11830.00877783885
78.46347832492893	3684.288081023276	6.576879136703329e24	941444.7903629594	11829.457575993038
78.5732174554533	3675.762229937196	6.599698015575513e24	942742.9145208966	11828.90666257981
78.68295658597768	3667.2276284570466	6.622678663715132e24	944040.9782380136	11828.356040196013
78.79269571650205	3658.6842229286826	6.645822803618667e24	945338.9815464058	11827.805711440224
78.90243484702643	3650.131959316362	6.669132179291049e24	946636.9244784204	11827.255678919413
79.0121739775508	3641.570783106182	6.692608562399051e24	947934.8070667224	11826.705945244285
79.12191310807518	3633.0006393459294	6.716253748684722e24	949232.6293442482	11826.156513032034
79.23165223859955	3624.421472637774	6.740069559005003e24	950530.3913442143	11825.607384905927
79.34139136912393	3615.833227086262	6.764057843004041e24	951828.0931001522	11825.058563492783
79.45113049964831	3607.2358463734395	6.788220473840898e24	953125.7346458469	11824.51005142876
79.56086963017269	3598.62927363593	6.812559354796613e24	954423.3160154023	11823.961851351032
79.67060876069706	3590.0134515649174	6.837076415786653e24	955720.8372432006	11823.413965905504
79.78034789122144	3581.3883223874814	6.861773613818562e24	957018.2983639032	11822.866397745922
79.89008702174581	3572.753827773027	6.886652937710726e24	958315.6994124926	11822.319149528457
79.99982615227019	3564.109908952184	6.911716402006708e24	959613.0404242078	11821.772223919676
80.10956528279456	3555.4565065986417	6.936966053927206e24	960910.3214346081	11821.225623589715
80.21930441331894	3546.7935608877838	6.962403970315519e24	962207.5424795381	11820.679351216793
80.32904354384331	3538.121011498933	6.988032257325066e24	963504.7035951214	11820.133409487671
80.43878267436769	3529.438797504452	7.01385305625762e24	964801.804817809	11819.587801091138
80.54852180489208	3520.746857508854	7.039868536666707e24	966098.8461843121	11819.042528727681
80.65826093541645	3512.0451295329367	7.066080903598954e24	967395.827731663	11818.497595102835
80.76800006594083	3503.3335510470115	7.09249239511396e24	968692.7494971876	11817.95300292959
80.8777391964652	3494.6120589979732	7.119105281035438e24	969989.6115184904	11817.40875493078
80.98747832698957	3485.880589696777	7.145921869944465e24	971286.4138335102	11816.864853832943
81.09721745751395	3477.1390789491893	7.172944501583613e24	972583.1564804498	11816.321302375109
81.20695658803832	3468.387461936822	7.200175554334817e24	973879.8394978354	11815.778103301762
81.3166957185627	3459.62567323187	7.227617443412467e24	975176.4629244943	11815.235259364712
81.42643484908707	3450.853646848975	7.255272618550971e24	976473.0267995336	11814.692773326698
81.53617397961145	3442.071316133237	7.283143572351872e24	977769.5311624013	11814.150647955745
81.64591311013584	3433.2786138753313	7.311232831937698e24	979065.9760528153	11813.608886032298
81.75565224066021	3424.4754722042007	7.339542965962125e24	980362.3615108134	11813.067490344094
81.86539137118459	3415.6618226117694	7.368076584135217e24	981658.6875767444	11812.526463687564
81.97513050170896	3406.837595953957	7.396836336779029e24	982954.9542912596	11811.985808869253
82.08486963223334	3398.002722437954	7.425824915547859e24	984251.1616953138	11811.445528705764
82.19460876275771	3389.1571315810056	7.455045055974457e24	985547.3098301775	11810.905626021853
82.30434789328208	3380.3007522317275	7.484499537692106e24	986843.3987374346	11810.366103651244
82.41408702380646	3371.433512576199	7.514191184113343e24	988139.428458972	11809.826964387334
82.52382615433083	3362.5553401148336	7.544122863806905e24	989435.3990369822	11809.28821105049
82.63356528485521	3353.6661616058245	7.574297493174835e24	990731.310513976	11808.749846494748
82.7433044153796	3344.765903108289	7.604718035684256e24	992027.1629327777	11808.211873585078
82.85304354590397	3335.8544899767967	7.63538750218411e24	993322.9563365196	11807.674295197758
82.96278267642835	3326.931846823893	7.666308953382171e24	994618.6907686536	11807.137114219217
83.07252180695272	3317.997897476791	7.697485501219408e24	995914.3662729536	11806.600333543978
83.1822609374771	3309.052565034654	7.728920308506903e24	997209.9828935082	11806.063956079197
83.29200006800147	3300.095771838196	7.760616589949098e24	998505.5406747223	11805.52798474362
83.40173919852585	3291.127439431788	7.792577614176688e24	999801.0396613238	11804.992422466188
83.51147832905022	3282.147488567735	7.824806705332441e24	1.0010964798983673e6	11804.457272187547
83.6212174595746	3273.155839193714	7.857307242951915e24	1.0023918614312278e6	11803.922536859624
83.73095659009897	3264.152410455399	7.890082662948903e24	1.0036871843056008e6	11803.388219447395
83.84069572062336	3255.1371206729527	7.923136459685014e24	1.0049824485675103e6	11802.854322928017
83.95043485114773	3246.1098872889065	7.956472188065362e24	1.0062776542633119e6	11802.320850288996
84.06017398167211	3237.070626910253	7.99009346323659e24	1.0075728014396873e6	11801.787804531446
84.16991311219648	3228.019255289933	8.0240039617013e24	1.0088678901436446e6	11801.25518867038
84.27965224272086	3218.955687297968	8.058207423456193e24	1.0101629204225246e6	11800.723005733804
84.38939137324523	3209.879836888708	8.092707654409615e24	1.011457892324006e6	11800.191258761886
84.4991305037696	3200.791617118977	8.127508526221236e24	1.0127528058961001e6	11799.659950809239
84.60886963429398	3191.6909401389803	8.162613977394569e24	1.0140476611871502e6	11799.12908494544
84.71860876481836	3182.5777171673226	8.198028015111529e24	1.0153424582458356e6	11798.598664254756
84.82834789534274	3173.451858415783	8.233754719900615e24	1.0166371971211872e6	11798.068691832837
84.93808702586712	3164.3132731668316	8.269798242675185e24	1.0179318778625677e6	11797.539170792665
85.0478261563915	3155.1618697518675	8.306162806093593e24	1.0192265005196732e6	11797.010104264144
85.15756528691587	3145.9975554442535	8.342852712359701e24	1.0205210651425632e6	11796.481495389387
85.26730441744024	3136.8202365276247	8.379872339218059e24	1.0218155717816346e6	11795.953347328092
85.37704354796462	3127.629818291287	8.417226140541508e24	1.0231100204876204e6	11795.425663258076
85.48678267848899	3118.4262049250005	8.454918654985627e24	1.0244044113116215e6	11794.898446371175
85.59652180901337	3109.209299572761	8.492954502826452e24	1.0256987443050857e6	11794.371699877142
85.70626093953774	3099.9790043307826	8.531338385757826e24	1.0269930195198018e6	11793.845427005339
85.81600007006212	3090.735220147732	8.570075094573761e24	1.0282872370079253e6	11793.319631000142
85.9257392005865	3081.477846875273	8.609169507975548e24	1.0295813968219672e6	11792.794315125488
86.03547833111088	3072.2067832296348	8.648626594918757e24	1.030875499014797e6	11792.269482664193
86.14521746163526	3062.9219267781277	8.688451416630546e24	1.0321695436396453e6	11791.745136918436
86.25495659215963	3053.623173915939	8.728649128745408e24	1.0334635307501053e6	11791.221281210333
86.364695722684	3044.310419846775	8.769224983583099e24	1.0347574604001348e6	11790.697918882155
86.47443485320838	3034.983558564622	8.810184333061233e24	1.036051332644062e6	11790.175053297147
86.58417398373275	3025.642482828349	8.851532630725508e24	1.0373451475365856e6	11789.65268783976
86.69391311425713	3016.287084130778	8.893275433914523e24	1.0386389051327765e6	11789.13082591555
86.8036522447815	3006.9172527042942	8.935418406091679e24	1.0399326054880795e6	11788.609470945014
86.91339137530588	2997.5328775053363	8.977967319372985e24	1.0412262486583088e6	11788.088626236811
87.02313050583027	2988.1338461720675	9.020928057431809e24	1.0425198346996445e6	11787.568295184348
87.13286963635464	2978.720044974917	9.06430661884476e24	1.043813363668644e6	11787.048481254436
87.24260876687902	2969.2913588322094	9.108109119246962e24	1.0451068356222494e6	11786.52918793572
87.35234789740339	2959.847671278099	9.152341793975617e24	1.0464002506177847e6	11786.010418739435
87.46208702792777	2950.388864442379	9.197011000961465e24	1.0476936087129599e6	11785.49217719992
87.57182615845214	2940.914819017324	9.242123223792269e24	1.0489869099658732e6	11784.974466875203
87.68156528897651	2931.425414220858	9.287685075418632e24	1.0502801544350153e6	11784.457291346358
87.79130441950089	2921.920527796387	9.333703301614305e24	1.0515733421792735e6	11783.940654219408
87.90104355002526	2912.400035972341	9.380184783641848e24	1.0528664732579314e6	11783.424559125553
88.01078268054964	2902.8638134390994	9.427136541521358e24	1.0541595477306715e6	11782.909009721756
88.12052181107403	2893.311733325628	9.474565737520837e24	1.0554525656575786e6	11782.39400969109
88.2302609415984	2883.743667172995	9.522479679814645e24	1.056745527099142e6	11781.879562744261
88.34000007212278	2874.1594848921304	9.570885827119037e24	1.0580384321162624e6	11781.365672618773
88.44973920264715	2864.559054739516	9.619791792409107e24	1.059331280770252e6	11780.85234308013
88.55947833317153	2854.9422433007007	9.669205346159174e24	1.060624073122838e6	11780.339577923613
88.6692174636959	2845.308915438617	9.71913442050004e24	1.0619168092361644e6	11779.82738097285
88.77895659422028	2835.6589342760717	9.769587113339354e24	1.063209489172796e6	11779.315756082231
88.88869572474465	2825.9921611760187	9.820571692849166e24	1.0645021129957216e6	11778.80470713798
88.99843485526902	2816.308455677073	9.87209660321748e24	1.0657946807683606e6	11778.294238056986
89.1081739857934	2806.6076754799947	9.924170468463884e24	1.0670871925545647e6	11777.784352789045
89.21791311631779	2796.8896764103706	9.97680209676199e24	1.0683796484186193e6	11777.27505531715
89.32765224684216	2787.1543123896868	1.0030000485340722e25	1.0696720484252486e6	11776.76634965899
89.43739137736654	2777.4014354045335	1.0083774825520829e25	1.0709643926396184e6	11776.258239867839
89.54713050789091	2767.6308954575297	1.013813450860118e25	1.0722566811273415e6	11775.750730033003
89.65686963841529	2757.842540501391	1.0193089132409221e25	1.073548913954484e6	11775.243824279038
89.76660876893966	2748.0362164549606	1.024864850550411e25	1.0748410911875668e6	11774.737526769974
89.87634789946404	2738.211767138338	1.0304822652843084e25	1.0761332128935687e6	11774.231841708415
89.98608702998841	2728.3690342382797	1.0361621821717957e25	1.0774252791399304e6	11773.726773337541
90.09582616051279	2718.5078572706298	1.041905648793499e25	1.0787172899945602e6	11773.22232594185
90.20556529103716	2708.6280735247324	1.0477137363444369e25	1.0800092455258404e6	11772.71850384792
90.31530442156155	2698.7295180196916	1.0535875403268798e25	1.0813011458026322e6	11772.215311425303
90.42504355208592	2688.8120234725147	1.059528181172357e25	1.0825929908942785e6	11771.712753088785
90.5347826826103	2678.8754202612736	1.0655368046101885e25	1.0838847808706046e6	11771.210833299634
90.64452181313467	2668.9195363488598	1.071614582988753e25	1.0851765158019322e6	11770.70955656573
90.75426094365905	2658.9441972611376	1.0777627156870185e25	1.086468195759079e6	11770.20892744399
90.86400007418342	2648.949226029284	1.0839824299807962e25	1.087759820813366e6	11769.708950541672
90.9737392047078	2638.934443146341	1.0902749818561067e25	1.089051391036622e6	11769.209630518604
91.08347833523217	2628.8996665231725	1.096641656733958e25	1.0903429065011872e6	11768.710972022916
91.19321746575655	2618.8447113948796	1.1030837709382806e25	1.0916343672799151e6	11768.212979682185
91.30295659628092	2608.7693903474183	1.1096026715202752e25	1.0929257734461655e6	11767.715658284988
91.41269572680531	2598.673513192048	1.1161997378816136e25	1.0942171250738308e6	11767.219012677624
91.52243485732969	2588.556886917192	1.1228763830363669e25	1.0955084222373434e6	11766.723047762447
91.63217398785406	2578.419315627281	1.129634054223667e25	1.0967996650116753e6	11766.227768499146
91.74191311837843	2568.260600523248	1.1364742337969752e25	1.098090853472344e6	11765.733179908537
91.85165224890281	2558.0805398447565	1.1433984402796765e25	1.0993819876954185e6	11765.239287074437
91.96139137942718	2547.878928766931	1.1504082298489323e25	1.1006730677575306e6	11764.746095143344
92.07113050995156	2537.655559324644	1.157505197692645e25	1.101964093735886e6	11764.253609325839
92.18086964047593	2527.410220394776	1.164690978737168e25	1.1032550657082638e6	11763.761834900939
92.29060877100031	2517.142697627164	1.1719672488230076e25	1.1045459837530232e6	11763.270777218046
92.4003479015247	2506.852773373224	1.179335726016856e25	1.1058368479491116e6	11762.780441698851
92.51008703204907	2496.540226582225	1.1867981725395206e25	1.10712765837608e6	11762.290833837991
92.61982616257345	2486.204832739475	1.1943563960076461e25	1.1084184151140898e6	11761.801959206026
92.72956529309782	2475.8463638079434	1.2020122504832184e25	1.1097091182439155e6	11761.313823452358
92.8393044236222	2465.4645881688193	1.209767637921329e25	1.1109997678469513e6	11760.826432308875
92.94904355414657	2455.0592705459303	1.2176245098711677e25	1.1122903640052252e6	11760.339791592465
93.05878268467094	2444.630171854759	1.2255848698339553e25	1.1135809068014144e6	11759.8539072044
93.16852181519532	2434.177049174687	1.2336507743946609e25	1.1148713963188487e6	11759.368785135921
93.2782609457197	2423.6996556818985	1.2418243347096653e25	1.1161618326415175e6	11758.884431472121
93.38800007624407	2413.1977405665034	1.2501077182906441e25	1.1174522158540795e6	11758.400852395023
93.49773920676846	2402.6710489161665	1.2585031513384523e25	1.1187425460418777e6	11757.91805418554
93.60747833729283	2392.1193215952994	1.2670129212599425e25	1.120032823290958e6	11757.436043225958
93.7172174678172	2381.542295183572	1.275639377974306e25	1.1213230476880702e6	11756.954826004403
93.82695659834158	2370.9397019156345	1.284384935885843e25	1.1226132193206782e6	11756.474409120932
93.93669572886596	2360.311269587351	1.2932520761032284e25	1.1239033382769725e6	11755.994799291013
94.04643485939033	2349.6567213806748	1.302243349620873e25	1.1251934046458928e6	11755.516003346762
94.1561739899147	2338.9757757785123	1.311361379773978e25	1.126483418517139e6	11755.038028241845
94.26591312043908	2328.2681465035917	1.3206088640047688e25	1.1277733799811788e6	11754.560881058336
94.37565225096346	2317.5335424169675	1.3299885764086953e25	1.1290632891292593e6	11754.084569011562
94.48539138148783	2306.771667398636	1.339503370615856e25	1.1303531460534243e6	11753.60909945485
94.59513051201222	2295.98222025312	1.349156182345881e25	1.1316429508465272e6	11753.13447988586
94.7048696425366	2285.164894154171	1.3589500398336403e25	1.1329327036023142e6	11752.660717932593
94.81460877306097	2274.31937764278	1.3688880482480177e25	1.1342224044152661e6	11752.187821408776
94.92434790358534	2263.445353196969	1.3789734145917514e25	1.135512053380819e6	11751.715798259493
95.03408703410972	2252.542497959074	1.3892094376843826e25	1.1368016505952477e6	11751.244656420156
95.14382616463409	2241.6104833117647	1.3995995159735114e25	1.1380911961557055e6	11750.774404015678
95.25356529515847	2230.648974741531	1.4101471513192349e25	1.1393806901602603e6	11750.305049458417
95.36330442568284	2219.657631751355	1.4208559523102455e25	1.1406701327079108e6	11749.836601341074
95.47304355620722	2208.636107704436	1.4317296385712441e25	1.1419595238986085e6	11749.36906844389
95.58278268673159	2197.584049689558	1.4427720450654312e25	1.1432488638332798e6	11748.902459742967
95.69252181725598	2186.501098364668	1.453987126595693e25	1.1445381526138468e6	11748.436784417385
95.80226094778035	2175.386887808325	1.4653789626330272e25	1.1458273903432505e6	11747.972051858274
95.91200007830473	2164.2410453816674	1.4769517619093787e25	1.1471165771254739e6	11747.508271677854
96.0217392088291	2153.0631915243625	1.4887098681418564e25	1.1484057130655686e6	11747.045453717212
96.13147833935348	2141.8529396406366	1.500657765139155e25	1.1496947982696798e6	11746.583608058092
96.24121746987785	2130.6098959096134	1.5128000825173434e25	1.150983832845071e6	11746.12274503229
96.35095660040223	2119.3336591232105	1.5251416016595924e25	1.1522728169001557e6	11745.662875232842
96.4606957309266	2108.0238205101678	1.5376872619819626e25	1.1535617505445224e6	11745.204009525633
96.57043486145098	2096.679963559194	1.550442167512121e25	1.1548506338889687e6	11744.746159061613
96.68017399197535	2085.3016638370136	1.56341159379673e25	1.1561394670455311e6	11744.28933528989
96.78991312249974	2073.888488796089	1.5766009951671947e25	1.157428250127519e6	11743.833549970655
96.89965225302412	2062.439997582116	1.5900160125667779e25	1.1587169832495516e6	11743.37881519005
97.00939138354849	2050.9557408420546	1.6036624816296777e25	1.160005666527593e6	11742.92514337524
97.11913051407286	2039.4352605008398	1.6175464409851869e25	1.1612943000789913e6	11742.472547309808
97.22886964459724	2027.878089599211	1.6316741410999036e25	1.1625828840225178e6	11742.021040152056
97.33860877512161	2016.28375206624	1.64605205366756e25	1.1638714184784081e6	11741.570635453094
97.44834790564599	2004.6517625103909	1.6606868814717706e25	1.1651599035684075e6	11741.121347175245
97.55808703617036	1992.9816260041298	1.6755855687801618e25	1.1664483394158164e6	11740.673189713161
97.66782616669474	1981.2728378629265	1.690755312310256e25	1.1677367261455387e6	11740.226177914998
97.77756529721911	1969.524883427124	1.7062035728015144e25	1.1690250638841342e6	11739.780327105667
97.8873044277435	1957.7372378204134	1.7219380875029832e25	1.1703133527598716e6	11739.335653110735
97.99704355826788	1945.909365717531	1.7379668831886664e25	1.171601592902787e6	11738.892172282201
98.10678268879225	1934.0407211323663	1.7542982895129177e25	1.1728897844447412e6	11738.449901527103
98.21652181931663	1922.1307471545567	1.7709409534375666e25	1.1741779275194814e6	11738.008858335688
98.326260949841	1910.1788757190718	1.7879038551986506e25	1.175466022262712e6	11737.56906081332
98.43600008036537	1898.1845274616721	1.8051963210901823e25	1.1767540688121447e6	11737.130527717163
98.54573921088975	1886.1471113064076	1.8228280459254768e25	1.1780420673075998e6	11736.693278429982
98.65547834141412	1874.0660243731531	1.8408091075294257e25	1.1793300178910438e6	11736.257332757417
98.7652174719385	1861.9406516460324	1.8591499868135965e25	1.1806179207066612e6	11735.822711474751
98.87495660246289	1849.770365769476	1.8778615881256074e25	1.1819057759009711e6	11735.389436197582
98.98469573298726	1837.5545267970529	1.896955260914568e25	1.1831935836229047e6	11734.957529377867
99.09443486351164	1825.292481960704	1.9164428228511171e25	1.184481344023908e6	11734.527014351946
99.20417399403601	1812.983565437088	1.9363365840471016e25	1.185769057258039e6	11734.097915391452
99.31391312456039	1800.6270981362022	1.9566493729103656e25	1.1870567234820728e6	11733.670257758582
99.42365225508476	1788.2223874634503	1.9773945637349954e25	1.1883443428556134e6	11733.244067763806
99.53339138560914	1775.7687271237337	1.9985861060238473e25	1.1896319155412132e6	11732.819372829013
99.64313051613351	1763.2653969262938	2.0202385557334086e25	1.1909194417044963e6	11732.396201555284
99.75286964665789	1750.71166259821	2.04236710859642e25	1.192206921514294e6	11731.974583794607
99.86260877718226	1738.1067756145185	2.0649876356476196e25	1.193494355142785e6	11731.554550727336
99.97234790770665	1725.4499730566522	2.088116721151136e25	1.1947817427656464e6	11731.136134945951
100.08208703823102	1712.7404774760064	2.111771703300194e25	1.1960690845622132e6	11730.719370544286
100.1918261687554	1699.9774968018116	2.1359707177499446e25	1.1973563807156512e6	11730.304293213982
100.30156529927977	1687.1602242754043	2.1607327436817854e25	1.1986436314131343e6	11729.890940348461
100.41130442980415	1674.2878384239036	2.1860776533714457e25	1.1999308368460385e6	11729.479351155125
100.52104356032852	1661.359503078917	2.2120262653218507e25	1.2012179972101478e6	11729.06956677622
100.6307826908529	1648.3743674182078	2.2386004012900264e25	1.2025051127058722e6	11728.661630418896
100.74052182137727	1635.331566090766	2.2658229485321496e25	1.203792183538488e6	11728.255587495727
100.85026095190165	1622.2302194592883	2.293717919787965e25	1.2050792099183619e6	11727.851485779658
100.96000008242602	1609.0694337325897	2.32231053465895e25	1.2063661920612669e6	11727.449375564225
101.06973921295041	1595.8483014004103	2.351627287763465e25	1.2076531301886344e6	11727.04930984555
101.17947834347478	1582.565901687026	2.3816960286700943e25	1.208940024527852e6	11726.651344516042
101.28921747399916	1569.221301009442	2.412546059878332e25	1.210226875312636e6	11726.25553857131
101.39895660452353	1555.8135537492722	2.444208221842201e25	1.2115136827833396e6	11725.861954341084
101.50869573504791	1542.3417030381418	2.4767149985574454e25	1.2128004471873452e6	11725.470657735485
101.61843486557228	1528.8047817109818	2.510100636113849e25	1.2140871687795026e6	11725.081718513464
101.72817399609666	1515.2018135521146	2.5444012498183433e25	1.2153738478225116e6	11724.69521052813
101.83791312662103	1501.531814664524	2.579654964288528e25	1.2166604845873995e6	11724.31121147112
101.9476522571454	1487.7937950561272	2.6159020558298625e25	1.2179470793539984e6	11723.92980410556
102.05739138766978	1473.9867605778434	2.653185093376885e25	1.2192336324114837e6	11723.55107650172
102.16713051819417	1460.1097151333663	2.691549121908543e25	1.220520144059027e6	11723.175122278855
102.27686964871855	1446.1616632801895	2.731041830898145e25	1.2218066146063798e6	11722.80204104971
102.38660877924292	1432.1416132082525	2.771713757607361e25	1.223093044374578e6	11722.431938904378
102.4963479097673	1418.0485802167316	2.8136185053615095e25	1.2243794336966937e6	11722.064928940887
102.60608704029167	1403.881590668971	2.856812970774507e25	1.2256657829186008e6	11721.701131843209
102.71582617081604	1389.6396865976847	2.9013576080128503e25	1.2269520923998689e6	11721.340676515418
102.82556530134042	1375.3219310020206	2.9473167119277797e25	1.2282383625147059e6	11720.983700776176
102.9353044318648	1360.9274138879118	2.9947587248399315e25	1.2295245936529662e6	11720.630352117787
103.04504356238917	1346.4552591296049	3.0437565666422865e25	1.2308107862212227e6	11720.280788537033
103.15478269291354	1331.9046326932532	3.094388037887349e25	1.2320969406440756e6	11719.935179453581
103.26452182343793	1317.2747514045911	3.146736192115501e25	1.2333830573653108e6	11719.59370670229
103.3742609539623	1302.56475035331	3.20088982197486e25	1.2346691368493824e6	11719.256562382927
103.48400008448668	1287.7728588547595	3.2569439478290917e25	1.2359551795815034e6	11718.923931760846
103.59373921501106	1272.896874257226	3.3150003765200216e25	1.2372411860674003e6	11718.596006842337
103.70347834553543	1257.934502905799	3.3751683190709547e25	1.2385271568347542e6	11718.272996110521
103.8132174760598	1242.8833551476403	3.437565074386363e25	1.2398130924351085e6	11717.95512632631
103.92295660658418	1227.7409393361424	3.5023167953944654e25	1.2410989934459904e6	11717.642644552823
104.03269573710855	1212.5046554211913	3.5695593369055574e25	1.2423848604732535e6	11717.33582045147
104.14243486763293	1197.1717879740404	3.639439205496373e25	1.2436706941536937e6	11717.034948893155
104.2521739981573	1181.739498500857	3.7121146347088024e25	1.2449564951580046e6	11716.74035293015
104.36191312868169	1166.2048173631295	3.7877567649429697e25	1.246242264194006e6	11716.452387198895
104.47165225920607	1150.5646346740148	3.8665510012399323e25	1.2475280020103552e6	11716.171441811499
104.58139138973044	1134.8156905579192	3.948698527820788e25	1.2488137094006557e6	11715.897946245537
104.69113052025482	1118.954564470772	4.034418023447615e25	1.2500993872079954e6	11715.632374108707
104.80086965077919	1102.9776635045382	4.1239475942661255e25	1.2513850363302047e6	11715.37525080447
104.91060878130357	1086.8812094462721	4.217546996742947e25	1.2526706577258913e6	11715.127159532574
105.02034791182794	1070.6612247706519	4.315500142987808e25	1.2539562524211803e6	11714.88874924842
105.13008704235232	1054.3135169960942	4.4181179878048605e25	1.2552418215174559e6	11714.660743983019
105.23982617287669	1037.8336615684734	4.525741820551986e25	1.256527366200172e6	11714.443953760016
105.34956530340108	1021.2169829840843	4.6387470400922914e25	1.2578128877489287e6	11714.23928742852
105.45930443392545	1004.4585335215813	4.757547557656073e25	1.2590983875492022e6	11714.04776780339
105.56904356444983	987.5530699144391	4.8826008503690684e25	1.2603838671057774e6	11713.870549609695
105.6787826949742	970.4950272689204	5.014413842905374e25	1.2616693280583492e6	11713.708940838882
105.78852182549858	953.2784898803063	5.153549771648034e25	1.2629547721996915e6	11713.564428278956
105.89826095602295	935.8971585064153	5.3006362243317215e25	1.2642402014968996e6	11713.438708184352
106.00800008654733	918.3443134549376	5.456374615765854e25	1.265525618116375e6	11713.333723304006
106.1177392170717	900.6127728535877	5.621551402517151e25	1.2668110244533464e6	11713.251707826299
106.22747834759608	882.6948459299429	5.797051291375603e25	1.2680964231665668e6	11713.19524224469
106.33721747812045	864.5822792450907	5.983873127818678e25	1.2693818172199896e6	11713.167320724735
106.44695660864484	846.2661955222242	6.18314892139517e25	1.2706672099325848e6	11713.171434356178
106.55669573916921	827.7370235458532	6.396166811429808e25	1.2719526050383719e6	11713.211674575863
106.66643486969359	808.98441767295	6.624398899861777e25	1.273238006758929e6	11713.2928604242
106.77617400021796	789.9971644035435	6.8695353156854705e25	1.2745234198919504e6	11713.42070490459
106.88591313074234	770.7630735590049	7.13352619708359e25	1.2758088499205308e6	11713.602023314561
106.99565226126671	751.2688514586408	7.41863363239593e25	1.2770943031480215e6	11713.845000066565
107.10539139179109	731.499951623867	7.7274965883439555e25	1.278379786866337e6	11714.15953534213
107.21513052231546	711.4403976176571	8.063212892292182e25	1.2796653095681742e6	11714.557699007011
107.32486965283984	691.0725718933916	8.42944355528422e25	1.2809508812166848e6	11715.054331530797
107.43460878336421	670.3769628242998	8.830546604735688e25	1.2822365135909668e6	11715.667849031679
107.5443479138886	649.3318569557892	9.27175153517789e25	1.2835222207358554e6	11716.421335921723
107.65408704441298	627.9129639265067	9.75938835706785e25	1.28480801955176e6	11717.344048999861
107.76382617493735	606.0929521855927	1.0301193451875977e26	1.2860939305814086e6	11718.473520494532
107.87356530546172	583.8408703439914	1.0906722804195772e26	1.287379979071664e6	11719.858549362549
107.9833044359861	561.1214146380814	1.1587920602617764e26	1.2886661964331104e6	11721.563536358326
108.09304356651047	537.8939906435669	1.2359914935987343e26	1.2899526222807176e6	11723.674905475082
108.20278269703485	514.111491301004	1.324215446556915e26	1.291239307347036e6	11726.31084245145
108.31252182755922	489.7186774307482	1.4260069418377986e26	1.2925263177368543e6	11729.636466112508
108.4222609580836	464.6499871201906	1.5447562626047397e26	1.2938137413060812e6	11733.888204665243
108.53200008860797	438.82650118558183	1.6850858911951166e26	1.2951016975191683e6	11739.414374827023
108.64173921913236	412.15162116256374	1.8534662316961374e26	1.2963903532238863e6	11746.74559030949
108.75147834965674	384.5047056013566	2.0592415796822228e26	1.2976799489655867e6	11756.72302096948
108.86121748018111	355.7313113389204	2.3164249925860787e26	1.2989708451135887e6	11770.746185894057
108.97095661070549	325.6274540910537	2.6470303550660577e26	1.3002636077830775e6	11791.287440689504
109.08069574122986	293.9125293730592	3.0877332334650194e26	1.301559181560951e6	11823.061657265727
109.19043487175423	260.1785411221794	3.704515418794775e26	1.3028592728458378e6	11876.020048873563
109.30017400227861	223.7827743736431	4.629243996998508e26	1.3041673232170541e6	11974.366122154845
109.40991313280298	183.576015640954	6.1692651400005444e26	1.305491518800894e6	12191.126284713378
109.51965226332736	136.96873614818784	9.244808952164032e26	1.3068576985968503e6	12848.702734688039
109.62939139385173	73.77089282272658	1.8435267841793375e27	1.3084270704111508e6	17809.88514687996